 
 
 
*LOCATION   : ............................................................
*SITE NUMBER: 10304523
*FILE NUMBER:        2
*INTERVAL   :   15 MIN
*BATTERY    :    6.9 V
*RESTARTS   :        0
*CONFIG     :        0
*CHANNEL    :  1 OF  1
 
             WED    THU    FRI    SAT    SUN    MON    TUE    7-DAY
DATE    09/11/04     05     06     07     08     09     10   AVERAGE
 
START HOUR
 
    0          -      2      0      3      1      1      2       -
    1          -      3      1      4      4      1      2       -
    2          -      1      2      0      1      0      1       -
    3          -      0      1      1      0      2      0       -
    4          -      0      0      0      0      1      2       -
    5          -      7      5      0      1     10      6       -
    6          -     15      7      2      3     27     10       -
    7          -     41     30      2      1     70     24       -
    8          -     30     20      2      2     90     35       -
    9          -     18     10      9      6     31     10       -
   10          -     16      2     14     15     16      3       -
   11          -     11      9     12     23     20      6       -
   12          -      3      6     18     25     16      4       -
   13          -      6      9      8     20     15     11       -
   14         20     11     11     14     24     27      9      17
   15         46     25     19     14     14     59     16      28
   16         70     36     20      6     16     76     34      37
   17         51     31      8      6     16     69     17      28
   18         28     14      8      7     10     26     15      15
   19         22     10      7      9      8     18     16      13
   20         21      6      7      4     10     20     16      12
   21          5      4      1      2      5     10      6       5
   22          5      2      3      1      3     10      1       4
   23          0      0      4      3      0      7      3       2
 
TOTALS
 
12HR 7-19      -    242    152    112    172    515    184       -
16HR 6-22      -    277    174    129    198    590    232       -
18HR 6-24      -    279    181    133    201    607    236       -
24HR 0-24      -    292    190    141    208    622    249       -
 
 
 
 
*LOCATION   : ............................................................
*SITE NUMBER: 10304523
*FILE NUMBER:        2
*INTERVAL   :   15 MIN
*BATTERY    :    6.9 V
*RESTARTS   :        0
*CONFIG     :        0
*CHANNEL    :  1 OF  1
 
             WED    THU    FRI    SAT    SUN    MON    TUE    7-DAY
DATE    09/11/11     12     13     14     15     16     17   AVERAGE
 
START HOUR
 
    0          0      0      1      1      0      2      1       1
    1          0      2      1      4      3      1      4       2
    2          1      0      0      0      1      2      0       1
    3          1      0      0      0      2      0      0       0
    4          2      2      0      1      2      0      0       1
    5         13      8      3      0      0      7     10       6
    6         11     14     26      5      6     28     32      17
    7         37     37     38      1      2     67     61      35
    8         27     45     41      5      3     77     60      37
    9         14     23      9      3      8     38     34      18
   10          7     13      5      4     14     19     18      11
   11         16     11     15      6     17     12     15      13
   12         12     14     13      5     16     19     15      13
   13         15     11     16     11     20      9     19      14
   14         12     14     19     10     20     25     25      18
   15         29     29     29      7     23     45     48      30
   16         33     43     33      7     11     68     88      40
   17         26     28     21      7     13     59     29      26
   18         19     22     10      4     13     27     27      17
   19         16     11     13      4     12     23     14      13
   20         12     23     12      5      4     17     26      14
   21          5      3      8      3      4      7      5       5
   22          1      3      2      4      0      4      6       3
   23          3      6      3      1      2      1      1       2
 
TOTALS
 
12HR 7-19    247    290    249     70    160    465    439     274
16HR 6-22    291    341    308     87    186    540    516     324
18HR 6-24    295    350    313     92    188    545    523     329
24HR 0-24    312    362    318     98    196    557    538     340
 
 
 
 
*LOCATION   : ............................................................
*SITE NUMBER: 10304523
*FILE NUMBER:        2
*INTERVAL   :   15 MIN
*BATTERY    :    6.9 V
*RESTARTS   :        0
*CONFIG     :        0
*CHANNEL    :  1 OF  1
 
             WED    THU    FRI    SAT    SUN    MON    TUE    7-DAY
DATE    09/11/18     19     20     21     22     23     24   AVERAGE
 
START HOUR
 
    0          0      1      4      0      1      2      0       1
    1          2      1      0      1      1      3      1       1
    2          0      0      0      3      2      1      2       1
    3          0      3      2      0      2      0      0       1
    4          0      0      1      1      1      1      0       1
    5          5      5      7      2      1      6      7       5
    6         16     16     19      5      6     22     19      15
    7         49     51     36      3      4     71     53      38
    8         47     42     46      5      3     53     52      35
    9         26     32      8      6      5     21     19      17
   10          9     17      6     14     23     25     13      15
   11         12     25      7     20     30     15      7      17
   12         17     17     12     19     29     20     13      18
   13         19     21      6     11     34     17     12      17
   14         16     28     22     11     32     13     14      19
   15         21     30     25     20     24     45     41      29
   16         49     61     31     16     16     58     52      40
   17         42     36     22     12     16     46     34      30
   18         23     30     17     13     13     37     31      23
   19         13     11      7     12     14     28     13      14
   20         18     16     10      1     13     29     19      15
   21          7     11      3      6      3      7      9       7
   22          5      4      6      6      1      4      3       4
   23          0      1      2      0      1      1      3       1
 
TOTALS
 
12HR 7-19    330    390    238    150    229    421    341     300
16HR 6-22    384    444    277    174    265    507    401     350
18HR 6-24    389    449    285    180    267    512    407     356
24HR 0-24    396    459    299    187    275    525    417     365
 
 
 
 
*LOCATION   : ............................................................
*SITE NUMBER: 10304523
*FILE NUMBER:        2
*INTERVAL   :   15 MIN
*BATTERY    :    6.9 V
*RESTARTS   :        0
*CONFIG     :        0
*CHANNEL    :  1 OF  1
 
             WED    THU    FRI    SAT    SUN    MON    TUE    7-DAY
DATE    09/11/25     26     27     28     29     30     01   AVERAGE
 
START HOUR
 
    0          1      1      3      2      3      3      -       -
    1          0      0      3      1      0      1      -       -
    2          0      0      0      1      1      0      -       -
    3          1      0      0      0      2      1      -       -
    4          0      0      0      2      0      1      -       -
    5          8      5      6      1      3      7      -       -
    6         25     21     17      5      4     27      -       -
    7         53     52     35      3      2     54      -       -
    8         54     53     42      4      4     61      -       -
    9         25     27     21     10      2     32      -       -
   10         17     16     10      4     11     13      -       -
   11         17     19     19     14     15     26      -       -
   12         15     20     17      8     17     18      -       -
   13         19     14     15      9     22      8      -       -
   14         19     14     24     23     14      -      -       -
   15         33     34     29     16     13      -      -       -
   16         78     50     40     13     15      -      -       -
   17         38     50     29      8     11      -      -       -
   18         35     28     15      3      5      -      -       -
   19         15     21      5      9     13      -      -       -
   20         20     27      4      7     10      -      -       -
   21          7     12      7      4      7      -      -       -
   22          2      4      6      6      4      -      -       -
   23          2      2      2      0      0      -      -       -
 
TOTALS
 
12HR 7-19    403    377    296    115    131      -      -       -
16HR 6-22    470    458    329    140    165      -      -       -
18HR 6-24    474    464    337    146    169      -      -       -
24HR 0-24    484    470    349    153    178      -      -       -
 
