 
 
 
*LOCATION   : ............................................................
*SITE NUMBER: 11504502
*FILE NUMBER:        1
*INTERVAL   :   15 MIN
*BATTERY    :    6.4 V
*RESTARTS   :        0
*CONFIG     :        0
*CHANNEL    :  1 OF  1
 
             MON    TUE    WED    THU    FRI    SAT    SUN    7-DAY
DATE    09/11/02     03     04     05     06     07     08   AVERAGE
 
START HOUR
 
    0          -      3      3      4      5      4      4       -
    1          -      3      0      1      1      3      6       -
    2          -      0      2      0      1      6      7       -
    3          -      2      1      2      1      0      2       -
    4          -      3      0      3      0      4      6       -
    5          -      4      4      4      2      1      0       -
    6          -     21     23     17     12      3      1       -
    7          -     72     73     34     19      8      2       -
    8          -    131    115     71     58      8     11       -
    9          -     81     74     49     28     13      7       -
   10          -     53     42     26     15     14     19       -
   11         48     44     36     30     15     23     19      31
   12         43     48     44     12     14     23     25      30
   13         47     48     40     32     13     23     21      32
   14         64     70     31     18     22     23     27      36
   15         89     73     74     25     31     21     20      48
   16        118    125    111     32     45     21     11      66
   17        123    113     99     35     41     21     20      65
   18         66     73     67     34     24     14     22      43
   19         43     53     45     20     16      9     11      28
   20         35     29     29      5      7     11     13      18
   21         18     21     19      9      6      7      7      12
   22         10     12     17      8      7      7      3       9
   23          8      9      3      8      3      8      6       6
 
TOTALS
 
12HR 7-19      -    931    806    398    325    212    204       -
16HR 6-22      -   1055    922    449    366    242    236       -
18HR 6-24      -   1076    942    465    376    257    245       -
24HR 0-24      -   1091    952    479    386    275    270       -
 
 
 
 
*LOCATION   : ............................................................
*SITE NUMBER: 11504502
*FILE NUMBER:        1
*INTERVAL   :   15 MIN
*BATTERY    :    6.4 V
*RESTARTS   :        0
*CONFIG     :        0
*CHANNEL    :  1 OF  1
 
             MON    TUE    WED    THU    FRI    SAT    SUN    7-DAY
DATE    09/11/09     10     11     12     13     14     15   AVERAGE
 
START HOUR
 
    0          4      3      1      5      6      8      7       5
    1          0      1      3      1      5      4      7       3
    2          0      1      1      2      2      3      3       2
    3          1      3      0      1      1      1      0       1
    4          0      2      1      1      0      2      4       1
    5          6      4      5      4      4      1      0       3
    6         21     16     15     18     24      2      3      14
    7         69     27     40     46     36      5      2      32
    8        106     54     98     81     73     10      5      61
    9         85     29     56     48     42     12      9      40
   10         34     21     30     30     31     17      9      25
   11         39     16     39     37     29     17     14      27
   12         34     20     40     35     37     28     17      30
   13         37     27     25     32     35     12     26      28
   14         47     22     37     29     44     30     23      33
   15         66     37     56     58     53     16     26      45
   16        107     66     71     69     76     23     23      62
   17        109     50     72     66     46     21     14      54
   18         55     41     45     50     35     15     30      39
   19         47     20     36     32     27     10     11      26
   20         28     18     19     11     18     11      8      16
   21         12     12     10     14     11     14     12      12
   22         10      7     16      8     13     12      9      11
   23          7      1      7     11      6      9      2       6
 
TOTALS
 
12HR 7-19    788    410    609    581    537    206    198     476
16HR 6-22    896    476    689    656    617    243    232     544
18HR 6-24    913    484    712    675    636    264    243     561
24HR 0-24    924    498    723    689    654    283    264     576
 
 
 
 
*LOCATION   : ............................................................
*SITE NUMBER: 11504502
*FILE NUMBER:        1
*INTERVAL   :   15 MIN
*BATTERY    :    6.4 V
*RESTARTS   :        0
*CONFIG     :        0
*CHANNEL    :  1 OF  1
 
             MON    TUE    WED    THU    FRI    SAT    SUN    7-DAY
DATE    09/11/16     17     18     19     20     21     22   AVERAGE
 
START HOUR
 
    0          3      2      3      3      7      2     12       5
    1          1      1      3      1      3      3      6       3
    2          1      1      1      1      1      2      6       2
    3          1      2      2      1      1      2      6       2
    4          0      1      0      1      2      1      3       1
    5          4      6      3      6      3      3      0       4
    6         26     20     17     20     21      2      6      16
    7         54     47     45     40     53     11      4      36
    8         90    103     69     96     73      6      5      63
    9         42     60     56     56     39     18      8      40
   10         30     48     24     33     25     25     15      29
   11         35     49     25     28     19     41     21      31
   12         22     45     29     31     25     31     30      30
   13         29     34     33     38     22     20     45      32
   14         34     35     34     43     27     23     42      34
   15         73     70     61     81     49     19     27      54
   16         84    102     75     84     56     33     27      66
   17         92     92     69     69     48     24     20      59
   18         48     68     48     64     33     23     18      43
   19         39     32     40     36     20     15     14      28
   20         26     25     15     23     14      7      9      17
   21         22     19      9     12     12      4      8      12
   22         11     10      9     11      7     11      6       9
   23          5     11      7     11      3      6      6       7
 
TOTALS
 
12HR 7-19    633    753    568    663    469    274    262     517
16HR 6-22    746    849    649    754    536    302    299     591
18HR 6-24    762    870    665    776    546    319    311     607
24HR 0-24    772    883    677    789    563    332    344     623
 
 
 
 
*LOCATION   : ............................................................
*SITE NUMBER: 11504502
*FILE NUMBER:        1
*INTERVAL   :   15 MIN
*BATTERY    :    6.4 V
*RESTARTS   :        0
*CONFIG     :        0
*CHANNEL    :  1 OF  1
 
             MON    TUE    WED    THU    FRI    SAT    SUN    7-DAY
DATE    09/11/23     24     25     26     27     28     29   AVERAGE
 
START HOUR
 
    0          4      7      1      6      4      7      3       5
    1          0      2      3      2      2      4      6       3
    2          0      0      0      0      2      4      2       1
    3          3      1      3      2      2      1      2       2
    4          0      1      1      1      2      1      2       1
    5          4      5      7      3      5      4      0       4
    6         18     14     21     23     19      5      0      14
    7         62     51     56     43     37      3      1      36
    8         86     78     98     84     44     10      3      58
    9         64     65     71     47     50     19      6      46
   10         48     27     43     37     32     22     12      32
   11         35     41     43     52     34     28     21      36
   12         39     35     30     30     32     22     18      29
   13         33     33     39     46     29     29     30      34
   14         53     28     37     41     37     38     20      36
   15         59     66     69     66     54     41     17      53
   16         98     82     98     72     61     27     31      67
   17         97     69     84     76     47     16     23      59
   18         63     53     48     61     24     13     24      41
   19         46     35     42     39     23      6     17      30
   20         24     24     25     24     10      9     15      19
   21         14     16     15     23      9      8      8      13
   22          9      7     12     10      4      8      7       8
   23          8      6     12      9      7      7      5       8
 
TOTALS
 
12HR 7-19    737    628    716    655    481    268    206     527
16HR 6-22    839    717    819    764    542    296    246     603
18HR 6-24    856    730    843    783    553    311    258     619
24HR 0-24    867    746    858    797    570    332    273     635
 
 
 
 
*LOCATION   : ............................................................
*SITE NUMBER: 11504502
*FILE NUMBER:        1
*INTERVAL   :   15 MIN
*BATTERY    :    6.4 V
*RESTARTS   :        0
*CONFIG     :        0
*CHANNEL    :  1 OF  1
 
             MON    TUE    WED    THU    FRI    SAT    SUN    7-DAY
DATE    09/11/30     01     02     03     04     05     06   AVERAGE
 
START HOUR
 
    0          5      -      -      -      -      -      -       -
    1          1      -      -      -      -      -      -       -
    2          0      -      -      -      -      -      -       -
    3          2      -      -      -      -      -      -       -
    4          2      -      -      -      -      -      -       -
    5          4      -      -      -      -      -      -       -
    6         22      -      -      -      -      -      -       -
    7         48      -      -      -      -      -      -       -
    8         97      -      -      -      -      -      -       -
    9          -      -      -      -      -      -      -       -
   10          -      -      -      -      -      -      -       -
   11          -      -      -      -      -      -      -       -
   12          -      -      -      -      -      -      -       -
   13          -      -      -      -      -      -      -       -
   14          -      -      -      -      -      -      -       -
   15          -      -      -      -      -      -      -       -
   16          -      -      -      -      -      -      -       -
   17          -      -      -      -      -      -      -       -
   18          -      -      -      -      -      -      -       -
   19          -      -      -      -      -      -      -       -
   20          -      -      -      -      -      -      -       -
   21          -      -      -      -      -      -      -       -
   22          