 
 
 
*LOCATION   : ............................................................
*SITE NUMBER: 11604501
*FILE NUMBER:        4
*INTERVAL   :   15 MIN
*BATTERY    :    6.4 V
*RESTARTS   :        0
*CONFIG     :        0
*CHANNEL    :  1 OF  1
 
             TUE    WED    THU    FRI    SAT    SUN    MON    7-DAY
DATE    09/11/03     04     05     06     07     08     09   AVERAGE
 
START HOUR
 
    0          -      2      2      3      0      2      1       -
    1          -      0      3      0      1      1      0       -
    2          -      2      3      3      0      1      1       -
    3          -      2      0      2      1      1      2       -
    4          -      1      0      1      2      0      0       -
    5          -     10      8      6      2      1     12       -
    6          -     25     19      9      2     10     18       -
    7          -     43     29     21      5      1     35       -
    8          -     36     25     23     13      2     42       -
    9          -     33     19     17     16      1     24       -
   10          -     26     14     32     19      1     35       -
   11          -     47     19     28     34     11     41       -
   12          -     53     10     22     34     21     29       -
   13          -     47     10     24     48     27     55       -
   14          -     60     42     31     54     21     53       -
   15         85     93     51     47     42     21     64      58
   16         69     56     26     33     48     18     54      43
   17         60     29     20     14     21     14     40      28
   18         33     38     19     11      7     11     49      24
   19         39     39     14     11      2      7     19      19
   20         19     27     10      8      3      4     14      12
   21         13     14      4      8      4      3     13       8
   22          5      4      3      2      2      1      2       3
   23          3      1      0      0      0      7      0       2
 
TOTALS
 
12HR 7-19      -    561    284    303    341    149    521       -
16HR 6-22      -    666    331    339    352    173    585       -
18HR 6-24      -    671    334    341    354    181    587       -
24HR 0-24      -    688    350    356    360    187    603       -
 
 
 
 
*LOCATION   : ............................................................
*SITE NUMBER: 11604501
*FILE NUMBER:        4
*INTERVAL   :   15 MIN
*BATTERY    :    6.4 V
*RESTARTS   :        0
*CONFIG     :        0
*CHANNEL    :  1 OF  1
 
             TUE    WED    THU    FRI    SAT    SUN    MON    7-DAY
DATE    09/11/10     11     12     13     14     15     16   AVERAGE
 
START HOUR
 
    0          1      1      0      0      2      0      0       1
    1          2      0      1      1      4      3      0       2
    2          1      1      2      4      2      1      1       2
    3          1      1      1      1      0      1      0       1
    4          0      0      1      3      0      1      1       1
    5         10     10     12      9      3      0     13       8
    6         12     15     14     12      2      1     16      10
    7         19     22     23     16      2      1     38      17
    8         15     19     21     30      7      4     42      20
    9         19     15     26     19     16      4     32      19
   10         11     27     19     25     26      5     26      20
   11         10     36     27     22     18     12     41      24
   12          9     39     30     28     19     34     32      27
   13         15     23     19     48     20     32     40      28
   14         34     35     29     35     38     29     46      35
   15         27     47     50     57     28     38     56      43
   16         34     35     34     44     24     26     62      37
   17         13     27     21     32     21     36     39      27
   18         17     30     23     16      4     25     31      21
   19         16     22     14     17      5     11     18      15
   20         16     10     11      5      3      5     23      10
   21          5      5      7      7      3      5      7       6
   22          2      4      2      4      5      2      4       3
   23          0      1      1      2      1      6      2       2
 
TOTALS
 
12HR 7-19    223    355    322    372    223    246    485     318
16HR 6-22    272    407    368    413    236    268    549     359
18HR 6-24    274    412    371    419    242    276    555     364
24HR 0-24    289    425    388    437    253    282    570     378
 
 
 
 
*LOCATION   : ............................................................
*SITE NUMBER: 11604501
*FILE NUMBER:        4
*INTERVAL   :   15 MIN
*BATTERY    :    6.4 V
*RESTARTS   :        0
*CONFIG     :        0
*CHANNEL    :  1 OF  1
 
             TUE    WED    THU    FRI    SAT    SUN    MON    7-DAY
DATE    09/11/17     18     19     20     21     22     23   AVERAGE
 
START HOUR
 
    0          1      1      1      1      3      0      0       1
    1          0      0      1      1      3      2      0       1
    2          0      1      2      4      1      2      1       2
    3          1      0      0      2      1      1      0       1
    4          0      1      4      2      1      2      2       2
    5         13     10      8     12      5      2     10       9
    6         22     13     20     15      2      4     16      13
    7         36     29     31     34      8      4     37      26
    8         30     28     36     28     12      4     39      25
    9         26     24     24     19     21      5     37      22
   10         19     21     46     27     42     13     40      30
   11         36     30     46     19     36     23     39      33
   12         26     37     47     31     39     42     24      35
   13         44     40     38     26     23     36     39      35
   14         34     23     50     18     30     36     36      32
   15         54     39     54     34     39     34     43      42
   16         60     53     55     33     38     31     57      47
   17         36     35     38     16     27     28     46      32
   18         30     25     43     11     13     20     40      26
   19         22     20     24     15      3     18     35      20
   20         11     20     16     13      3     10     29      15
   21          4      8      8      7      2      3      7       6
   22          9      3      5      4      2      3      1       4
   23          0      1      1      1      3      3      4       2
 
TOTALS
 
12HR 7-19    431    384    508    296    328    276    477     386
16HR 6-22    490    445    576    346    338    311    564     439
18HR 6-24    499    449    582    351    343    317    569     444
24HR 0-24    514    462    598    373    357    326    582     459
 
 
 
 
*LOCATION   : ............................................................
*SITE NUMBER: 11604501
*FILE NUMBER:        4
*INTERVAL   :   15 MIN
*BATTERY    :    6.4 V
*RESTARTS   :        0
*CONFIG     :        0
*CHANNEL    :  1 OF  1
 
             TUE    WED    THU    FRI    SAT    SUN    MON    7-DAY
DATE    09/11/24     25     26     27     28     29     30   AVERAGE
 
START HOUR
 
    0          0      3      1      0      1      1      0       1
    1          3      1      1      1      1      0      0       1
    2          2      0      0      1      1      3      2       1
    3          1      1      2      1      1      2      2       1
    4          3      2      0      0      5      1      1       2
    5         12     12     11      9      2      2     10       8
    6         19     24     16     16      4      3     20      15
    7         28     33     35     33      4      2     38      25
    8         31     43     36     27     13      4     34      27
    9         14     27     48     21     14      3     30      22
   10         26     25     31     40     31      4     38      28
   11         18     37     33     34     36      7     31      28
   12         25     34     39     39     29     32     31      33
   13         29     46     40     51     49     23     37      39
   14         44     40     51     45     38     36     45      43
   15         46     61     53     42     54     34      -       -
   16         47     67     40     36     41     28      -       -
   17         52     41     35     32     21     23      -       -
   18         38     29     36     20     12     23      -       -
   19         26     18     25     11      5     13      -       -
   20         14     18     16      8      4     11      -       -
   21          5      8     10      4      9      7      -       -
   22          6      6      2      3      6      2      -       -
   23          0      0      1      2      1      3      -       -
 
TOTALS
 
12HR 7-19    398    483    477    420    342    219      -       -
16HR 6-22    462    551    544    459    364    253      -       -
18HR 6-24    468    557    547    464    371    258      -       -
24HR 0-24    489    576    562    476    382    267      -       -
 
