 
 
 
*LOCATION   : ............................................................
*SITE NUMBER: 10700906
*FILE NUMBER:        2
*INTERVAL   :   15 MIN
*BATTERY    :    6.4 V
*RESTARTS   :        0
*CONFIG     :        0
*CHANNEL    :  1 OF  1
 
             FRI    SAT    SUN    MON    TUE    WED    THU    7-DAY
DATE    07/03/02     03     04     05     06     07     08   AVERAGE
 
START HOUR
 
    0          -      2      0      1      0      0      0       -
    1          -      2      0      2      1      0      0       -
    2          -      1      0      0      0      1      2       -
    3          -      1      0      0      1      0      0       -
    4          -      0      0      5      0      0      0       -
    5          -      0      1      3      0      0      0       -
    6          -      1      3     15     13     12      9       -
    7          -      1      4     25     30     27     19       -
    8          -      6      1     34     28     31     29       -
    9          -      4      2     22     17     15     18       -
   10          -      3      8     11     20      8     15       -
   11          -      7      4     11     14      9     16       -
   12          -      2      5     17     15     12     16       -
   13          7      3      5     15     17     16     15      11
   14         12      8     10     18     16     16     24      15
   15         23     13     12     28     31     23     27      22
   16         19     10     14     28     20     30     24      21
   17         22      5     13     36     28     29     29      23
   18         13      9      4     16     21     19     19      14
   19          5      4      3     12     13     12     10       8
   20          5      3      4     12     11      3     10       7
   21          5      0      2      8      4      5      6       4
   22          4      2      1      1      4      0      4       2
   23          2      2      2      0      0      1      0       1
 
TOTALS
 
12HR 7-19      -     71     82    261    257    235    251       -
16HR 6-22      -     79     94    308    298    267    286       -
18HR 6-24      -     83     97    309    302    268    290       -
24HR 0-24      -     89     98    320    304    269    292       -
 
 
 
 
*LOCATION   : ............................................................
*SITE NUMBER: 10700906
*FILE NUMBER:        2
*INTERVAL   :   15 MIN
*BATTERY    :    6.4 V
*RESTARTS   :        0
*CONFIG     :        0
*CHANNEL    :  1 OF  1
 
             FRI    SAT    SUN    MON    TUE    WED    THU    7-DAY
DATE    07/03/09     10     11     12     13     14     15   AVERAGE
 
START HOUR
 
    0          0      1      1      3      0      1      4       1
    1          0      0      0      0      1      2      1       1
    2          3      0      0      0      1      1      1       1
    3          0      2      0      0      0      1      0       0
    4          1      0      0      0      0      1      1       0
    5          0      2      0      3      5      3      3       2
    6          7      1      1     15     16     16     19      11
    7         26      4      5     34     52     39     46      29
    8         31      5      1     56     61     58     52      38
    9         25      6      3     24     29     28     41      22
   10         14     12      6     20     26     25     33      19
   11         12     12     15     20     19     14     29      17
   12         15     14     16      6     30     26     22      18
   13         17      8     28     25     25     29     24      22
   14         20     15     22     19     24     53     41      28
   15         30     13     23     37     58     62     57      40
   16         38     12     15     56     65     69     63      45
   17         30      7     15     47     71     69     42      40
   18         11      7     11     22     48     44     49      27
   19         11      3      7     13     16     40     24      16
   20          7      4      6     14     13     10     14      10
   21          6      2      5     10      9     11     12       8
   22          5      2      4      5      6      4      6       5
   23          1      2      2      0      3      3      2       2
 
TOTALS
 
12HR 7-19    269    115    160    366    508    516    499     348
16HR 6-22    300    125    179    418    562    593    568     392
18HR 6-24    306    129    185    423    571    600    576     399
24HR 0-24    310    134    186    429    578    609    586     405
 
 
 
 
*LOCATION   : ............................................................
*SITE NUMBER: 10700906
*FILE NUMBER:        2
*INTERVAL   :   15 MIN
*BATTERY    :    6.4 V
*RESTARTS   :        0
*CONFIG     :        0
*CHANNEL    :  1 OF  1
 
             FRI    SAT    SUN    MON    TUE    WED    THU    7-DAY
DATE    07/03/16     17     18     19     20     21     22   AVERAGE
 
START HOUR
 
    0          1      1      1      0      2      1      1       1
    1          0      1      0      0      1      0      0       0
    2          1      2      1      0      1      1      0       1
    3          0      0      0      2      0      1      1       1
    4          1      3      0      0      1      0      1       1
    5          3      0      0      1      3      3      1       2
    6         16      2      2      5     19     19     14      11
    7         33      4      6     25     47     46     54      31
    8         61      8      6     37     49     61     66      41
    9         31      8      9     20     42     39     35      26
   10         23      7     15      8     27     26     47      22
   11         21     10     23     10     21     29     31      21
   12         18     19     31     10     27     23     26      22
   13         25     13     46      9     24     25     27      24
   14         31     13     25      9     28     29     37      25
   15         65      8     28     24     47     35     60      38
   16         61     13     17     24     75     69     67      47
   17         45      9      9     41     59     54     76      42
   18         34     10      3     13     45     31     43      26
   19         16      7      6     10     20     19     26      15
   20          8      4      6      9     24     16     17      12
   21          4      3      2     12     13     12      9       8
   22         12      2      1      1      9      5     11       6
   23          1      1      1      0      1      5      5       2
 
TOTALS
 
12HR 7-19    448    122    218    230    491    467    569     364
16HR 6-22    492    138    234    266    567    533    635     409
18HR 6-24    505    141    236    267    577    543    651     417
24HR 0-24    511    148    238    270    585    549    655     422
 
 
 
 
*LOCATION   : ............................................................
*SITE NUMBER: 10700906
*FILE NUMBER:        2
*INTERVAL   :   15 MIN
*BATTERY    :    6.4 V
*RESTARTS   :        0
*CONFIG     :        0
*CHANNEL    :  1 OF  1
 
             FRI    SAT    SUN    MON    TUE    WED    THU    7-DAY
DATE    07/03/23     24     25     26     27     28     29   AVERAGE
 
START HOUR
 
    0          1      3      4      1      1      1      0       2
    1          2      5      1      0      1      1      3       2
    2          0      3      1      0      1      0      1       1
    3          1      1      4      1      1      2      0       1
    4          0      1      2      7      3      5      7       4
    5          2      2      3     15     24     21     29      14
    6         12      4      6     73     84     79     73      47
    7         54      1      4    109    120    136    138      80
    8         68     14     10     59     78     87     78      56
    9         47     23     14     49     63     51     74      46
   10         30     18     39     40     42     55     42      38
   11         25     29     52     61     42     61     62      47
   12         36     40     78     49     63     44     65      54
   13         29     60     63     41     63     54     74      55
   14         40     59     69     78    114    104    102      81
   15         55     55     68    135    143    123    133     102
   16         69     58     63    137    124    116    143     101
   17         47     40     48     67     99     83     88      67
   18         28     35     37     59     62     67     69      51
   19         23     14     25     41     40     50     43      34
   20         11     12      4     19     29     27     15      17
   21          9     13      8      7      7     12     13      10
   22          8      3      3      3      5      8     10       6
   23          3      4      0      2     10      4      1       3
 
TOTALS
 
12HR 7-19    528    432    545    884   1013    981   1068     779
16HR 6-22    583    475    588   1024   1173   1149   1212     886
18HR 6-24    594    482    591   1029   1188   1161   1223     895
24HR 0-24    600    497    606   1053   1219   1191   1263     918
 
 
 
 
*LOCATION   : ............................................................
*SITE NUMBER: 10700906
*FILE NUMBER:        2
*INTERVAL   :   15 MIN
*BATTERY    :    6.4 V
*RESTARTS   :        0
*CONFIG     :        0
*CHANNEL    :  1 OF  1
 
             FRI    SAT    SUN    MON    TUE    WED    THU    7-DAY
DATE    07/03/30     31     01     02     03     04     05   AVERAGE
 
START HOUR
 
    0          2      2      3      5      -      -      -       -
    1          1      3      6      0      -      -      -       -
    2          4      6      7      1      -      -      -       -
    3          1      2      1      0      -      -      -       -
    4          1      4      5      6      -      -      -       -
    5         24      2      4     39      -      -      -       -
    6         77      9      8      -      -      -      -       -
    7         99     15      6      -      -      -      -       -
    8         69     27     17      -      -      -      -       -
    9         54     44     23      -      -      -      -       -
   10         34     38     33      -      -      -      -       -
   11         61     56     46      -      -      -      -       -
   12         53     62     79      -      -      -      -       -
   13         70     65     77      -      -      -      -       -
   14        101     68     83      -      -      -      -       -
   15        129     53     69      -      -      -      -       -
   16        114     57     57      -      -      -      -       -
   17         70     65     41      -      -      -      -       -
   18         40     26     27      -      -      -      -       -
   19         25     20     17      -      -      -      -       -
   20         20     13     14      -      -      -      -       -
   21         12     11      8      -      -      -      -       -
   22          8      2      2      -      -      -      -       -
   23          2      4      5      -      -      -      -       -
 
TOTALS
 
12HR 7-19    894    576    558      -      -      -      -       -
16HR 6-22   1028    629    605      -      -      -      -       -
18HR 6-24   1038    635    612      -      -      -      -       -
24HR 0-24   1071    654    638      -      -      -      -       -
 
