 
 
 
*LOCATION   : ............................................................
*SITE NUMBER: 11502218
*FILE NUMBER:        1
*INTERVAL   :   15 MIN
*BATTERY    :    6.4 V
*RESTARTS   :        0
*CONFIG     :        0
*CHANNEL    :  1 OF  1
 
             FRI    SAT    SUN    MON    TUE    WED    THU    7-DAY
DATE    05/06/03     04     05     06     07     08     09   AVERAGE
 
START HOUR
 
    0          -     22      1      5     10      7     16       -
    1          -      7      7      2      4      4     13       -
    2          -      8      2      1      0      5      7       -
    3          -     12      5      2      0      2      7       -
    4          -      4      4      1      3      5      6       -
    5          -      3      5      7     14     14     14       -
    6          -      2      5     35     52     62     64       -
    7          -      8      5    106    156    144    135       -
    8          -     16      8    182    241    232    241       -
    9          -     35     25    111    149    173    161       -
   10        126     49     24     81    100    101    107      84
   11        119     43     30     68    115    101    126      86
   12        110     51     82     73    105    108    129      94
   13        109     67     77     83     98    118    112      95
   14        127     67     68     84    119    109    133     101
   15        189     64     62    119    185    194    191     143
   16        231     45     54    187    288    290   1217     330
   17        151     20     52    176    230    218    727     225
   18        121     14     59    153    166    176    183     125
   19         77      5     24    100    135    142    146      90
   20         63      7     32     62     77    112     88      63
   21         49      8     11     44     52     71     79      45
   22         34      5      9     35     37     37     49      29
   23         23      9      8     14     27     27     34      20
 
TOTALS
 
12HR 7-19      -    479    546   1423   1952   1964   3462       -
16HR 6-22      -    501    618   1664   2268   2351   3839       -
18HR 6-24      -    515    635   1713   2332   2415   3922       -
24HR 0-24      -    571    659   1731   2363   2452   3985       -
 
 
 
 
*LOCATION   : ............................................................
*SITE NUMBER: 11502218
*FILE NUMBER:        1
*INTERVAL   :   15 MIN
*BATTERY    :    6.4 V
*RESTARTS   :        0
*CONFIG     :        0
*CHANNEL    :  1 OF  1
 
             FRI    SAT    SUN    MON    TUE    WED    THU    7-DAY
DATE    05/06/10     11     12     13     14     15     16   AVERAGE
 
START HOUR
 
    0         28     21     23      8     10     17     21      18
    1         15     27      5      4      8      7     15      12
    2          5     12      8      2      1      1     13       6
    3          2     13      6      1      2      2     10       5
    4          1      8      3      3      1      6      5       4
    5         14      3      3      5      9     18     18      10
    6         54      8     10     26     59     64     46      38
    7        123     15     10     88    136    154    148      96
    8        220     31     12    168    255    246    231     166
    9        154     52     20     97    161    166    149     114
   10        101     79     38     65     89    113     94      83
   11        112     99     53     50     90   4377     98     697
   12        126    135     69     73    111   2553     99     452
   13        142    142     92     65    112    122    130     115
   14        139    133    122     83    120    416    131     163
   15        216    149    100    119    168   1010    201     280
   16        242    100     98    190    271    311   2785     571
   17        180     95     93    197    236   1114   1016     419
   18        120     54     97    145    178    686    184     209
   19         93     48    117     89    127    139    137     107
   20         81     21     55     79    108     91     93      75
   21         51     28     43     60     63     75     87      58
   22         47     13     30     32     33     68     53      39
   23         36     26     20     13     26     36     42      28
 
TOTALS
 
12HR 7-19   1875   1084    804   1340   1927  11268   5266    3366
16HR 6-22   2154   1189   1029   1594   2284  11637   5629    3645
18HR 6-24   2237   1228   1079   1639   2343  11741   5724    3713
24HR 0-24   2302   1312   1127   1662   2374  11792   5806    3768
 
 
 
 
*LOCATION   : ............................................................
*SITE NUMBER: 11502218
*FILE NUMBER:        1
*INTERVAL   :   15 MIN
*BATTERY    :    6.4 V
*RESTARTS   :        0
*CONFIG     :        0
*CHANNEL    :  1 OF  1
 
             FRI    SAT    SUN    MON    TUE    WED    THU    7-DAY
DATE    05/06/17     18     19     20     21     22     23   AVERAGE
 
START HOUR
 
    0         19     18     37     10     17     25     14      20
    1         16     21     26      5      7     16     13      15
    2          7     12     15      5      5      8     10       9
    3          3     16     17      4      4      1     13       8
    4          8      5      8      2      2      2      7       5
    5         17     10      7     10      9     11      9      10
    6         51      6     12     71     71     69     57      48
    7        124     29     15    150    159    155    124     108
    8        235     23     11    270    271    238    239     184
    9        165     40     50    171    162    164    121     125
   10         87    400     72    116   1538    105   1464     540
   11        117     98     73   2037    114    117     89     378
   12        131   2328     99    834   1969    108    127     799
   13        142    430    133    131    120    117   3318     627
   14        158     80    113    126    148    141   3085     550
   15        229    234    113    202   2441    184   1427     690
   16        609     72    104    363    429    268   2384     604
   17        411     83     93    646    344    214    185     282
   18        132    151     94    184    547    160   1406     382
   19        104    635     87    145    149    109     75     186
   20         67     53     68    104    116     91     52      79
   21         55     38     47     68     90     81     54      62
   22         49     38     26     42     41     55     26      40
   23         27     26     12     20     36     30     24      25
 
TOTALS
 
12HR 7-19   2540   3968    970   5230   8242   1971  13969    5270
16HR 6-22   2817   4700   1184   5618   8668   2321  14207    5645
18HR 6-24   2893   4764   1222   5680   8745   2406  14257    5710
24HR 0-24   2963   4846   1332   5716   8789   2469  14323    5777
 
 
 
 
*LOCATION   : ............................................................
*SITE NUMBER: 11502218
*FILE NUMBER:        1
*INTERVAL   :   15 MIN
*BATTERY    :    6.4 V
*RESTARTS   :        0
*CONFIG     :        0
*CHANNEL    :  1 OF  1
 
             FRI    SAT    SUN    MON    TUE    WED    THU    7-DAY
DATE    05/06/24     25     26     27     28     29     30   AVERAGE
 
START HOUR
 
    0         18     14     13      6     10     11      -       -
    1         12      9      2      6      4      5      -       -
    2         12      8      4      4      3      0      -       -
    3          8      8      4      2      1      0      -       -
    4          7      3      2      3      0      1      -       -
    5          8      2      1      8      8      9      -       -
    6          4      8      8     48     55     48      -       -
    7          9     10      2    110    102     88      -       -
    8         24      1     11    223    196    160      -       -
    9         35     20     18    126    132     91      -       -
   10         46     34     34     95    106     30      -       -
   11         59     31     44    112     73      -      -       -
   12         65     33     57    111     59      -      -       -
   13         77     54     49     98     67      -      -       -
   14         56     45     56    106     77      -      -       -
   15        582     29     36    159    112      -      -       -
   16       2575     22     47    241    236      -      -       -
   17       4810     12     34    194    138      -      -       -
   18        936      9     47    158    116      -      -       -
   19         30      8     44     92     86      -      -       -
   20         33     19     29     78     61      -      -       -
   21         35     16     33     36     35      -      -       -
   22         24     13     18     21     21      -      -       -
   23         26      7     15     14     14      -      -       -
 
TOTALS
 
12HR 7-19   9274    300    435   1733   1414      -      -       -
16HR 6-22   9376    351    549   1987   1651      -      -       -
18HR 6-24   9426    371    582   2022   1686      -      -       -
24HR 0-24   9491    415    608   2051   1712      -      -       -
 
