 
 
 
*LOCATION   : ............................................................
*SITE NUMBER: 12002316
*FILE NUMBER:        8
*INTERVAL   :   15 MIN
*BATTERY    :    6.1 V
*RESTARTS   :        0
*CONFIG     :        0
*CHANNEL    :  1 OF  1
 
             TUE    WED    THU    FRI    SAT    SUN    MON    7-DAY
DATE    05/06/07     08     09     10     11     12     13   AVERAGE
 
START HOUR
 
    0          -      3      3      3      6      2      1       -
    1          -      0      1      2      1      3      0       -
    2          -      1      2      1      1      0      0       -
    3          -      2      2      4      2      1      2       -
    4          -      1      0      0      2      2      1       -
    5          -      7      7     12      2      0      3       -
    6          -     59     67     50      4      7     34       -
    7          -    183    170    134     11      6     98       -
    8          -    191    168    135     22     15    126       -
    9          -     83     74     72     50     27     46       -
   10          -     56     44     47     71     22     36       -
   11         46     54     57     46     87     42     18      50
   12         58     63     47     61     91     37     15      53
   13         52     57     64     77     85     53     22      59
   14         85     75     74    112     81     57     27      73
   15        106    116    120    112     83     64     71      96
   16        189    164    170    148     64     35    105     125
   17        136    172    145    126     60     67     80     112
   18        120    129    106     73     31     62     79      86
   19         94    116     88     53     35     41     64      70
   20         62     81     64     36     28     47     53      53
   21         46     28     37     34     13     20     27      29
   22         16     33     22     19      3     10     15      17
   23         13     32     12      5      3      2      4      10
 
TOTALS
 
12HR 7-19      -   1343   1239   1143    736    487    723       -
16HR 6-22      -   1627   1495   1316    816    602    901       -
18HR 6-24      -   1692   1529   1340    822    614    920       -
24HR 0-24      -   1706   1544   1362    836    622    927       -
 
 
 
 
*LOCATION   : ............................................................
*SITE NUMBER: 12002316
*FILE NUMBER:        8
*INTERVAL   :   15 MIN
*BATTERY    :    6.1 V
*RESTARTS   :        0
*CONFIG     :        0
*CHANNEL    :  1 OF  1
 
             TUE    WED    THU    FRI    SAT    SUN    MON    7-DAY
DATE    05/06/14     15     16     17     18     19     20   AVERAGE
 
START HOUR
 
    0          1      7      3      8      4      7      0       4
    1          1      1      1      1      2      2      1       1
    2          0      0      2      1      2      1      0       1
    3          1      0      0      0      4      4      0       1
    4          0      5      4      0      0      7      5       3
    5         10      8      9      7      1      2      6       6
    6         77     82     68     63     14      3     73      54
    7        172    181    145    144     21      8    158     118
    8        157    180    169    143     15     10    185     123
    9         76     73     76     58     43     21     93      63
   10         38     54     37     45     45     38     51      44
   11         36     53     51     48     59     73     84      58
   12         49     75     36     50     74     73     71      61
   13         68     62     48     60     83     85     73      68
   14         57     87     78     99     58     71     70      74
   15        115    140    120    128     60    104    114     112
   16        157    176    170    149     69     94    189     143
   17        148    149    151    141     60     78    171     128
   18         77    141    113     93     41     87    131      98
   19         87     78    102     52     46     73    117      79
   20         89     86     69     36     35     49     93      65
   21         29     46     48     22     16     26     48      34
   22         14     22      8     14     10     11     15      13
   23          4      9      9     10     13      6     16      10
 
TOTALS
 
12HR 7-19   1150   1371   1194   1158    628    742   1390    1090
16HR 6-22   1432   1663   1481   1331    739    893   1721    1323
18HR 6-24   1450   1694   1498   1355    762    910   1752    1346
24HR 0-24   1463   1715   1517   1372    775    933   1764    1363
 
 
 
 
*LOCATION   : ............................................................
*SITE NUMBER: 12002316
*FILE NUMBER:        8
*INTERVAL   :   15 MIN
*BATTERY    :    6.1 V
*RESTARTS   :        0
*CONFIG     :        0
*CHANNEL    :  1 OF  1
 
             TUE    WED    THU    FRI    SAT    SUN    MON    7-DAY
DATE    05/06/21     22     23     24     25     26     27   AVERAGE
 
START HOUR
 
    0          1      4      1      2      5      2      0       2
    1          3      1      1      1      4      1      0       2
    2          0      0      3      2      1      0      2       1
    3          1      0      2      1      5      2      1       2
    4          1      3      2      1      1      1      0       1
    5         10      9      4      1      1      0      6       4
    6         72     75     54     13      4      6     45      38
    7        182    163    134     11      9     14    139      93
    8        203    166    124     13     16     13    143      97
    9         82     68     62     19      9     17     96      50
   10         58     50     40     23     15     37     47      39
   11         48     47     39     33     28     33     38      38
   12         63     48     64     29     40     70     36      50
   13         59     78     58     42     52     51     34      53
   14         89     63     90     23     42     49     53      58
   15        141    101    122     20     84     45    113      89
   16        227    176    132     38     15     43    159     113
   17        170    136    125     16     13     28    137      89
   18        183    113     54     20      5     32    109      74
   19        120    125     49     21     13     37     84      64
   20        121     99     51     15      8     23     39      51
   21         42     49     24      7      6     21     14      23
   22         24     41      6     11      6      5      9      15
   23         10      6     11      5      3      8      4       7
 
TOTALS
 
12HR 7-19   1505   1209   1044    287    328    432   1104     844
16HR 6-22   1860   1557   1222    343    359    519   1286    1021
18HR 6-24   1894   1604   1239    359    368    532   1299    1042
24HR 0-24   1910   1621   1252    367    385    538   1308    1054
 
 
 
 
*LOCATION   : ............................................................
*SITE NUMBER: 12002316
*FILE NUMBER:        8
*INTERVAL   :   15 MIN
*BATTERY    :    6.1 V
*RESTARTS   :        0
*CONFIG     :        0
*CHANNEL    :  1 OF  1
 
             TUE    WED    THU    FRI    SAT    SUN    MON    7-DAY
DATE    05/06/28     29     30     01     02     03     04   AVERAGE
 
START HOUR
 
    0          1      2      0      -      -      -      -       -
    1          0      2      0      -      -      -      -       -
    2          1      0      2      -      -      -      -       -
    3          0      0      2      -      -      -      -       -
    4          1      1      3      -      -      -      -       -
    5          8      6      3      -      -      -      -       -
    6         55     41     34      -      -      -      -       -
    7        131     96     98      -      -      -      -       -
    8        134    113     91      -      -      -      -       -
    9         57     38     41      -      -      -      -       -
   10         36     14     25      -      -      -      -       -
   11         37     24     37      -      -      -      -       -
   12         25     87     28      -      -      -      -       -
   13         26     73     48      -      -      -      -       -
   14         36     18      -      -      -      -      -       -
   15         70     60      -      -      -      -      -       -
   16        151     86      -      -      -      -      -       -
   17        134     68      -      -      -      -      -       -
   18         81     70      -      -      -      -      -       -
   19         93     41      -      -      -      -      -       -
   20        103     31      -      -      -      -      -       -
   21         42     22      -      -      -      -      -       -
   22          8     13      -      -      -      -      -       -
   23          3      9      -      -      -      -      -       -
 
TOTALS
 
12HR 7-19    918    747      -      -      -      -      -       -
16HR 6-22   1211    882      -      -      -      -      -       -
18HR 6-24   1222