 
 
 
*LOCATION   : ............................................................
*SITE NUMBER: 10300101
*FILE NUMBER:        5
*INTERVAL   :   15 MIN
*BATTERY    :    6.1 V
*RESTARTS   :        0
*CONFIG     :       12
*CHANNEL    :  1 OF  2
 
             FRI    SAT    SUN    MON    TUE    WED    THU    7-DAY
DATE    04/12/31     01     02     03     04     05     06   AVERAGE
 
START HOUR
 
    0          -      0      0      0      1      0      2       -
    1          -      1      1      0      0      0      0       -
    2          -      0      2      0      0      0      0       -
    3          -      0      0      0      0      0      0       -
    4          -      0      0      0      0      0      0       -
    5          -      0      0      1      1      2      0       -
    6          -      0      0     11     11     11      2       -
    7          -      0      1     13     12     12      1       -
    8          -      2      1     15     19      9      0       -
    9          -      0      0      3      2      6      3       -
   10          -      0      3      4      2      3      1       -
   11          -      2      2      2      7      3      6       -
   12          2      3      4      3      1      0      3       2
   13          2      4      3      1      1      2      2       2
   14          3      3      3      3      5      5      3       4
   15          2      3      4      4      4      1      1       3
   16          2      1      1      2      3      6      2       2
   17          3      0      1      1      6      2      1       2
   18          1      1      0      0      0      3      1       1
   19          0      2      1      2      1      0      0       1
   20          0      0      0      2      2      1      0       1
   21          0      1      0      0      1      0      1       0
   22          0      0      1      0      0      0      0       0
   23          0      1      0      0      0      0      0       0
 
TOTALS
 
12HR 7-19      -     19     23     51     62     52     24       -
16HR 6-22      -     22     24     66     77     64     27       -
18HR 6-24      -     23     25     66     77     64     27       -
24HR 0-24      -     24     28     67     79     66     29       -
 
 
 
 
*LOCATION   : ............................................................
*SITE NUMBER: 10300101
*FILE NUMBER:        5
*INTERVAL   :   15 MIN
*BATTERY    :    6.1 V
*RESTARTS   :        0
*CONFIG     :       12
*CHANNEL    :  1 OF  2
 
             FRI    SAT    SUN    MON    TUE    WED    THU    7-DAY
DATE    05/01/07     08     09     10     11     12     13   AVERAGE
 
START HOUR
 
    0          0      1      0      1      0      0      1       0
    1          0      1      0      0      0      0      0       0
    2          0      0      0      0      1      1      1       0
    3          0      0      0      0      0      1      1       0
    4          0      0      0      0      0      0      0       0
    5          4      0      0      4      4      4      3       3
    6          8      0      1     14     10     11      5       7
    7         13      1      0     26     20     27     12      14
    8          6      2      0     10     22     19     15      11
    9          6      3      0      8      8     10      5       6
   10          1      5      3      3      8      5      4       4
   11          3      9      1      2      9      7      2       5
   12          2      5      3      5      6      6      5       5
   13          3      2      3      7     15      3      1       5
   14          3      1      4      0      6      4      1       3
   15          3      3      4      5      8      3      2       4
   16          2      3      2      4      7      3      4       4
   17          0      0      1      3      4      1      1       1
   18          0      1      1      4      3      5      3       2
   19          3      1      2      0      5      1      1       2
   20          4      1      2      2      5      1      1       2
   21          0      0      0      1      2      2      1       1
   22          0      0      0      1      0      2      1       1
   23          0      1      0      0      1      0      0       0
 
TOTALS
 
12HR 7-19     42     35     22     77    116     93     55      63
16HR 6-22     57     37     27     94    138    108     63      75
18HR 6-24     57     38     27     95    139    110     64      76
24HR 0-24     61     40     27    100    144    116     70      80
 
 
 
 
*LOCATION   : ............................................................
*SITE NUMBER: 10300101
*FILE NUMBER:        5
*INTERVAL   :   15 MIN
*BATTERY    :    6.1 V
*RESTARTS   :        0
*CONFIG     :       12
*CHANNEL    :  1 OF  2
 
             FRI    SAT    SUN    MON    TUE    WED    THU    7-DAY
DATE    05/01/14     15     16     17     18     19     20   AVERAGE
 
START HOUR
 
    0          1      2      2      1      1      1      3       2
    1          1      1      0      0      1      0      0       0
    2          0      0      1      0      0      0      0       0
    3          1      0      0      1      1      1      0       1
    4          1      0      0      0      0      0      0       0
    5          4      0      0      2      5      3      2       2
    6          7      0      0     10      8     15     11       7
    7         18      2      0     24     25     19     14      15
    8         17      4      5     16     19     24     13      14
    9          5      0      3     10      5      2      5       4
   10          3      4      0      3      3      6      2       3
   11          6      1      2      9      1      1      5       4
   12          7     11      1      5      4      8      2       5
   13          2      2      1      2      4      3      3       2
   14          4      0      1      7      5      6      2       4
   15          5      6      2      2      3      5      3       4
   16          7      3      3      5      3      5      4       4
   17          2      1      2      5      5      3      2       3
   18          1      2      2      1      4      1      2       2
   19          3      0      0      1      5      2      3       2
   20          3      0      0      0      1      0      2       1
   21          0      0      0      0      1      1      0       0
   22          0      2      1      0      0      1      0       1
   23          0      1      0      1      0      0      0       0
 
TOTALS
 
12HR 7-19     77     36     22     89     81     83     57      64
16HR 6-22     90     36     22    100     96    101     73      74
18HR 6-24     90     39     23    101     96    102     73      75
24HR 0-24     98     42     26    105    104    107     78      80
 
 
 
 
*LOCATION   : ............................................................
*SITE NUMBER: 10300101
*FILE NUMBER:        5
*INTERVAL   :   15 MIN
*BATTERY    :    6.1 V
*RESTARTS   :        0
*CONFIG     :       12
*CHANNEL    :  1 OF  2
 
             FRI    SAT    SUN    MON    TUE    WED    THU    7-DAY
DATE    05/01/21     22     23     24     25     26     27   AVERAGE
 
START HOUR
 
    0          0      1      2      1      1      1      1       1
    1          1      0      0      1      0      0      1       0
    2          0      0      0      1      0      0      0       0
    3          0      0      0      1      0      0      0       0
    4          5      1      0      0      0      0      1       1
    5          4      0      0      2      4      3      2       2
    6          5      1      0     13      9      8      7       6
    7          8      5      1     15     21     22     13      12
    8          6      0      0      9     12     10     11       7
    9          5      0      0      9      5      2      2       3
   10          2      2      1      2      7      2      2       3
   11          0      1      6      0      2      4      5       3
   12          5      3      0      2      3      1      3       2
   13          2      1      2      0      2      0      1       1
   14          2      3      3      0      1      2      3       2
   15          6      4      1      1      2      1      4       3
   16          2      0      1      4      6      6      2       3
   17          2      4      1      3      2      3      2       2
   18          2      0      1      3      2      2      2       2
   19          0      2      0      0      1      3      1       1
   20          0      0      0      1      4      3      3       2
   21          1      1      0      1      0      0      1       1
   22          0      0      0      0      1      0      0       0
   23          0      0      0      1      0      1      1       0
 
TOTALS
 
12HR 7-19     42     23     17     48     65     55     50      43
16HR 6-22     48     27     17     63     79     69     62      52
18HR 6-24     48     27     17     64     80     70     63      53
24HR 0-24     58     29     19     70     85     74     68      58
 
 
 
 
*LOCATION   : ............................................................
*SITE NUMBER: 10300101
*FILE NUMBER:        5
*INTERVAL   :   15 MIN
*BATTERY    :    6.1 V
*RESTARTS   :        0
*CONFIG     :       12
*CHANNEL    :  1 OF  2
 
             FRI    SAT    SUN    MON    TUE    WED    THU    7-DAY
DATE    05/01/28     29     30     31     01     02     03   AVERAGE
 
START HOUR
 
    0          0      1      1      0      -      -      -       -
    1          0      0      1      0      -      -      -       -
    2          0      0      0      0      -      -      -       -
    3          0      0      0      0      -      -      -       -
    4          0      4      0      0      -      -      -       -
    5          3      0      0      4      -      -      -       -
    6          3      0      0      3      -      -      -       -
    7         12      0      0      8      -      -      -       -
    8          4      4      0     14      -      -      -       -
    9          4      0      0      2      -      -      -       -
   10          2      1      1      1      -      -      -       -
   11          1      0      3      2      -      -      -       -
   12          2      3      4      1      -      -      -       -
   13          2      6      1      -      -      -      -       -
   14          4      2      4      -      -      -      -       -
   15          5      3      1      -      -      -      -       -
   16          6      1      0      -      -      -      -       -
   17          1      0      3      -      -      -      -       -
   18          1      0      1      -      -      -      -       -
   19          2      2      2      -      -      -      -       -
   20          1      1      2      -      -      -      -       -
   21          1      0      0      -      -      -      -       -
   22          1      0      0      -      -      -      -       -
   23          0      0      0      -      -      -      -       -
 
TOTALS
 
12HR 7-19     44     20     18      -      -      -      -       -
16HR 6-22     51     23     22      -      -      -      -       -
18HR 6-24     52     23     22      -      -      -      -       -
24HR 0-24     55     28     24      -      -      -      -       -
 
 
 
 
*LOCATION   : ............................................................
*SITE NUMBER: 10300101
*FILE NUMBER:        5
*INTERVAL   :   15 MIN
*BATTERY    :    6.1 V
*RESTARTS   :        0
*CONFIG     :       12
*CHANNEL    :  2 OF  2
 
             FRI    SAT    SUN    MON    TUE    WED    THU    7-DAY
DATE    04/12/31     01     02     03     04     05     06   AVERAGE
 
START HOUR
 
    0          -      0      1      1      0      1      0       -
    1          -      3      2      1      0      0      0       -
    2          -      0      0      0      0      0      3       -
    3          -      0      0      1      0      0      0       -
    4          -      0      0      0      1      0      0       -
    5          -      1      0      2      2      2      1       -
    6          -      0      0      1      3      2      1       -
    7          -      0      0      3      1      4      0       -
    8          -      1      0      3      4      3      0       -
    9          -      0      1      1      0      1      1       -
   10          -      0      0      2      2      2      1       -
   11          -      1      0      2      1      1      3       -
   12          1      3      2      2      5      2      1       2
   13          1      4      0      5      2      1      3       2
   14          5      2      2      4      1      1      4       3
   15          9      1      3      9     11      7      3       6
   16          6      0      1     10     17     14      2       7
   17          2      0      0     12     10      9      2       5
   18          0      3      3      5      6      4      0       3
   19          3      0      1      1      1      2      0       1
   20          0      0      1      1      5      3      0       1
   21          0      1      0      1      4      0      1       1
   22          1      0      1      1      0      1      0       1
   23          0      0      0      0      0      0      0       0
 
TOTALS
 
12HR 7-19      -     15     12     58     60     49     20       -
16HR 6-22      -     16     14     62     73     56     22       -
18HR 6-24      -     16     15     63     73     57     22       -
24HR 0-24      -     20     18     68     76     60     26       -
 
 
 
 
*LOCATION   : ............................................................
*SITE NUMBER: 10300101
*FILE NUMBER:        5
*INTERVAL   :   15 MIN
*BATTERY    :    6.1 V
*RESTARTS   :        0
*CONFIG     :       12
*CHANNEL    :  2 OF  2
 
             FRI    SAT    SUN    MON    TUE    WED    THU    7-DAY
DATE    05/01/07     08     09     10     11     12     13   AVERAGE
 
START HOUR
 
    0          0      2      1      2      0      1      1       1
    1          1      1      1      0      0      0      1       1
    2          0      0      0      0      0      1      0       0
    3          0      1      0      0      0      0      0       0
    4          0      0      0      0      0      1      0       0
    5          1      0      0      3      2      3      2       2
    6          0      0      0      1      3      3      2       1
    7          4      1      0      8      6      4      4       4
    8          0      1      1      2      3      3      3       2
    9          1      4      1      8      5      2      2       3
   10          0      4      0      1      0      6      2       2
   11          3      2      0      5      7      3      1       3
   12          6      2      0      3      7      4      2       3
   13          0      4      2      2     10      9      1       4
   14          8      2      1      5      9      5      2       5
   15          7      1      4     16     13     12      7       9
   16         13      0      2     16     22     16      8      11
   17          4      1      1     14     19     14     11       9
   18          3      1      0      3     11      6      3       4
   19          0      1      1      3      4      0      5       2
   20          3      0      0      2      4      6      2       2
   21          0      0      0      3      1      1      1       1
   22          1      0      0      0      1      0      0       0
   23          0      0      0      0      0      0      0       0
 
TOTALS
 
12HR 7-19     49     23     12     83    112     84     46      58
16HR 6-22     52     24     13     92    124     94     56      65
18HR 6-24     53     24     13     92    125     94     56      65
24HR 0-24     55     28     15     97    127    100     60      69
 
 
 
 
*LOCATION   : ............................................................
*SITE NUMBER: 10300101
*FILE NUMBER:        5
*INTERVAL   :   15 MIN
*BATTERY    :    6.1 V
*RESTARTS   :        0
*CONFIG     :       12
*CHANNEL    :  2 OF  2
 
             FRI    SAT    SUN    MON    TUE    WED    THU    7-DAY
DATE    05/01/14     15     16     17     18     19     20   AVERAGE
 
START HOUR
 
    0          1      1      0      2      2      0      4       1
    1          0      3      3      0      1      0      1       1
    2          0      0      2      0      0      0      1       0
    3          0      0      1      0      0      0      0       0
    4          0      0      0      0      0      0      0       0
    5          1      0      0      1      1      1      1       1
    6          3      1      0      2      4      2      2       2
    7          4      0      1      6      4      5      6       4
    8          1      1      0      4      2      3      3       2
    9          3      4      1      4      1      5      3       3
   10          3      1      0      4      1      1      0       1
   11          3      0      1      3      5      4      2       3
   12          7      6      3      2      6      4      2       4
   13          6      5      3      7      4      4      3       5
   14          9      4      3      6      6      3      2       5
   15         11      1      6     10      9     10      8       8
   16         16      2      0     21     10     18     18      12
   17          6      3      1     13     20     15      9      10
   18          7      1      2      5     14      8      3       6
   19          3      1      3      8      3      3      1       3
   20          5      0      0      2      7      3      4       3
   21          0      0      3      3      5      0      0       2
   22          3      2      1      4      0      1      0       2
   23          0      0      1      0      0      0      0       0
 
TOTALS
 
12HR 7-19     76     28     21     85     82     80     59      62
16HR 6-22     87     30     27    100    101     88     66      71
18HR 6-24     90     32     29    104    101     89     66      73
24HR 0-24     92     36     35    107    105     90     73      77
 
 
 
 
*LOCATION   : ............................................................
*SITE NUMBER: 10300101
*FILE NUMBER:        5
*INTERVAL   :   15 MIN
*BATTERY    :    6.1 V
*RESTARTS   :        0
*CONFIG     :       12
*CHANNEL    :  2 OF  2
 
             FRI    SAT    SUN    MON    TUE    WED    THU    7-DAY
DATE    05/01/21     22     23     24     25     26     27   AVERAGE
 
START HOUR
 
    0          1      0      0      0      0      0      0       0
    1          0      4      4      2      0      0      2       2
    2          0      0      0      0      0      0      0       0
    3          0      2      0      0      0      0      0       0
    4          0      0      1      0      0      0      0       0
    5          1      0      0      2      1      1      1       1
    6          2      0      2      2      2      0      1       1
    7          4      2      0      5      7      6      5       4
    8          2      2      0      0      2      2      2       1
    9          0      1      1      1      0      0      2       1
   10          2      3      0      2      1      1      1       1
   11          1      2      2      3      1      1      2       2
   12          2      1      2      4      4      3      4       3
   13          1      1      0      1      4      2      3       2
   14          1      1      0      2      2      3      2       2
   15          5      0      0     10     16      9      6       7
   16          6      6      0     15     11     13     15       9
   17          5      1      1      8     15      9     10       7
   18          4      2      1      7      6      6      7       5
   19          1      0      0      2      4      4      2       2
   20          1      0      2      3      6      1      2       2
   21          0      0      3      2      2      0      2       1
   22          0      0      0      1      2      0      3       1
   23          1      0      0      2      2      2      0       1
 
TOTALS
 
12HR 7-19     33     22      7     58     69     55     59      43
16HR 6-22     37     22     14     67     83     60     66      50
18HR 6-24     38     22     14     70     87     62     69      52
24HR 0-24     40     28     19     74     88     63     72      55
 
 
 
 
*LOCATION   : ............................................................
*SITE NUMBER: 10300101
*FILE NUMBER:        5
*INTERVAL   :   15 MIN
*BATTERY    :    6.1 V
*RESTARTS   :        0
*CONFIG     :       12
*CHANNEL    :  2 OF  2
 
             FRI    SAT    SUN    MON    TUE    WED    THU    7-DAY
DATE    05/01/28     29     30     31     01     02     03   AVERAGE
 
START HOUR
 
    0          1      0      3      0      -      -      -       -
    1          0      3      2      0      -      -      -       -
    2          2      0      0      0      -      -      -       -
    3          0      0      0      0      -      -      -       -
    4          0      0      0      0      -      -      -       -
    5          0      0      0      4      -      -      -       -
    6          1      0      1      2      -      -      -       -
    7          5      0      1      5      -      -      -       -
    8          3      0      0      0      -      -      -       -
    9          0      0      0      1      -      -      -       -
   10          5      0      0      0      -      -      -       -
   11          0      1      0      1      -      -      -       -
   12          2      0      2      2      -      -      -       -
   13          2      1      0      -      -      -      -       -
   14          4      1      0      -      -      -      -       -
   15          4      0      0      -      -      -      -       -
   16         12      1      0      -      -      -      -       -
   17          7      0      0      -      -      -      -       -
   18          4      2      1      -      -      -      -       -
   19          2      1      1      -      -      -      -       -
   20          1      0      0      -      -      -      -       -
   21          1      1      4      -      -      -      -       -
   22          0      1      5      -      -      -      -       -
   23          0      0      0      -      -      -      -       -
 
TOTALS
 
12HR 7-19     48      6      4      -      -      -      -       -
16HR 6-22     53      8     10      -      -      -      -       -
18HR 6-24     53      9     15      -      -      -      -       -
24HR 0-24     56     12     20      -      -      -      -       -
 
