 
 
 
*LOCATION   : ............................................................
*SITE NUMBER: 10700112
*FILE NUMBER:        2
*INTERVAL   :   15 MIN
*BATTERY    :    6.2 V
*RESTARTS   :        0
*CONFIG     :       12
*CHANNEL    :  1 OF  2
 
             FRI    SAT    SUN    MON    TUE    WED    THU    7-DAY
DATE    04/12/31     01     02     03     04     05     06   AVERAGE
 
START HOUR
 
    0          -      0      0      3      0      0      0       -
    1          -      3      0      4      1      0      0       -
    2          -      2      1      0      0      1      0       -
    3          -      1      0      0      0      3      2       -
    4          -      1      0      0      1      4      0       -
    5          -      1      3      1      2      3      0       -
    6          -      0      1      4      4      3      1       -
    7          -      2      1     15     19     12      3       -
    8          -      1      7     17     18     19      3       -
    9          -      1      2     12     18      9      3       -
   10          -      2      5     11      6      6      3       -
   11         15      6      6     10     10      3      8       8
   12         12      5      8     18      9      7     12      10
   13         11      8      9     15     15      6      5      10
   14         18      6     12     13      8      6      8      10
   15         22      5     10     23     13     16     12      14
   16         10      4      7     20     18     13      8      11
   17         10      3      2     22     26     11      0      11
   18          4      6      4      8      8      7      1       5
   19          1      3      4      4      7      6      2       4
   20          6      4      4      7      8      1      3       5
   21          0      0      3      4      6      0      3       2
   22          2      1      0      3      2      4      1       2
   23          1      1      1      6      1      1      3       2
 
TOTALS
 
12HR 7-19      -     49     73    184    168    115     66       -
16HR 6-22      -     56     85    203    193    125     75       -
18HR 6-24      -     58     86    212    196    130     79       -
24HR 0-24      -     66     90    220    200    141     81       -

 
 
 
 



















*LOCATION   : ............................................................
*SITE NUMBER: 10700112
*FILE NUMBER:        2
*INTERVAL   :   15 MIN
*BATTERY    :    6.2 V
*RESTARTS   :        0
*CONFIG     :       12
*CHANNEL    :  1 OF  2
 
             FRI    SAT    SUN    MON    TUE    WED    THU    7-DAY
DATE    05/01/07     08     09     10     11     12     13   AVERAGE
 
START HOUR
 
    0          1      1      0      1      1      2      3       1
    1          0      2      4      0      1      0      0       1
    2          1      1      2      0      1      0      2       1
    3          0      1      1      1      1      0      1       1
    4          0      1      0      0      0      0      0       0
    5          3      1      0      2      3      3      3       2
    6          5      3      1     10      6      6      7       5
    7          9      2      2     24     27     32     26      17
    8          5      5      2     31     34     51     26      22
    9          9      5      1     20     22     26     22      15
   10          7     12      4     12     19     21     13      13
   11          4     15      5     11     17     20      8      11
   12          7     12      4     16     20     22     13      13
   13          7      9     18     22     22     12      9      14
   14         14     11     10     18     28     17     15      16
   15         14     14     11     21     32     24     16      19
   16          9      8      8     29     40     29     15      20
   17         12     13     10     30     43     39     20      24
   18          8      7      3     13     13     19     13      11
   19          5      4      3      8     14      7     10       7
   20          4      3      2      5     13     16      9       7
   21          5      0      7      2      6      6      3       4
   22          1      1      2      3      3      8      5       3
   23          0      3      2      2      4      2      4       2
 
TOTALS
 
12HR 7-19    105    113     78    247    317    312    196     195
16HR 6-22    124    123     91    272    356    347    225     220
18HR 6-24    125    127     95    277    363    357    234     225
24HR 0-24    130    134    102    281    370    362    243     232

 
 
 
 


















*LOCATION   : ............................................................
*SITE NUMBER: 10700112
*FILE NUMBER:        2
*INTERVAL   :   15 MIN
*BATTERY    :    6.2 V
*RESTARTS   :        0
*CONFIG     :       12
*CHANNEL    :  1 OF  2
 
             FRI    SAT    SUN    MON    TUE    WED    THU    7-DAY
DATE    05/01/14     15     16     17     18     19     20   AVERAGE
 
START HOUR
 
    0          2      5      5      5      4      1      2       3
    1          1      0      1      1      0      1      2       1
    2          1      1      0      1      0      0      1       1
    3          1      2      0      0      0      1      3       1
    4          0      0      1      0      0      0      0       0
    5          1      0      0      3      2      4      5       2
    6         12      2      1      8      7      6      4       6
    7         18      3      0     27     24     28     23      18
    8         29      7      4     32     30     43     26      24
    9         18      6      3     24     24     21     24      17
   10         21     17      3     16     13     20     13      15
   11         16     11      9     19     20     14     14      15
   12         14     12     13     12     20     21     15      15
   13         33     22      7     16     19     10     11      17
   14         22     14     11     15     20     14     10      15
   15         23     23     16     28     28     25     16      23
   16         26     16      4     40     26     36     33      26
   17         18     12      5     32     34     25     30      22
   18         17     10      4     19     21     19     11      14
   19         16      3      4      7     11      7      8       8
   20         11      7      5     13      8     17      6      10
   21          8      0      4     11      9      5      4       6
   22          2      3      2      2      4      4      5       3
   23          3      1      1      4      1      1      1       2
 
TOTALS
 
12HR 7-19    255    153     79    280    279    276    226     221
16HR 6-22    302    165     93    319    314    311    248     250
18HR 6-24    307    169     96    325    319    316    254     255
24HR 0-24    313    177    103    335    325    323    267     263

 
 
 
 
















*LOCATION   : ............................................................
*SITE NUMBER: 10700112
*FILE NUMBER:        2
*INTERVAL   :   15 MIN
*BATTERY    :    6.2 V
*RESTARTS   :        0
*CONFIG     :       12
*CHANNEL    :  1 OF  2
 
             FRI    SAT    SUN    MON    TUE    WED    THU    7-DAY
DATE    05/01/21     22     23     24     25     26     27   AVERAGE
 
START HOUR
 
    0          0      0      1      4      1      3      3       2
    1          0      1      1      2      0      0      0       1
    2          1      0      0      1      3      0      0       1
    3          1      0      1      0      2      0      0       1
    4          5      2      0      0      0      1      0       1
    5          4      4      0      2      3      1      2       2
    6          6      4      2      7      9      9      5       6
    7         10      5      2     18     19     17     15      12
    8         10      0      1     23     36     33     25      18
    9         13      2      1     23     18     18     22      14
   10          5      5      2      6      9      9      6       6
   11          5      5      4     12     17     13     15      10
   12         12      8      5      8     22     10     17      12
   13          8     13     13     12     14     12     24      14
   14          9     14     10     17     14     18     15      14
   15         15     12      9     21     30     25     23      19
   16         15      6      4     27     26     26     20      18
   17         21      3      1     25     22     30     24      18
   18          7      3      3     16     25     15     19      13
   19          4      8      1      6      9      9     10       7
   20          7      0      1      5     14     10     10       7
   21          4      3      1      2      4      4      5       3
   22          1      2      1      4      2      3      2       2
   23          2      3      3      4      1      1      1       2
 
TOTALS
 
12HR 7-19    130     76     55    208    252    226    225     167
16HR 6-22    151     91     60    228    288    258    255     190
18HR 6-24    154     96     64    236    291    262    258     194
24HR 0-24    165    103     67    245    300    267    263     201

 
 
 
 









*LOCATION   : ............................................................
*SITE NUMBER: 10700112
*FILE NUMBER:        2
*INTERVAL   :   15 MIN
*BATTERY    :    6.2 V
*RESTARTS   :        0
*CONFIG     :       12
*CHANNEL    :  1 OF  2
 
             FRI    SAT    SUN    MON    TUE    WED    THU    7-DAY
DATE    05/01/28     29     30     31     01     02     03   AVERAGE
 
START HOUR
 
    0          2      1      2      2      -      -      -       -
    1          1      1      1      0      -      -      -       -
    2          1      1      0      1      -      -      -       -
    3          0      0      1      0      -      -      -       -
    4          0      0      1      0      -      -      -       -
    5          3      0      0      3      -      -      -       -
    6          4      2      2      6      -      -      -       -
    7         15      1      1     13      -      -      -       -
    8         17      8      4     22      -      -      -       -
    9         16      2      1     22      -      -      -       -
   10          6      4      2     16      -      -      -       -
   11          4      4      3     11      -      -      -       -
   12          4     10      4     15      -      -      -       -
   13         11      5      4      -      -      -      -       -
   14         11     11      5      -      -      -      -       -
   15         13     10     13      -      -      -      -       -
   16         18      2      4      -      -      -      -       -
   17         13      5      4      -      -      -      -       -
   18          3      6      3      -      -      -      -       -
   19          8      2      2      -      -      -      -       -
   20          8      2      4      -      -      -      -       -
   21          4      2      1      -      -      -      -       -
   22          2      1      1      -      -      -      -       -
   23          1      4      2      -      -      -      -       -
 
TOTALS
 
12HR 7-19    131     68     48      -      -      -      -       -
16HR 6-22    155     76     57      -      -      -      -       -
18HR 6-24    158     81     60      -      -      -      -       -
24HR 0-24    165     84     65      -      -      -      -       -

 
 

