 
 
 
*LOCATION   : ............................................................
*SITE NUMBER: 10201609
*FILE NUMBER:       11
*INTERVAL   :   15 MIN
*BATTERY    :    6.2 V
*RESTARTS   :        0
*CONFIG     :        0
*CHANNEL    :  1 OF  1
 
             WED    THU    FRI    SAT    SUN    MON    TUE    7-DAY
DATE    06/04/19     20     21     22     23     24     25   AVERAGE
 
START HOUR
 
    0          -      5      3      5      7      3      6       -
    1          -      1      2      3      3      3      3       -
    2          -      1      0      2      1      0      5       -
    3          -      1      1      2      0      1      0       -
    4          -      3      1      2      1      3      1       -
    5          -     11     11      2      2     15     14       -
    6          -     51     39      8      6     75     93       -
    7          -    147     89     14     11    195    195       -
    8          -    110     98     20     17    180    175       -
    9          -     82     54     44     37    102    100       -
   10          -     48     37     42     67     63     49       -
   11          -     29     27     72    141     53     47       -
   12          -     45     32     80    167     39     54       -
   13          -     32     35     78    178     55     57       -
   14          -     51     43     88    206     61     66       -
   15          -     95     78     51    127    145    122       -
   16        110    105     97     77    100    189    183     123
   17         95     81     80     68    105    178    159     109
   18         62     46     59     69     87    120    110      79
   19         45     32     33     46     64    100     78      57
   20         40     27     42     26     36     75     67      45
   21         21     15     26     22     23     38     38      26
   22         11      9     10     18      7     24     16      14
   23          7      3      7      4      5      7      6       6
 
TOTALS
 
12HR 7-19      -    871    729    703   1243   1380   1317       -
16HR 6-22      -    996    869    805   1372   1668   1593       -
18HR 6-24      -   1008    886    827   1384   1699   1615       -
24HR 0-24      -   1030    904    843   1398   1724   1644       -
 
 
 
 
*LOCATION   : ............................................................
*SITE NUMBER: 10201609
*FILE NUMBER:       11
*INTERVAL   :   15 MIN
*BATTERY    :    6.2 V
*RESTARTS   :        0
*CONFIG     :        0
*CHANNEL    :  1 OF  1
 
             WED    THU    FRI    SAT    SUN    MON    TUE    7-DAY
DATE    06/04/26     27     28     29     30     01     02   AVERAGE
 
START HOUR
 
    0          4      7      6      8      9      8      3       6
    1          2      5      6      3      4      9      3       5
    2          2      2      2      4      5      4      1       3
    3          1      1      0      1      5      2      1       2
    4          1      2      1      0      2      1      0       1
    5         14     14     13      6      4      4     12      10
    6         85     79     58      7      5      8     95      48
    7        199    191    169     17     10      9      -       -
    8        169    177    170     23      9     22      -       -
    9         94    107     84     37     22     16      -       -
   10         61     70     43     36     66     47      -       -
   11         43     64     56     39     96     40      -       -
   12         35     47     58     55    122     95      -       -
   13         48     66     58     52    122     74      -       -
   14         67     77     84     52    106     76      -       -
   15        137    130    137     55     86     81      -       -
   16        198    183    139     44     71     76      -       -
   17        187    177    133     55     59     48      -       -
   18        113    115     85     46     36     55      -       -
   19        113    103     58     44     17     51      -       -
   20         63     61     46     39     14     34      -       -
   21         28     35     31     25     13      9      -       -
   22         15     25     10     13      8     17      -       -
   23          4     14      8      9     12      5      -       -
 
TOTALS
 
12HR 7-19   1351   1404   1216    511    805    639      -       -
16HR 6-22   1640   1682   1409    626    854    741      -       -
18HR 6-24   1659   1721   1427    648    874    763      -       -
24HR 0-24   1683   1752   1455    670    903    791      -       -
 
