 
 
 
*LOCATION   : ............................................................
*SITE NUMBER: 10701306
*FILE NUMBER:        2
*INTERVAL   :   15 MIN
*BATTERY    :    6.4 V
*RESTARTS   :        0
*CONFIG     :        0
*CHANNEL    :  1 OF  1
 
             MON    TUE    WED    THU    FRI    SAT    SUN    7-DAY
DATE    06/03/27     28     29     30     31     01     02   AVERAGE
 
START HOUR
 
    0          -      2      7      3      1      6      0       -
    1          -      2      3      1      3      1      3       -
    2          -      0      1      0      3      0      5       -
    3          -      0      0      0      0      1      0       -
    4          -      1      0      0      0      0      1       -
    5          -      2      4      2      1      2      2       -
    6          -     13     34     35     23      3      2       -
    7          -     34     52     33     20      3      1       -
    8          -     30     52     21     21      8      3       -
    9          -     22     19     18     19      4      3       -
   10          -     14     15     17     10      4     17       -
   11          -      9     13      5     10     28     17       -
   12          -     14      8     14     12     14     18       -
   13         31     10     13      9     29     15     19      18
   14         22     20     10     15     21     13     17      17
   15         47     23     18     26     29      8     22      25
   16         39     31     15     28     27     13     21      25
   17         28     30     30     20     21     12     12      22
   18         20     21     30     18     11     10     17      18
   19         10     12     12     10      3      5      7       8
   20         12      9      5     11     10      7      2       8
   21          6     15      5      7      5      4      3       6
   22          4      3      1      6      1      3      6       3
   23          1      3      4      2      4      2      1       2
 
TOTALS
 
12HR 7-19      -    258    275    224    230    132    167       -
16HR 6-22      -    307    331    287    271    151    181       -
18HR 6-24      -    313    336    295    276    156    188       -
24HR 0-24      -    320    351    301    284    166    199       -
 
 
 
 
*LOCATION   : ............................................................
*SITE NUMBER: 10701306
*FILE NUMBER:        2
*INTERVAL   :   15 MIN
*BATTERY    :    6.4 V
*RESTARTS   :        0
*CONFIG     :        0
*CHANNEL    :  1 OF  1
 
             MON    TUE    WED    THU    FRI    SAT    SUN    7-DAY
DATE    06/04/03     04     05     06     07     08     09   AVERAGE
 
START HOUR
 
    0          0      0      2      1      1      4      3       2
    1          0      1      4      1      4      0      3       2
    2          0      1      1      3      0      2      6       2
    3          0      1      0      0      0      1      1       0
    4          1      1      1      0      0      1      0       1
    5          9      6      4      2      3      1      1       4
    6         20     22     10     14     13      5      2      12
    7         27     34     21     31     35      8      5      23
    8         33     80     33     33     40      6      4      33
    9         18     29     22     32     27      9     10      21
   10         17     19     39     21     23     19     15      22
   11         14     16     14     14      9     19     14      14
   12         20     21     15     25     17     23     27      21
   13         24     19      4     17     15     21     24      18
   14         15     18     10     20     20     24     19      18
   15         26     32     27     29     36     25     28      29
   16         30     48     35     43     55     29     23      38
   17         37     38     17     36     31     19     24      29
   18         23     22     16     22     18     19     27      21
   19          9     18     10     15     12     12      8      12
   20         13     13      7     16     10     10     20      13
   21         10      6      5     16      8      9      2       8
   22          1      6      4      7      8      8      5       6
   23          1      2      2      6      7      5      3       4
 
TOTALS
 
12HR 7-19    284    376    253    323    326    221    220     286
16HR 6-22    336    435    285    384    369    257    252     331
18HR 6-24    338    443    291    397    384    270    260     340
24HR 0-24    348    453    303    404    392    279    274     350
 
 
 
 
*LOCATION   : ............................................................
*SITE NUMBER: 10701306
*FILE NUMBER:        2
*INTERVAL   :   15 MIN
*BATTERY    :    6.4 V
*RESTARTS   :        0
*CONFIG     :        0
*CHANNEL    :  1 OF  1
 
             MON    TUE    WED    THU    FRI    SAT    SUN    7-DAY
DATE    06/04/10     11     12     13     14     15     16   AVERAGE
 
START HOUR
 
    0          0      2      4      2      5      3      7       3
    1          0      2      3      2      1      3      0       2
    2          1      1      1      4      1      0      2       1
    3          1      0      1      0      1      2      1       1
    4          1      1      0      0      1      1      1       1
    5          3      2      3      4      0      3      1       2
    6         21     19     16     23      3      2      3      12
    7         37     45     47     41      5      2      2      26
    8         59     57     62     43      4     11      1      34
    9         39     48     43     27     19     17      9      29
   10         18     24     34     16     26     20     12      21
   11          8     17     18     20     34     26     15      20
   12         14     20     30     36     28     36     22      27
   13         13     26     24     36     49     49     29      32
   14         18     27     45     48     47     39     30      36
   15         32     46     59     54     54     46     36      47
   16         41     61     51     55     29     25     41      43
   17         54     55     46     59     20     28     35      42
   18         37     42     41     39     34     18     25      34
   19         31     32     14     31     18     13     16      22
   20         16     21     27     23     15     14     14      19
   21          7     10      9      9      5      5     14       8
   22          3      7      4      8      3     11      7       6
   23          3      5      7      7      6      4      6       5
 
TOTALS
 
12HR 7-19    370    468    500    474    349    317    257     391
16HR 6-22    445    550    566    560    390    351    304     452
18HR 6-24    451    562    577    575    399    366    317     464
24HR 0-24    457    570    589    587    408    378    329     474
 
 
 
 
*LOCATION   : ............................................................
*SITE NUMBER: 10701306
*FILE NUMBER:        2
*INTERVAL   :   15 MIN
*BATTERY    :    6.4 V
*RESTARTS   :        0
*CONFIG     :        0
*CHANNEL    :  1 OF  1
 
             MON    TUE    WED    THU    FRI    SAT    SUN    7-DAY
DATE    06/04/17     18     19     20     21     22     23   AVERAGE
 
START HOUR
 
    0          3      1      4      2      5      3      7       4
    1          2      0      3      2      1      1      6       2
    2          2      0      2      0      2      2      5       2
    3          0      0      0      1      2      2      5       1
    4          2      0      1      2      2      5      1       2
    5          2      4      4      6      4      2      2       3
    6          4     26     33     29     27      4      3      18
    7          4     63     92     86     65      4      3      45
    8          5     83    116    102     61     16      8      56
    9         13     45     65     69     52     32     20      42
   10         28     32     43     58     40     41     26      38
   11         45     26     33     38     26     47     58      39
   12         53     35     29     49     24     69     79      48
   13         56     29     45     32     37     68     93      51
   14         60     34     48     56     57     56    121      62
   15         20     59     84     88     68     59     87      66
   16         13     81    128     94     92     58     63      76
   17          7     89    101     80     72     43     63      65
   18         17     55     64     44     65     48     57      50
   19         11     39     34     28     40     46     34      33
   20         13     23     37     27     31     32     21      26
   21          8     22     26     20     18     25     15      19
   22          6      8     11      8      9     10     13       9
   23          1      5     10      9      7      6     10       7
 
TOTALS
 
12HR 7-19    321    631    848    796    659    541    678     639
16HR 6-22    357    741    978    900    775    648    751     736
18HR 6-24    364    754    999    917    791    664    774     752
24HR 0-24    375    759   1013    930    807    679    800     766
 
 
 
 
*LOCATION   : ............................................................
*SITE NUMBER: 10701306
*FILE NUMBER:        2
*INTERVAL   :   15 MIN
*BATTERY    :    6.4 V
*RESTARTS   :        0
*CONFIG     :        0
*CHANNEL    :  1 OF  1
 
             MON    TUE    WED    THU    FRI    SAT    SUN    7-DAY
DATE    06/04/24     25     26     27     28     29     30   AVERAGE
 
START HOUR
 
    0          2      2      3     11      8      9     11       7
    1          1      3      2      6      4     14      4       5
    2          1      3      0      2      3      2      5       2
    3          0      0      1      1      2      5      2       2
    4          0      0      1      2      0      3      1       1
    5          5     13      8      6      4      4      1       6
    6         38     56     55     47     46      6      6      36
    7        112    121    118    112    110      8      1      83
    8        162    173    197    177    137     16     18     126
    9         99     72    106    109     85     42     22      76
   10         91     66     58     73     65     33     36      60
   11         55     55     56     62     60     44     48      54
   12         63     51     68     68     63     68     73      65
   13         70     62     74     66     92     77     81      75
   14         76     83     83     82     72     65     65      75
   15        131    125    150    130    159     75     76     121
   16        198    162    175    207    152     45     66     144
   17        163    123    197    158    111     54     59     124
   18        122    115    108    132     92     58     49      97
   19         96     68    109    104     50     36     37      71
   20         78     64     70     73     45     36     24      56
   21         45     40     47     36     39     27     14      35
   22         19     16     22     16     11     13     18      16
   23         11     12     14     13     15      7     11      12
 
TOTALS
 
12HR 7-19   1342   1208   1390   1376   1198    585    594    1099
16HR 6-22   1599   1436   1671   1636   1378    690    675    1298
18HR 6-24   1629   1464   1707   1665   1404    710    704    1326
24HR 0-24   1638   1485   1722   1693   1425    747    728    1348
 
 
 
 
*LOCATION   : ............................................................
*SITE NUMBER: 10701306
*FILE NUMBER:        2
*INTERVAL   :   15 MIN
*BATTERY    :    6.4 V
*RESTARTS   :        0
*CONFIG     :        0
*CHANNEL    :  1 OF  1
 
             MON    TUE    WED    THU    FRI    SAT    SUN    7-DAY
DATE    06/05/01     02     03     04     05     06     07   AVERAGE
 
START HOUR
 
    0         10      2      -      -      -      -      -       -
    1          6      4      -      -      -      -      -       -
    2          7      0      -      -      -      -      -       -
    3          9      2      -      -      -      -      -       -
    4          5      2      -      -      -      -      -       -
    5          5     12      -      -      -      -      -       -
    6          2     59      -      -      -      -      -       -
    7         14    145      -      -      -      -      -       -
    8         14    241      -      -      -      -      -       -
    9         39    114      -      -      -      -      -       -
   10         61     77      -      -      -      -      -       -
   11         97     55      -      -      -      -      -       -
   12        145      -      -      -      -      -      -       -
   13        133      -      -      -      -      -      -       -
   14         84      -      -      -      -      -      -       -
   15         88      -      -      -      -      -      -       -
   16         82      -      -      -      -      -      -       -
   17         64      -      -      -      -      -      -       -
   18         61      -      -      -      -      -      -       -
   19         47      -      -      -      -      -      -       -
   20         42      -      -      -      -      -      -       -
   21         16      -      -      -      -      -      -       -
   22         10      -      -      -      -      -      -       -
   23          2      -      -      -      -      -      -       -
 
TOTALS
 
12HR 7-19    882      -      -      -      -      -      -       -
16HR 6-22    989      -      -      -      -      -      -       -
18HR 6-24   1001      -      -      -      -      -      -       -
24HR 0-24   1043      -      -      -      -      -      -       -
 
