	THU	FRI	SAT	SUN	MON	TUE	WED	7-DAY
DATE    06	/06/29	30	1	2	3	4	5	AVERAGE

START HOUR								

0	-	3	8	10	5	10	5	-
1	-	5	3	0	0	9	3	-
2	-	1	4	3	2	7	1	-
3	-	0	2	2	6	2	2	-
4	-	2	8	3	0	7	2	-
5	-	12	4	0	26	18	18	-
6	-	65	10	6	57	79	70	-
7		91	15	14	107	100	99	49
8		56	28	18	57	63	39	69
9		47	52	24	45	44	48	75
10	39	49	52	58	47	48	53	76
11	50	60	62	110	74	63	61	91
12	51	66	100	98	78	76	55	109
13	66	63	72	122	76	74	60	125
14	72	81	102	123	94	83	80	100
15	109	105	94	105	117	110	122	93
16	146	135	85	76	150	139	144	77
17	106	76	67	83	133	107	129	68
18	76	77	58	95	123	125	99	49
19	76	28	51	84	110	91	96	24
20	81	47	40	58	82	79	92	8
21	54	37	28	42	67	64	52	7
22	22	18	14	29	29	33	20	4
23	8	7	7	15	9	4	8	3

	295							
	956							
TOTALS	1251	1131	966	1178	1494	1435	1358	

		2262						981
								-
	-							-
12HR 7-19	-	824	811	1054	1151	1059	1043	-
16HR 6-22		904	894	1127	1244	1145	1126	
18HR 6-24		911	897	1129	1260	1149	1133	
24HR 0-24		1137	964	1172	1513	1418	1363	
								
*LOCATION	: ..	........	.......	.......	.......	.......	.......	...............
*SITE NUMB	ER: 11	802613						
*FILE NUMB	ER:	3						
*INTERVAL	:	15 MIN						
*BATTERY	:	6.4 V						
*RESTARTS	:	0						
*CONFIG	:	0						
*CHANNEL	:  1	OF  1						

	THU	FRI	SAT	SUN	MON	TUE	WED	7-DAY
DATE    06	6	7	8	9	10	11	12	AVERAGE

START HOUR								

0	7	12	4	5	13	2	9	
1	6	4	1	4	3	2	3	
2	1	2	9	5	1	5	1	
3	1	0	1	0	1	9	6	
4	0	0	0	3	4	4	0	
5	16	18	7	2	14	19	14	
6	79	60	10	9	49	64	67	
7	95	77	27	27	82	93	80	
8	50	45	23	38	58	45	46
9	49	44	50	50	57	49	48
10	46	55	53	58	55	46	34
11	49	46	70	79	47	70	56
12	64	77	90	93	67	74	41
13	68	78	82	103	71	63	68
14	86	88	101	110	90	77	71
15	95	110	96	97	118	119	104
16	150	117	88	83	106	101	129
17	97	91	61	96	117	124	114
18	116	81	63	107	90	125	81
19	93	68	73	94	85	94	92
20	78	63	56	74	109	103	71
21	52	30	34	28	68	68	53
22	28	34	24	22	32	32	25
23	11	26	18	10	30	18	12

	1337	1226	1041	1197	1367	1406	1225	







12HR 7-19	994	904	867	1022	1023	1064	914	970
16HR 6-22	1094	1012	964	1117	1144	1172	1006	1073
18HR 6-24	1100	1022	973	1121	1151	1176	1009	1079
24HR 0-24	1341	1222	1041	1200	1359	1410	1222	1256
								



*LOCATION	: ..	........	.......	.......	.......	.......	.......	...............
*SITE NUMB	ER: 11	802613						
*FILE NUMB	ER:	3						
*INTERVAL	:	15 MIN						
*BATTERY	:	6.4 V						
*RESTARTS	:	0						
*CONFIG	:	0						
*CHANNEL	:  1	OF  1						

	THU	FRI	SAT	SUN	MON	TUE	WED	7-DAY
DATE    06	13	14	15	16	17	18	19	AVERAGE

START HOUR								

0	7	4	5	4	8	9	7	
1	2	4	1	3	5	6	0
2	1	4	4	6	3	1	0
3	5	0	4	1	3	4	3
4	1	4	6	3	6	1	2
5	14	8	8	2	9	10	16
6	49	25	12	8	42	62	48
7	73	43	12	13	86	94	74
8	65	31	17	14	54	56	38
9	35	32	39	47	40	34	37
10	55	40	66	72	48	56	42
11	47	38	65	63	57	55	47
12	63	33	62	109	67	52	51
13	78	65	64	97	81	55	54
14	92	51	105	92	95	80	65
15	114	60	70	104	106	100	99
16	123	74	99	80	142	129	93
17	116	59	102	90	108	103	92	
18	100	43	68	95	97	99	86	
19	79	62	58	88	97	83	62	
20	62	38	32	70	67	47	57	
21	46	23	25	51	41	54	24	
22	19	14	26	27	24	20	23	
23	11	18	15	17	11	11	8	

	1257	773	965	1156	1297	1221	1028	


TOTALS								

12HR 7-19	975	586	816	1011	1006	913	772	868
16HR 6-22	1044	655	900	1110	1090	985	841	946
18HR 6-24	1052	660	909	1118	1097	985	845	952
24HR 0-24	1259	771	968	1159	1297	1212	1026	1099
								



*LOCATION	: ..	........	.......	.......	.......	.......	.......	...............
*SITE NUMB	ER: 11	802613						
*FILE NUMB	ER:	3						
*INTERVAL	:	15 MIN						
*BATTERY	:	6.4 V						
*RESTARTS	:	0						
*CONFIG	:	0						
*CHANNEL	:  1	OF  1						

	THU	FRI	SAT	SUN	MON	TUE	WED	7-DAY
DATE    06	20	21	22	23	24	25	26	AVERAGE

START HOUR								

0	1	1	5	4	2	3	7	2
1	4	3	3	0	0	2	3	1
2	0	0	0	1	4	1	0	9
3	1	3	4	2	1	5	1	29
4	1	1	1	1	1	2	2	59
5	11	10	2	0	11	14	12	34
6	25	29	8	8	44	46	42	41
7	75	72	14	17	76	85	72	42
8	28	34	13	15	39	49	57	54
9	36	44	17	51	46	54	39	63
10	34	36	16	66	43	52	45	69
11	48	33	19	92	53	75	60	71
12	45	51	22	116	62	76	66	87
13	61	50	28	109	56	91	91	106
14	56	57	28	101	66	105	86	88
15	74	66	38	110	92	104	123	89
16	115	60	53	88	129	140	154	70
17	73	58	60	92	100	123	108	55
18	74	52	61	81	111	127	120	36
19	76	32	40	87	69	88	97	19
20	63	17	23	81	56	64	84	6
21	35	28	16	41	26	42	62	4
22	21	13	10	21	17	25	24	2
23	6	5	5	7	1	13	4	1

TOTALS	963	755	486	1191	1105	1386	1359	

12HR 7-19	754	540	404	1064	863	1087	1096	830
16HR 6-22	818	607	440	1145	930	1186	1166	899
18HR 6-24	821	610	441	1149	933	1189	1173	902
24HR 0-24	962	759	483	1192	1105	1390	1359	1036
								



*LOCATION	: ..	........	.......	.......	.......	.......	.......	...............
*SITE NUMB	ER: 11	802613						
*FILE NUMB	ER:	3						
*INTERVAL	:	15 MIN						
*BATTERY	:	6.4 V						
*RESTARTS	:	0						
*CONFIG	:	0						
*CHANNEL	:  1	OF  1						

	THU	FRI	SAT	SUN	MON	TUE	WED	7-DAY
DATE    06	27	28	28	30	31	1	2	AVERAGE

START HOUR								

0	3	0	6	4	2	0	-	-
1	5	3	1	7	1	1	-	-
2	2	4	0	4	2	1	-	-
3	0	0	1	6	2	1	-	-
4	2	0	1	2	1	0	-	-
5	13	12	5	4	9	15	-	-
6	50	38	18	10	59	67	-	-
7	59	46	17	18	86	92	-	-
8	46	43	24	21	48	84	-	-
9	45	53	34	32	36	54	-	-
10	36	38	36	49	35	62	-	-
11	68	53	41	45	50	81	-	-
12	62	58	60	75	69	93	-	-		
13	68	73	79	72	72	53	-	-		
14	66	84	84	69	73	-	-	-		
15	114	75	63	87	103	-	-	-		
16	102	101	73	81	157	-	-	-		
17	98	77	72	84	115	-	-	-	472	604
18	85	83	74	83	106	-	-	-	816	1044,20339
19	98	42	80	78	119	-	-	-		1648,20339
20	58	53	59	62	78	-	-	-		
21	41	32	37	38	43	-	-	-		
22	34	19	13	25	15	-				
23	8	12	8	8	7	-				
						604				

	1163	999	886	964	1288					
