 

 

 

*LOCATION   : ............................................................

*SITE NUMBER: 10701307

*FILE NUMBER:        2

*INTERVAL   :   15 MIN

*BATTERY    :    6.4 V

*RESTARTS   :        0

*CONFIG     :        0

*CHANNEL    :  1 OF  1

 

             WED    THU    FRI    SAT    SUN    MON    TUE    7-DAY

DATE    11/03/30     31     01     02     03     04     05   AVERAGE

 

START HOUR

 

    0          -      0      2      0      4      0      1       -

    1          -      1      0      1      0      0      1       -

    2          -      0      2      1      4      2      0       -

    3          -      1      1      0      0      2      1       -

    4          -      1      8      5      5      3      7       -

    5          -     19     16      2      1     16     25       -

    6          -     40     41      5      5     34     60       -

    7          -     37     36      3      0     26     56       -

    8          -     25     18      8      2     14     24       -

    9         11     15     15     13      7     15     21      14

   10         18     15     15     10      4     11     25      14

   11         17     26     18     11     11     10     24      17

   12         12     18     13     20     12     14     24      16

   13         38     28     25      8      8     23     36      24

   14         24     33     34      8     12     25     44      26

   15         29     47     35     18      5     33     55      32

   16         37     39     37     14     13     22     59      32

   17         18     28     14     13     14     20     37      21

   18         14     16      4      3      4     15     27      12

   19          9      9      6      5     10     13     14       9

   20          6      7      6      4      3      4     11       6

   21          0      2      3      3      2      3      4       2

   22          5      3      2      3      1      0      2       2

   23          1      2      3      2      2      2      3       2

 

TOTALS

 

12HR 7-19      -    327    264    129     92    228    432       -

16HR 6-22      -    385    320    146    112    282    521       -

18HR 6-24      -    390    325    151    115    284    526       -

24HR 0-24      -    412    354    160    129    307    561       -


 

 

 

 































*LOCATION   : ............................................................

*SITE NUMBER: 10701307

*FILE NUMBER:        2

*INTERVAL   :   15 MIN

*BATTERY    :    6.4 V

*RESTARTS   :        0

*CONFIG     :        0

*CHANNEL    :  1 OF  1

 

             WED    THU    FRI    SAT    SUN    MON    TUE    7-DAY

DATE    11/04/06     07     08     09     10     11     12   AVERAGE

 

START HOUR

 

    0          3      2      0      1      6      1      1       2

    1          3      0      0      0      2      0      0       1

    2         11      0      5      0      4      1      2       3

    3         12      3      0      1      3      1      1       3

    4          6      8      7      4      3      6      8       6

    5         23     27     19      8      6     35     41      23

    6         55     47     49     11      0     85    109      51

    7         42     39     55      6      7     80     99      47

    8         26     39     29     24     12     49     56      34

    9         13     14     13     36     20     31     41      24

   10         11     20     17     23     37     27     48      26

   11          9     23     17     35     56     25     40      29

   12         19     15     20     37     56     24     37      30

   13         28     20     40     39     38     36     47      35

   14         46     35     50     35     41     57     99      52

   15         47     31     54     40     54     88    133      64

   16         51     30     42     31     47     63    112      54

   17         36     25     27     18     28     57     71      37

   18         31     12     15     13     23     35     56      26

   19         15     13      9     11     12     21     26      15

   20          7      8     11      8      8      8     21      10

   21          0      3      3      4      3      9      6       4

   22          5      1      7      6      3      5      5       5

   23          2      3      3      3      1      1      3       2

 

TOTALS

 

12HR 7-19    359    303    379    337    419    572    839     458

16HR 6-22    436    374    451    371    442    695   1001     539

18HR 6-24    443    378    461    380    446    701   1009     545

24HR 0-24    501    418    492    394    470    745   1062     583


 

 

 

 




































*LOCATION   : ............................................................

*SITE NUMBER: 10701307

*FILE NUMBER:        2

*INTERVAL   :   15 MIN

*BATTERY    :    6.4 V

*RESTARTS   :        0

*CONFIG     :        0

*CHANNEL    :  1 OF  1

 

             WED    THU    FRI    SAT    SUN    MON    TUE    7-DAY

DATE    11/04/13     14     15     16     17     18     19   AVERAGE

 

START HOUR

 

    0          1      3      1      2      5      1      2       2

    1          2      0      2      1      6      0      0       2

    2          0      1      1      3      5      1      0       2

    3          0      2      0      2      1      1      1       1

    4          5      8     13      4      4      6     11       7

    5         49     38     45      7      2     60     59      37

    6        102    103     96     12      6    125    149      85

    7         99    102    101     25     10    156    175      95

    8         41     58     51     34     20     80     75      51

    9         41     36     38     50     34     44     55      43

   10         33     37     56     72     49     37     61      49

   11         31     38     44     54     58     38     44      44

   12         40     47     57     61     94     57     59      59

   13         53     58     78     72     77     71     79      70

   14        102    111    120     68     75    139    136     107

   15        115    113    113     57     65    163    157     112

   16         84    106     70     65     82    115    125      92

   17         39     49     53     53     51     80     91      59

   18         37     53     37     25     35     45     81      45

   19         31     40     24     16     16     38     47      30

   20         19     11     19      9     11     19     15      15

   21         10      9     14      9      7      7      8       9

   22          6      6      8      9      7      4      4       6

   23          3      5      7      9      6      3      5       5

 

TOTALS

 

12HR 7-19    715    808    818    636    650   1025   1138     827

16HR 6-22    877    971    971    682    690   1214   1357     966

18HR 6-24    886    982    986    700    703   1221   1366     978

24HR 0-24    943   1034   1048    719    726   1290   1439    1028


 

 

 

 



































*LOCATION   : ............................................................

*SITE NUMBER: 10701307

*FILE NUMBER:        2

*INTERVAL   :   15 MIN

*BATTERY    :    6.4 V

*RESTARTS   :        0

*CONFIG     :        0

*CHANNEL    :  1 OF  1

 

             WED    THU    FRI    SAT    SUN    MON    TUE    7-DAY

DATE    11/04/20     21     22     23     24     25     26   AVERAGE

 

START HOUR

 

    0          0      1      6      2      9      3      4       4

    1          0      0      6      3      3      2      1       2

    2          0      0      2      1      1      3      2       1

    3          0      4      2      0      1      1      2       1

    4          6      7      5      5      1      3     15       6

    5         51     42      8      9      8      8     73      28

    6        120    100      4     12      3      7    199      64

    7        169    119     19     13     14     16    217      81

    8         64     47     20     44     21     38    100      48

    9         45     49     17     36     47     47     65      44

   10         47     53      8     57     47     78     73      52

   11         57     64     17     60     68    112     65      63

   12         44     96     30     61     72    100    101      72

   13         51    106     39     95     90    110    124      88

   14        110    124     53     68    102    124    198     111

   15        112     92     34     61     66     92    240     100

   16         97     72     35     54     66     89    183      85

   17         72     49     51     48     66     65    123      68

   18         43     35     35     29     52     60    107      52

   19         39     21     42     30     40     43     78      42

   20         16     21     17      8     14     22     36      19

   21          5     17     16     14     11      7     25      14

   22          2     13      8      4      7     11     12       8

   23          4      6      5      9      2      5      7       5

 

TOTALS

 

12HR 7-19    911    906    358    626    711    931   1596     863

16HR 6-22   1091   1065    437    690    779   1010   1934    1001

18HR 6-24   1097   1084    450    703    788   1026   1953    1014

24HR 0-24   1154   1138    479    723    811   1046   2050    1057


 

 

 

 































*LOCATION   : ............................................................

*SITE NUMBER: 10701307

*FILE NUMBER:        2

*INTERVAL   :   15 MIN

*BATTERY    :    6.4 V

*RESTARTS   :        0

*CONFIG     :        0

*CHANNEL    :  1 OF  1

 

             WED    THU    FRI    SAT    SUN    MON    TUE    7-DAY

DATE    11/04/27     28     29     30     01     02     03   AVERAGE

 

START HOUR

 

    0          3      4      3      8      7      5      -       -

    1          3      0      1      5      3      1      -       -

    2          2      4      0      1     12      2      -       -

    3          0      3      4      6      5      3      -       -

    4         16     11     11      8      6     15      -       -

    5         82     82     79     11      7     79      -       -

    6        204    193    172     18     12    207      -       -

    7        195    199    179     23     23    216      -       -

    8         89    111    111     29     43      -      -       -

    9         80     75     78     38     89      -      -       -

   10         56     59     88     37     67      -      -       -

   11         69     86     85     51     90      -      -       -

   12        100     84     84     48     64      -      -       -

   13        115    118    118     46     67      -      -       -

   14        199    189    182     38     67      -      -       -

   15        232    216    160     32     60      -      -       -

   16        189    185    139     40     42      -      -       -

   17        130    126    100     38     39      -      -       -

   18        103     93     49     23     28      -      -       -

   19         74     54     52     23     19      -      -       -

   20         39     39     37     14     19      -      -       -

   21         24     20     33     15      5      -      -       -

   22         12     15     23     10      4      -      -       -

   23          8     13     15     14      5      -      -       -

 

TOTALS

 

12HR 7-19   1557   1541   1373    443    679      -      -       -

16HR 6-22   1898   1847   1667    513    734      -      -       -

18HR 6-24   1918   1875   1705    537    743      -      -       -

24HR 0-24   2024   1979   1803    576    783      -      -       -


 
