 

 

 

*LOCATION   : ............................................................

*SITE NUMBER: 11501302

*FILE NUMBER:        1

*INTERVAL   :   15 MIN

*BATTERY    :    6.4 V

*RESTARTS   :        0

*CONFIG     :        0

*CHANNEL    :  1 OF  1

 

             WED    THU    FRI    SAT    SUN    MON    TUE    7-DAY

DATE    11/03/30     31     01     02     03     04     05   AVERAGE

 

START HOUR

 

    0          -      0      0      2      3      2      1       -

    1          -      1      0      2      2      0      0       -

    2          -      0      1      1      2      0      0       -

    3          -      0      0      0      1      0      0       -

    4          -      3      4      0      1      3      4       -

    5          -     10     16      1      0     11     19       -

    6          -     21     22      3      1     18     33       -

    7          -     42     40      0      3     34     72       -

    8          -     27     15     11      7     16     32       -

    9          9     13     20     22      4     10     21      14

   10         23     12     15     15      5     20     32      17

   11         11     21     17     15      6     11     23      15

   12         21     19     17      5      2     12     28      15

   13         28     18     18     16      5     20     36      20

   14         20     28     32     10      7     24     30      22

   15         38     48     33     12      8     29     66      33

   16         25     28     30      7      2     20     40      22

   17         17     30     19      7      6     18     30      18

   18         19     18      5      4      5     12     17      11

   19          7     10      7      1      4      6     15       7

   20          5      7      3      4      4      6     16       6

   21          0      2      5      2      2      2      7       3

   22          5      0      3      4      0      2      3       2

   23          1      1      4      0      0      6      0       2

 

TOTALS

 

12HR 7-19      -    304    261    124     60    226    427       -

16HR 6-22      -    344    298    134     71    258    498       -

18HR 6-24      -    345    305    138     71    266    501       -

24HR 0-24      -    359    326    144     80    282    525       -


 

 

 

 

































*LOCATION   : ............................................................

*SITE NUMBER: 11501302

*FILE NUMBER:        1

*INTERVAL   :   15 MIN

*BATTERY    :    6.4 V

*RESTARTS   :        0

*CONFIG     :        0

*CHANNEL    :  1 OF  1

 

             WED    THU    FRI    SAT    SUN    MON    TUE    7-DAY

DATE    11/04/06     07     08     09     10     11     12   AVERAGE

 

START HOUR

 

    0          1      1      0      2      3      0      3       1

    1          1      0      0      1      1      1      1       1

    2          0      0      1      2      1      0      0       1

    3          0      1      0      2      0      0      0       0

    4          3      2      6      1      1      9      5       4

    5         12     15     13      7      3     16     18      12

    6         28     27     33      1      1     57     73      31

    7         52     66     45      5      2    101    107      54

    8         22     36     35     13     12     48     58      32

    9         22     27     18     27     16     21     47      25

   10         16     24     36     26     29     37     44      30

   11         14     22     22     34     32     38     46      30

   12         14     19     28     26     43     32     47      30

   13         22     25     22     34     38     43     48      33

   14         34     34     31     36     36     59     78      44

   15         40     29     50     33     49    110    123      62

   16         44     28     35     26     35     89     96      50

   17         16     20     19     15     22     46     76      31

   18          9     17     19     21     15     34     55      24

   19         10     13     11      8     28     24     22      17

   20          7      9      8      5     13     18     18      11

   21          3      5      9      2      3      6     10       5

   22          5      3      3      7      3      4      2       4

   23          0      1      4      7      0      0      5       2

 

TOTALS

 

12HR 7-19    305    347    360    296    329    658    825     446

16HR 6-22    353    401    421    312    374    763    948     510

18HR 6-24    358    405    428    326    377    767    955     517

24HR 0-24    375    424    448    341    386    793    982     536


 

 

 

 
































*LOCATION   : ............................................................

*SITE NUMBER: 11501302

*FILE NUMBER:        1

*INTERVAL   :   15 MIN

*BATTERY    :    6.4 V

*RESTARTS   :        0

*CONFIG     :        0

*CHANNEL    :  1 OF  1

 

             WED    THU    FRI    SAT    SUN    MON    TUE    7-DAY

DATE    11/04/13     14     15     16     17     18     19   AVERAGE

 

START HOUR

 

    0          1      5      3      6     11      0      2       4

    1          2      1      2      4      3      0      1       2

    2          0      1      1      4      2      0      0       1

    3          1      0      1      0      2      1      1       1

    4          9      6      7      1      1      7     10       6

    5         13     30     25      3      0     28     28      18

    6         81     71     62      5      4     72     78      53

    7        110    111     90     14      9    143    152      90

    8         47     54     68     24     19     77    100      56

    9         34     43     59     34     29     50     66      45

   10         38     34     50     53     36     47     47      44

   11         40     48     57     49     65     53     54      52

   12         41     48     62     81     90     58     55      62

   13         42     62     78     60     69     75     83      67

   14         71     71     95     62     74    106    118      85

   15         95    116    109     43     67    103    142      96

   16         89     96     82     52     58    144    131      93

   17         56     49     61     32     49     65    109      60

   18         41     35     28     19     42     54     76      42

   19         34     35     22     25     33     36     39      32

   20         12     29     22     12     17     20     30      20

   21         15     13     16     14     10      8     16      13

   22         10      4      7     10     11      5      7       8

   23          1      5      9     14      1      4      5       6

 

TOTALS

 

12HR 7-19    704    767    839    523    607    975   1133     793

16HR 6-22    846    915    961    579    671   1111   1296     911

18HR 6-24    857    924    977    603    683   1120   1308     925

24HR 0-24    883    967   1016    621    702   1156   1350     956


 

 

 

 


































*LOCATION   : ............................................................

*SITE NUMBER: 11501302

*FILE NUMBER:        1

*INTERVAL   :   15 MIN

*BATTERY    :    6.4 V

*RESTARTS   :        0

*CONFIG     :        0

*CHANNEL    :  1 OF  1

 

             WED    THU    FRI    SAT    SUN    MON    TUE    7-DAY

DATE    11/04/20     21     22     23     24     25     26   AVERAGE

 

START HOUR

 

    0          2      5      7     10      7      3      0       5

    1          6      0      4      3      6      3      0       3

    2          0      0      5      3      7      4      2       3

    3          0      0      0      3      1      3      0       1

    4          7      8      1      0      1      2      7       4

    5         22     23      5      8      4      4     42      15

    6         83     84      2      2      5      3    132      44

    7        144    120     14     12     11     11    217      76

    8         72     80     18     22     10     21    110      48

    9         51     81     21     47     25     44     84      50

   10         50     81     10     62     42     45   1116     201

   11         51     78     12     63     50     80     72      58

   12         52     66     13     74     67     84     93      64

   13         55     93     24     88     77     98    109      78

   14         79    122     36     77     52    108    154      90

   15        112    110     28     71     56     78    243     100

   16         85     64     33     43     63     85    179      79

   17         63     52     26     39     34     61    117      56

   18         44     34     29     27     42     58    602     119

   19         28     24     30     27     29     33     79      36

   20         23     20     25     22     20     26     37      25

   21         12     19     18      8     15     15     13      14

   22          7     10     11      9     16      8      2       9

   23          3     16      8     12      8      3      8       8

 

TOTALS

 

12HR 7-19    858    981    264    625    529    773   3096    1018

16HR 6-22   1004   1128    339    684    598    850   3357    1137

18HR 6-24   1014   1154    358    705    622    861   3367    1154

24HR 0-24   1051   1190    380    732    648    880   3418    1186


 

 

 

 


































*LOCATION   : ............................................................

*SITE NUMBER: 11501302

*FILE NUMBER:        1

*INTERVAL   :   15 MIN

*BATTERY    :    6.4 V

*RESTARTS   :        0

*CONFIG     :        0

*CHANNEL    :  1 OF  1

 

             WED    THU    FRI    SAT    SUN    MON    TUE    7-DAY

DATE    11/04/27     28     29     30     01     02     03   AVERAGE

 

START HOUR

 

    0          0      5      2     14     18      5      -       -

    1          2      2      2      6      5      1      -       -

    2          0      1      1      3      9      1      -       -

    3          4      1      3      4      7      2      -       -

    4         10     12      8      3      0      6      -       -

    5         38     39     32      7      4     39      -       -

    6        146    134    120      6      9    118      -       -

    7        216    224    180     17     16    227      -       -

    8        110    129    115     37     19    103      -       -

    9         79     83     91     41     32      -      -       -

   10         75     83     85     53     60      -      -       -

   11         81     94     89     70     68      -      -       -

   12         77     97     92     62     57      -      -       -

   13        117    107    116     48     69      -      -       -

   14        158    148    159     49     42      -      -       -

   15        206    238    170     37     48      -      -       -

   16        185    205    135     40     59      -      -       -

   17        153    144    121     40     44      -      -       -

   18         85    109     73     36     31      -      -       -

   19         81     60     64     25     25      -      -       -

   20         50     59     46     19     15      -      -       -

   21         21     22     37     15     12      -      -       -

   22         17     16     23     12      6      -      -       -

   23          5      8     23     13      3      -      -       -

 

TOTALS

 

12HR 7-19   1542   1661   1426    530    545      -      -       -

16HR 6-22   1840   1936   1693    595    606      -      -       -

18HR 6-24   1862   1960   1739    620    615      -      -       -

24HR 0-24   1916   2020   1787    657    658      -      -       -


 
