 

 

 

*LOCATION   : ............................................................

*SITE NUMBER: 11801436

*FILE NUMBER:        1

*INTERVAL   :   15 MIN

*BATTERY    :    5.6 V

*RESTARTS   :        0

*CONFIG     :        0

*CHANNEL    :  1 OF  1

 

             WED    THU    FRI    SAT    SUN    MON    TUE    7-DAY

DATE    11/04/06     07     08     09     10     11     12   AVERAGE

 

START HOUR

 

    0          -      0      0      1      1      0      0       -

    1          -      0      0      0      0      0      0       -

    2          -      0      0      2      1      0      0       -

    3          -      0      0      0      1      0      0       -

    4          -      0      0      0      0      1      1       -

    5          -      1      2      0      0      3      2       -

    6          -      7      7      2      1     23     28       -

    7          -     23     27      0      2     47     41       -

    8          -     11     14      1      4     17     21       -

    9          -      8     14      5     19     13     13       -

   10          -     10      9     12     23     14     12       -

   11          3     13     14     16     29     19     38      19

   12          6     10     21     17     59     24     26      23

   13          6      3     10     35     67     19     15      22

   14          9     16     17     18     44     27     26      22

   15         13      5     22     25     37     37     52      27

   16         31     21     23     28     45     61     74      40

   17         11     11     17     26     21     46     39      24

   18          4      8      8     14     19     46     49      21

   19          2      7     24      3     26     40     36      20

   20          4      5      4      6     17     17     23      11

   21          1      0     11      4      8      7      5       5

   22          2      1      1      4      0      3      6       2

   23          0      0      3      2      0      1      0       1

 

TOTALS

 

12HR 7-19      -    139    196    197    369    370    406       -

16HR 6-22      -    158    242    212    421    457    498       -

18HR 6-24      -    159    246    218    421    461    504       -

24HR 0-24      -    160    248    221    424    465    507       -


 

 

 

 

































*LOCATION   : ............................................................

*SITE NUMBER: 11801436

*FILE NUMBER:        1

*INTERVAL   :   15 MIN

*BATTERY    :    5.6 V

*RESTARTS   :        0

*CONFIG     :        0

*CHANNEL    :  1 OF  1

 

             WED    THU    FRI    SAT    SUN    MON    TUE    7-DAY

DATE    11/04/13     14     15     16     17     18     19   AVERAGE

 

START HOUR

 

    0          4      0      0      2      1      0      5       2

    1          0      1      0      0      2      0      0       0

    2          0      0      2      1      2      0      1       1

    3          0      0      0      1      0      0      0       0

    4          0      0      0      2      0      3      0       1

    5          5      3      1      0      1      3     10       3

    6         25     26     27      2      2     29     29      20

    7         41     37     43      4      5     59     61      36

    8         37     24     24     13      8     44     37      27

    9         17     28     20     26     23     14     20      21

   10          7     13     22     13     28     20     18      17

   11         22     22     22     28     61     34     24      30

   12         14     18     27     56     88     22     26      36

   13         19     19     27     52     71     34     34      37

   14         25     36     37     64     89     30     44      46

   15         44     37     57     48     67     53     58      52

   16         47     55     51     66     61     60     81      60

   17         34     37     40     32     48     50     71      45

   18         39     20     45     37     54     35     56      41

   19         22     27     32     27     38     30     49      32

   20         14     13     17     26     19     18     26      19

   21          8      9      9     18      9     17     19      13

   22          4      3      6     11      3      8      6       6

   23          0      0      3      2      0      1      0       1

 

TOTALS

 

12HR 7-19    346    346    415    439    603    455    530     448

16HR 6-22    415    421    500    512    671    549    653     532

18HR 6-24    419    424    509    525    674    558    659     538

24HR 0-24    428    428    512    531    680    564    675     545


 

 

 

 






























*LOCATION   : ............................................................

*SITE NUMBER: 11801436

*FILE NUMBER:        1

*INTERVAL   :   15 MIN

*BATTERY    :    5.6 V

*RESTARTS   :        0

*CONFIG     :        0

*CHANNEL    :  1 OF  1

 

             WED    THU    FRI    SAT    SUN    MON    TUE    7-DAY

DATE    11/04/20     21     22     23     24     25     26   AVERAGE

 

START HOUR

 

    0          0      0      1      7      7      2      0       2

    1          0      2      1      0      3      2      0       1

    2          0      0      1      2      5      4      0       2

    3          1      0      0      1      1      0      0       0

    4          0      1      0      0      0      0      2       0

    5          8      4      1      2      0      1      5       3

    6         30     29      0      2      5      4     45      16

    7         48     55      3      5      6      6     79      29

    8         17     32      7     12     17     14     55      22

    9         22     11     30     31     35     41     30      29

   10         24     26     28     44     45     77     30      39

   11         20     33     10     53     82     88     44      47

   12         12     40     14     56     92    137     37      55

   13         24     43     18     63    108    119     41      59

   14         27     58     42     91    119    125     51      73

   15         28     57     49     64     95    107    101      72

   16         47     55     57     60     88    124    117      78

   17         27     50     38     64     73    114     86      65

   18         26     26     25     67     60     84     68      51

   19         26     16     32     46     56     70     69      45

   20         13     17     29     25     56     52     56      35

   21         12     34     14     37     27     17     21      23

   22          3     22      8     11     18     13     11      12

   23          2      0      2      6      7      1      2       3

 

TOTALS

 

12HR 7-19    322    486    321    610    820   1036    739     619

16HR 6-22    403    582    396    720    964   1179    930     739

18HR 6-24    408    604    406    737    989   1193    943     754

24HR 0-24    417    611    410    749   1005   1202    950     763


 

 

 

 





































*LOCATION   : ............................................................

*SITE NUMBER: 11801436

*FILE NUMBER:        1

*INTERVAL   :   15 MIN

*BATTERY    :    5.6 V

*RESTARTS   :        0

*CONFIG     :        0

*CHANNEL    :  1 OF  1

 

             WED    THU    FRI    SAT    SUN    MON    TUE    7-DAY

DATE    11/04/27     28     29     30     01     02     03   AVERAGE

 

START HOUR

 

    0          3      0      1      0      2      -      -       -

    1          0      0      2     15      0      -      -       -

    2          1      0      0     14      0      -      -       -

    3          1      1      0      7      0      -      -       -

    4          3      2      3      4      1      -      -       -

    5         15      5      5      3      0      -      -       -

    6         51     49     36      1      9      -      -       -

    7         86     69     77      0      1      -      -       -

    8         66     68     50      0      0      -      -       -

    9         37     34     29      7      -      -      -       -

   10         20     39     34      0      -      -      -       -

   11         38     29     41      3      -      -      -       -

   12         44     30     37      0      -      -      -       -

   13         47     49     45      2      -      -      -       -

   14         51     50     60      0      -      -      -       -

   15         90     92     74      0      -      -      -       -

   16         92    107     88      8      -      -      -       -

   17         99     96     32      3      -      -      -       -

   18         83     72     29      2      -      -      -       -

   19         77     81      6      0      -      -      -       -

   20         97     53      1      0      -      -      -       -

   21         25     29      2      0      -      -      -       -

   22         11      8      1      0      -      -      -       -

   23          1      4      0     11      -      -      -       -

 

TOTALS

 

12HR 7-19    753    735    596     25      -      -      -       -

16HR 6-22   1003    947    641     26      -      -      -       -

18HR 6-24   1015    959    642     37      -      -      -       -

24HR 0-24   1038    967    653     80      -      -      -       -
