 
 
 
*LOCATION   : ............................................................
*SITE NUMBER: 11604001
*FILE NUMBER:        4
*INTERVAL   :   15 MIN
*BATTERY    :    6.4 V
*RESTARTS   :        0
*CONFIG     :        0
*CHANNEL    :  1 OF  1
 
             MON    TUE    WED    THU    FRI    SAT    SUN    7-DAY
DATE    07/10/01     02     03     04     05     06     07   AVERAGE
 
START HOUR
 
    0          -      0      0      1      2      2      7       -
    1          -      1      1      1      1      2      2       -
    2          -      2      2      1      0      4      2       -
    3          -      2      0      1      1      1      0       -
    4          -      2      1      4      1      0      3       -
    5          -     14     13     11     13      1      0       -
    6          -     33     29     21     29      4      4       -
    7          -     62     82     65     58      8      3       -
    8          -     56     69     74     55     23      5       -
    9          -     45     57     30     48     38      6       -
   10          -     28     47     33     38     44     25       -
   11          -     45     52     35     54     81     31       -
   12          -     50     44     34     44     81     35       -
   13          -     37     41     52     55     80     35       -
   14         68     83     70     65     88     73     35      69
   15         74     94     84     50     76     63     31      67
   16         63     96    111    106    104     72     22      82
   17         58     90     89     80     99     54     30      71
   18         43     69     85     45     61     39     34      54
   19         39     62     55     33     50     16     18      39
   20         22     35     32     24     17     15     13      23
   21          9     13     10     15     10      7      7      10
   22          6      2      5      7      4      6      4       5
   23          7      3      2      0      1      3      3       3
 
TOTALS
 
12HR 7-19      -    755    831    669    780    656    292       -
16HR 6-22      -    898    957    762    886    698    334       -
18HR 6-24      -    903    964    769    891    707    341       -
24HR 0-24      -    924    981    788    909    717    355       -
 
 
 
 
*LOCATION   : ............................................................
*SITE NUMBER: 11604001
*FILE NUMBER:        4
*INTERVAL   :   15 MIN
*BATTERY    :    6.4 V
*RESTARTS   :        0
*CONFIG     :        0
*CHANNEL    :  1 OF  1
 
             MON    TUE    WED    THU    FRI    SAT    SUN    7-DAY
DATE    07/10/08     09     10     11     12     13     14   AVERAGE
 
START HOUR
 
    0          1      0      1      0      0      2      2       1
    1          0      2      0      4      1      2      0       1
    2          1      2      3      2      0      2      0       1
    3          1      2      1      1      1      1      2       1
    4          2      1      0      0      0      1      5       1
    5         12     11     14     13      9      1      0       9
    6         15     26     25     22     19      3      3      16
    7         35     62     64     59     24      5      6      36
    8         32     61     69     59     30     20      5      39
    9         15     37     45     37     16     33      5      27
   10         11     32     42     46     18     47     16      30
   11         20     37     33     40     16     57     19      32
   12         23     36     43     39     17     61     16      34
   13         41     53     61     47     31     47     19      43
   14         50     73     49     58     43     59     15      50
   15         50     71     59     76     37     51     14      51
   16         78    108     82    105     47     52     15      70
   17         43     97     72     62     40     54     15      55
   18         53     64     61     42     41     23      8      42
   19         28     49     31     33     29      8     12      27
   20         22     28     19     21     21      6      6      18
   21         14     15     12      9      9      9      6      11
   22          7      7      4      2      4      3      3       4
   23          3      2      5      2      1      5      0       3
 
TOTALS
 
12HR 7-19    451    731    680    670    360    509    153     508
16HR 6-22    530    849    767    755    438    535    180     579
18HR 6-24    540    858    776    759    443    543    183     586
24HR 0-24    557    876    795    779    454    552    192     601
 
 
 
 
*LOCATION   : ............................................................
*SITE NUMBER: 11604001
*FILE NUMBER:        4
*INTERVAL   :   15 MIN
*BATTERY    :    6.4 V
*RESTARTS   :        0
*CONFIG     :        0
*CHANNEL    :  1 OF  1
 
             MON    TUE    WED    THU    FRI    SAT    SUN    7-DAY
DATE    07/10/15     16     17     18     19     20     21   AVERAGE
 
START HOUR
 
    0          4      1      0      0      2      1      5       2
    1          0      1      1      1      0      2      1       1
    2          0      1      1      1      0      2      0       1
    3          1      1      0      2      1      1      3       1
    4          3      2      0      0      1      0      1       1
    5         12     15     14     10      8      2      0       9
    6         23     25     29     31     25      5      1      20
    7         50     65     54     51     36      7      5      38
    8         54     56     58     41     36      9      5      37
    9         28     30     29     24     28     18      3      23
   10         40     28     37     39     39     45     16      35
   11         46     49     52     40     55     42      9      42
   12         52     57     51     56     59     47     25      50
   13         60     51     56     50     57     64     31      53
   14         70     54     64     48     66     57     18      54
   15         77     84     91     55     58     56     32      65
   16         95     97     76     82     68     48     15      69
   17         77     68     71     58     54     57     16      57
   18         58     41     36     57     43     30     23      41
   19         36     29     48     30     15     11     17      27
   20         26     31     25     32      8      5     13      20
   21         13     14     17      5      9      5      6      10
   22          6      8      4      6      3      7      3       5
   23          2      1      3      1      2      3      2       2
 
TOTALS
 
12HR 7-19    707    680    675    601    599    480    198     563
16HR 6-22    805    779    794    699    656    506    235     639
18HR 6-24    813    788    801    706    661    516    240     646
24HR 0-24    833    809    817    720    673    524    250     661
 
 
 
 
*LOCATION   : ............................................................
*SITE NUMBER: 11604001
*FILE NUMBER:        4
*INTERVAL   :   15 MIN
*BATTERY    :    6.4 V
*RESTARTS   :        0
*CONFIG     :        0
*CHANNEL    :  1 OF  1
 
             MON    TUE    WED    THU    FRI    SAT    SUN    7-DAY
DATE    07/10/22     23     24     25     26     27     28   AVERAGE
 
START HOUR
 
    0          2      2      1      0      0      0      1       1
    1          1      0      1      1      0      0      0       0
    2          1      4      0      0      1      0      1       1
    3          0      0      0      0      1      2      0       0
    4          2      2      2      1      1      0      3       2
    5         11     11     13     11      8      2      0       8
    6         20     22     28     29     19      4      1      18
    7         50     40     52     45     43      9      6      35
    8         52     52     59     49     40     18      6      39
    9         30     36     30     35     26     25      5      27
   10         40     19     36     37     33     50     11      32
   11         36     24     41     38     45     39     27      36
   12         33     36     35     41     34     50     31      37
   13         57     24     46     39     53     56     13      41
   14         54     55     60     59     72     43     18      52
   15         69     66     79     60     67     54     19      59
   16         79     78     74     97     66     46     17      65
   17         65     61     64     80     61     33     17      54
   18         42     45     52     42     35     15     16      35
   19         35     36     24     41     33     10     14      28
   20         14     29     22     26     20      8     13      19
   21         10      3     13     11     18      8      8      10
   22          3      5      3      2      2      5      7       4
   23          0      0      2      1      3      2      3       2
 
TOTALS
 
12HR 7-19    607    536    628    622    575    438    186     513
16HR 6-22    686    626    715    729    665    468    222     587
18HR 6-24    689    631    720    732    670    475    232     593
24HR 0-24    706    650    737    745    681    479    237     605
 
 
 
 
*LOCATION   : ............................................................
*SITE NUMBER: 11604001
*FILE NUMBER:        4
*INTERVAL   :   15 MIN
*BATTERY    :    6.4 V
*RESTARTS   :        0
*CONFIG     :        0
*CHANNEL    :  1 OF  1
 
             MON    TUE    WED    THU    FRI    SAT    SUN    7-DAY
DATE    07/10/29     30     31     01     02     03     04   AVERAGE
 
START HOUR
 
    0          0      3      -      -      -      -      -       -
    1          0      3      -      -      -      -      -       -
    2          1      0      -      -      -      -      -       -
    3          0      0      -      -      -      -      -       -
    4          1      1      -      -      -      -      -       -
    5          2      2      -      -      -      -      -       -
    6         14     13      -      -      -      -      -       -
    7         19     18      -      -      -      -      -       -
    8         49     51      -      -      -      -      -       -
    9         56     49      -      -      -      -      -       -
   10         38     31      -      -      -      -      -       -
   11         41     28      -      -      -      -      -       -
   12         30     31      -      -      -      -      -       -
   13         59     37      -      -      -      -      -       -
   14         52     34      -      -      -      -      -       -
   15         52      -      -      -      -      -      -       -
   16         68      -      -      -      -      -      -       -
   17         68      -      -      -      -      -      -       -
   18         45      -      -      -      -      -      -       -
   19         40      -      -      -      -      -      -       -
   20         35      -      -      -      -      -      -       -
   21         19      -      -      -      -      -      -       -
   22          7      -      -      -      -      -      -       -
   23          2      -      -      -      -      -      -       -
 
TOTALS
 
12HR 7-19    577      -      -      -      -      -      -       -
16HR 6-22    685      -      -      -      -      -      -       -
18HR 6-24    694      -      -      -      -      -      -       -
24HR 0-24    698      -      -      -      -      -      -       -
 
