 
 
 
*LOCATION   : ............................................................
*SITE NUMBER: 11704019
*FILE NUMBER:        5
*INTERVAL   :   15 MIN
*BATTERY    :    6.7 V
*RESTARTS   :        0
*CONFIG     :       12
*CHANNEL    :  1 OF  2
 
             MON    TUE    WED    THU    FRI    SAT    SUN    7-DAY
DATE    07/10/01     02     03     04     05     06     07   AVERAGE
 
START HOUR
 
    0          -     13      7     14     16     14     15       -
    1          -      4      7      6     11     16     20       -
    2          -      0      1      0      2      5      8       -
    3          -      0      0      0      0     10      7       -
    4          -      6      4      5      3      2      7       -
    5          -     15     13     14     10      4      3       -
    6          -     74     68     63     58     13      6       -
    7          -    173    176    154    161     23     21       -
    8        149    235    240    194    231     39     28     159
    9        134    157    158    166    148     58     37     123
   10        105    100    101    103    114     85     76      98
   11         90    107     93     95     97    118    113     102
   12        102    104    109     86     92    136    145     111
   13        114    105    107     94    125    126    144     116
   14        108    130    126    106    126    117    119     119
   15        161    156    154    138    175    117    126     147
   16        196    232    210    177    240    118    123     185
   17        176    232    224    184    230     93    119     180
   18        138    192    146    121    156     95    102     136
   19        104    143     99    105    100     48     71      96
   20         73     80     95     81     74     43     41      70
   21         59     44     66     63     53     38     41      52
   22         27     27     38     28     28     19     19      27
   23         18     23     30     27     26     19     14      22
 
TOTALS
 
12HR 7-19      -   1923   1844   1618   1895   1125   1153       -
16HR 6-22      -   2264   2172   1930   2180   1267   1312       -
18HR 6-24      -   2314   2240   1985   2234   1305   1345       -
24HR 0-24      -   2352   2272   2024   2276   1356   1405       -
 
 
 
 
*LOCATION   : ............................................................
*SITE NUMBER: 11704019
*FILE NUMBER:        5
*INTERVAL   :   15 MIN
*BATTERY    :    6.7 V
*RESTARTS   :        0
*CONFIG     :       12
*CHANNEL    :  1 OF  2
 
             MON    TUE    WED    THU    FRI    SAT    SUN    7-DAY
DATE    07/10/08     09     10     11     12     13     14   AVERAGE
 
START HOUR
 
    0         12      8     11     13      8     12     14      11
    1          5      7      7      8      8      8     16       8
    2          0      0      0      3      1      5      6       2
    3          0      1      0      0      2      7      4       2
    4          3      4      4      2      4      2      7       4
    5         13     13     12     15     14      7      4      11
    6         57     70     66     58     46     18      7      46
    7        120    149    143    140     76     22     17      95
    8        161    235    224    177    114     40     21     139
    9         89    148    142    137     70     56     28      96
   10         59     84    112     94     56     66     35      72
   11         67     82     92     84     52     99     60      77
   12         75     82     83     91     56    100     78      81
   13         77     94     81     82     54     91     71      79
   14         77    112     95     91     59     84     85      86
   15        111    153    126    138     99     95     54     111
   16        138    218    172    179    108     74     41     133
   17        146    193    169    175     93     82     29     127
   18        103    141    123    113     72     67     33      93
   19         97    100     96     94     52     38     31      73
   20         58     84     82    103     40     41     33      63
   21         48     52     52     42     32     33     26      41
   22         26     32     26     30     28     22     12      25
   23         12     16     20     20     24     18      9      17
 
TOTALS
 
12HR 7-19   1223   1691   1562   1501    909    876    552    1188
16HR 6-22   1483   1997   1858   1798   1079   1006    649    1410
18HR 6-24   1521   2045   1904   1848   1131   1046    670    1452
24HR 0-24   1554   2078   1938   1889   1168   1087    721    1491
 
 
 
 
*LOCATION   : ............................................................
*SITE NUMBER: 11704019
*FILE NUMBER:        5
*INTERVAL   :   15 MIN
*BATTERY    :    6.7 V
*RESTARTS   :        0
*CONFIG     :       12
*CHANNEL    :  1 OF  2
 
             MON    TUE    WED    THU    FRI    SAT    SUN    7-DAY
DATE    07/10/15     16     17     18     19     20     21   AVERAGE
 
START HOUR
 
    0          6      8     11     11     12     14     10      10
    1          3      8      5      6      6      9     13       7
    2          1      4      1      1      0      3      2       2
    3          0      3      1      1      2      8      7       3
    4          4      4      3      5      4      3      5       4
    5         12     14     17     10     11      7      3      11
    6         52     60     64     62     54     14      7      45
    7        118    145    135    124    117     24     14      97
    8        198    213    187    182    163     26     21     141
    9        139    151    128    122    122     36     35     105
   10         94    107    122    105     79     68     38      88
   11         97    104     89     83     92     78     61      86
   12        107     86    106     92     92     95     72      93
   13        100    108     98     92     89     87     80      93
   14         90     91     96     91     90     77     83      88
   15        123    136    136    137    123     77     91     118
   16        181    207    209    193    165     73     67     156
   17        167    176    182    160    134     63     67     136
   18        121    138    121    130     96     52     66     103
   19         91     83     88     78     64     39     43      69
   20         65     58     57     66     56     35     32      53
   21         46     54     45     43     37     28     29      40
   22         26     23     40     31     27     19     28      28
   23         16     11     16     17     27     19      8      16
 
TOTALS
 
12HR 7-19   1535   1662   1609   1511   1362    756    695    1304
16HR 6-22   1789   1917   1863   1760   1573    872    806    1511
18HR 6-24   1831   1951   1919   1808   1627    910    842    1555
24HR 0-24   1857   1992   1957   1842   1662    954    882    1592
 
 
 
 
*LOCATION   : ............................................................
*SITE NUMBER: 11704019
*FILE NUMBER:        5
*INTERVAL   :   15 MIN
*BATTERY    :    6.7 V
*RESTARTS   :        0
*CONFIG     :       12
*CHANNEL    :  1 OF  2
 
             MON    TUE    WED    THU    FRI    SAT    SUN    7-DAY
DATE    07/10/22     23     24     25     26     27     28   AVERAGE
 
START HOUR
 
    0          6     10     17     17     12     21     19      15
    1          3      4      5      9      6      9     13       7
    2          1      1      0      2      2      8      1       2
    3          1      1      3      0      0      5      6       2
    4          5      3      4      4      2      6      8       5
    5         12     12     14     10     11      7      3      10
    6         57     65     58     56     63     18      5      46
    7        127    124    114    119    126     24     11      92
    8        178    205    198    190    192     40     24     147
    9        141    140    131    131    105     60     23     104
   10        105     89     91     88     79     56     46      79
   11         89    104     82     76     74     82     48      79
   12         85     98     91     86     74     96     68      85
   13         86     74     88    106     77     85     71      84
   14         89     87     84     95     99     81     89      89
   15        146    142    126    136    146     73     74     120
   16        170    180    174    196    167     63     79     147
   17        187    168    172    153    150     61     54     135
   18        116    121    111    109     98     52     55      95
   19         91     76     71     89     66     41     44      68
   20         65     53     85     85     48     35     30      57
   21         53     54     50     47     36     30     36      44
   22         26     26     40     23     21     16     27      26
   23         15     15     14     17     25     22     20      18
 
TOTALS
 
12HR 7-19   1519   1532   1462   1485   1387    773    642    1257
16HR 6-22   1785   1780   1726   1762   1600    897    757    1472
18HR 6-24   1826   1821   1780   1802   1646    935    804    1516
24HR 0-24   1854   1852   1823   1844   1679    991    854    1557
 
 
 
 
*LOCATION   : ............................................................
*SITE NUMBER: 11704019
*FILE NUMBER:        5
*INTERVAL   :   15 MIN
*BATTERY    :    6.7 V
*RESTARTS   :        0
*CONFIG     :       12
*CHANNEL    :  1 OF  2
 
             MON    TUE    WED    THU    FRI    SAT    SUN    7-DAY
DATE    07/10/29     30     31     01     02     03     04   AVERAGE
 
START HOUR
 
    0         11     12     14      -      -      -      -       -
    1          8      8      9      -      -      -      -       -
    2          4      7      4      -      -      -      -       -
    3          0      2      0      -      -      -      -       -
    4          2      0      0      -      -      -      -       -
    5          4      5      4      -      -      -      -       -
    6         12     12     13      -      -      -      -       -
    7         63     63     59      -      -      -      -       -
    8        140    116    143      -      -      -      -       -
    9        198    196      -      -      -      -      -       -
   10        143    116      -      -      -      -      -       -
   11         98     92      -      -      -      -      -       -
   12        104     74      -      -      -      -      -       -
   13         96     82      -      -      -      -      -       -
   14         93     83      -      -      -      -      -       -
   15         94     86      -      -      -      -      -       -
   16        134    132      -      -      -      -      -       -
   17        177    192      -      -      -      -      -       -
   18        163    148      -      -      -      -      -       -
   19        107     96      -      -      -      -      -       -
   20         87     75      -      -      -      -      -       -
   21         63     59      -      -      -      -      -       -
   22         48     41      -      -      -      -      -       -
   23         33     23      -      -      -      -      -       -
 
TOTALS
 
12HR 7-19   1503   1380      -      -      -      -      -       -
16HR 6-22   1772   1622      -      -      -      -      -       -
18HR 6-24   1853   1686      -      -      -      -      -       -
24HR 0-24   1882   1720      -      -      -      -      -       -
 
 
 
 
*LOCATION   : ............................................................
*SITE NUMBER: 11704019
*FILE NUMBER:        5
*INTERVAL   :   15 MIN
*BATTERY    :    6.7 V
*RESTARTS   :        0
*CONFIG     :       12
*CHANNEL    :  2 OF  2
 
             MON    TUE    WED    THU    FRI    SAT    SUN    7-DAY
DATE    07/10/01     02     03     04     05     06     07   AVERAGE
 
START HOUR
 
    0          -      0      3      5      3      3      3       -
    1          -      2      4      2      2      7      3       -
    2          -      0      3      3      0      2      8       -
    3          -      0      0      3      1      4      3       -
    4          -      0      0      2      0      3      4       -
    5          -      3      7      6      4      4      0       -
    6          -     36     34     32     22      3      3       -
    7          -     82     94     68     73      5      4       -
    8         67    133    120     95    120     22      3      80
    9         45     59     54     44     61     22     20      44
   10         18     28     29     17     26     37     28      26
   11         23     26     29     35     32     55     46      35
   12         27     35     29     26     27     43     57      35
   13         23     25     25     24     33     35     53      31
   14         31     38     39     30     39     45     50      39
   15         69     73     65     60     87     42     60      65
   16         65     99    102     71     99     40     41      74
   17         79    101    105     77     94     50     55      80
   18         50     75     77     64     59     42     45      59
   19         46     81     57     33     40     20     28      44
   20         27     39     46     31     31     19     28      32
   21         23     41     32     19     29     12     13      24
   22         10     14     19     10     14      8      4      11
   23          5     10     12      7      6      9      6       8
 
TOTALS
 
12HR 7-19      -    774    768    611    750    438    462       -
16HR 6-22      -    971    937    726    872    492    534       -
18HR 6-24      -    995    968    743    892    509    544       -
24HR 0-24      -   1000    985    764    902    532    565       -
 
 
 
 
*LOCATION   : ............................................................
*SITE NUMBER: 11704019
*FILE NUMBER:        5
*INTERVAL   :   15 MIN
*BATTERY    :    6.7 V
*RESTARTS   :        0
*CONFIG     :       12
*CHANNEL    :  2 OF  2
 
             MON    TUE    WED    THU    FRI    SAT    SUN    7-DAY
DATE    07/10/08     09     10     11     12     13     14   AVERAGE
 
START HOUR
 
    0          4      2      2      4      3      3      5       3
    1          1      1      2      2      1      3      4       2
    2          0      0      3      1      2      1      2       1
    3          0      2      2      1      1      0      3       1
    4          1      0      0      1      1      0      2       1
    5          5      5      5      7      2      1      1       4
    6         23     31     26     27     14      2      1      18
    7         53    100     75     63     29      7      5      47
    8         74    121    115     95     34     10      9      65
    9         22     54     38     45     18     12      9      28
   10         11     23     33     25      4     29     21      21
   11         16     32     33     33      4     30     19      24
   12         10     26     24     31      8     42     40      26
   13         26     30     29     30     10     36     24      26
   14         21     41     27     38     25     29     27      30
   15         42     52     63     56     26     38     15      42
   16         49    104     81     79     33     27      9      55
   17         53     77     68     78     23     23     15      48
   18         40     72     54     56     31     27     15      42
   19         33     40     44     41     18     11      8      28
   20         31     43     30     30     21      8     10      25
   21         17     27     22     37     15     15      4      20
   22         10     11     13      8      4      5      6       8
   23          3      3      4      5      4      4      2       4
 
TOTALS
 
12HR 7-19    417    732    640    629    245    310    208     454
16HR 6-22    521    873    762    764    313    346    231     544
18HR 6-24    534    887    779    777    321    355    239     556
24HR 0-24    545    897    793    793    331    363    256     568
 
 
 
 
*LOCATION   : ............................................................
*SITE NUMBER: 11704019
*FILE NUMBER:        5
*INTERVAL   :   15 MIN
*BATTERY    :    6.7 V
*RESTARTS   :        0
*CONFIG     :       12
*CHANNEL    :  2 OF  2
 
             MON    TUE    WED    THU    FRI    SAT    SUN    7-DAY
DATE    07/10/15     16     17     18     19     20     21   AVERAGE
 
START HOUR
 
    0          0      2      0      2      3      3      2       2
    1          0      1      2      1      3      5      2       2
    2          0      1      2      1      3      4      2       2
    3          0      2      1      2      0      0      2       1
    4          0      0      1      0      1      0      0       0
    5          3      5      4      5      5      1      1       3
    6         24     33     29     28     20      2      1      20
    7         67     76     78     69     50      4      1      49
    8        101    111    105     79     69      8      7      69
    9         46     53     39     48     40     19      5      36
   10         21     26     30     33     23     16     13      23
   11         21     22     25     23     28     25     26      24
   12         24     34     23     24     21     39     35      29
   13         27     29     20     28     24     35     49      30
   14         27     31     29     36     39     38     49      36
   15         60     61     49     63     57     34     48      53
   16         78     90     84     76     61     34     47      67
   17         75     84     82     60     55     22     36      59
   18         71     58     81     56     44     21     40      53
   19         46     46     37     51     27     12     20      34
   20         33     33     32     28     16      5     12      23
   21         31     23     25     20     16      6     10      19
   22         13     12     14     12     15      5      5      11
   23          2      6      8      5      4      9      6       6
 
TOTALS
 
12HR 7-19    618    675    645    595    511    295    356     528
16HR 6-22    752    810    768    722    590    320    399     623
18HR 6-24    767    828    790    739    609    334    410     640
24HR 0-24    770    839    800    750    624    347    419     650
 
 
 
 
*LOCATION   : ............................................................
*SITE NUMBER: 11704019
*FILE NUMBER:        5
*INTERVAL   :   15 MIN
*BATTERY    :    6.7 V
*RESTARTS   :        0
*CONFIG     :       12
*CHANNEL    :  2 OF  2
 
             MON    TUE    WED    THU    FRI    SAT    SUN    7-DAY
DATE    07/10/22     23     24     25     26     27     28   AVERAGE
 
START HOUR
 
    0          3      2      3      5      2      4      6       4
    1          1      1      2      1      2      6      1       2
    2          1      0      0      2      0      1      1       1
    3          0      0      0      0      0      3      4       1
    4          1      1      0      0      2      2      1       1
    5          8      4      6      5      6      4      3       5
    6         18     23     20     16     22      3      0      15
    7         60     48     75     78     55      3      5      46
    8         86    101     83     79     84     12      1      64
    9         39     44     45     42     38     17     12      34
   10         26     26     19     25     25     21     13      22
   11         25     21     30     18     26     32     20      25
   12         32     24     32     38     29     22     26      29
   13         20     21     19     25     21     29     27      23
   14         36     39     30     34     36     30     26      33
   15         58     79     54     46     48     20     30      48
   16         63     84     67     71     88     17     25      59
   17         82     72     86     69     53     20     30      59
   18         52     48     57     42     25     20     16      37
   19         41     38     42     31     21     10     21      29
   20         36     25     30     23     24     10     12      23
   21         20     17     27     25     15      9      5      17
   22          6      9      9     10     10     11      8       9
   23          1      3      3      4      6      2      6       4
 
TOTALS
 
12HR 7-19    579    607    597    567    528    243    231     479
16HR 6-22    694    710    716    662    610    275    269     562
18HR 6-24    701    722    728    676    626    288    283     575
24HR 0-24    715    730    739    689    638    308    299     588
 
 
 
 
*LOCATION   : ............................................................
*SITE NUMBER: 11704019
*FILE NUMBER:        5
*INTERVAL   :   15 MIN
*BATTERY    :    6.7 V
*RESTARTS   :        0
*CONFIG     :       12
*CHANNEL    :  2 OF  2
 
             MON    TUE    WED    THU    FRI    SAT    SUN    7-DAY
DATE    07/10/29     30     31     01     02     03     04   AVERAGE
 
START HOUR
 
    0          5     11      2      -      -      -      -       -
    1          1      5      2      -      -      -      -       -
    2          1      1      1      -      -      -      -       -
    3          0      0      1      -      -      -      -       -
    4          0      0      0      -      -      -      -       -
    5          0      0      0      -      -      -      -       -
    6          6      3      6      -      -      -      -       -
    7         20     30     20      -      -      -      -       -
    8         74     61     70      -      -      -      -       -
    9         98    104      -      -      -      -      -       -
   10         40     47      -      -      -      -      -       -
   11         33     24      -      -      -      -      -       -
   12         20     16      -      -      -      -      -       -
   13         26     18      -      -      -      -      -       -
   14         27     22      -      -      -      -      -       -
   15         34     30      -      -      -      -      -       -
   16         53     50      -      -      -      -      -       -
   17         92     73      -      -      -      -      -       -
   18         68     55      -      -      -      -      -       -
   19         58     41      -      -      -      -      -       -
   20         37     35      -      -      -      -      -       -
   21         29     20      -      -      -      -      -       -
   22         27     23      -      -      -      -      -       -
   23          8      9      -      -      -    