*LOCATION	: ..	........	.......	.......	.......	.......	.......	...............
*SITE NUMB	ER: 12	103510						
*FILE NUMB	ER:	4						
*INTERVAL	:	15 MIN						
*BATTERY	:	5.8 V						
*RESTARTS	:	0						
*CONFIG	:	12						
*CHANNEL	:  1	OF  2						

	MON	TUE	WED	THU	FRI	SAT	SUN	7-DAY
DATE    05	/08/29	30	31	1	2	3	4	AVERAGE

START HOUR								

0	-	1	2	4	1	2	4	-
1	-	5	1	2	1	4	10	-
2	-	2	2	1	0	12	2	-
3	-	0	2	0	0	3	5	-
4	-	2	3	1	5	2	3	-
5	-	20	21	24	17	7	3	-
6	-	66	56	60	55	15	17	-
7	-	111	142	108	137	15	11	-
8	-	75	80	56	78	28	16	-
9	-	32	35	43	47	61	42	-
10	-	42	38	50	42	68	60	-
11	-	44	54	57	60	117	131	-
12	-	29	57	77	68	116	142	-
13	-	46	51	70	80	89	161	-
14	-	70	71	84	74	108	132	-
15	73	106	93	120	106	77	83	99
16	112	110	135	156	110	90	115	96
17	162	155	111	100	102	49	128	101
18	112	129	98	80	110	66	73	84
19	61	128	95	70	73	44	0	57
20	5	39	65	67	97	45	14	39
21	8	24	38	46	36	16	17	26
22	9	8	8	9	18	3	1	8
23	1	4	11	7	9	9	8	7

TOTALS								

12HR 7-19	-	949	965	701	1014	884	1094	-
16HR 6-22	-	1206	1219	814	1275	1004	1142	-
18HR 6-24	-	1218	1238	830	1302	1016	1151	-
24HR 0-24	543	1248	1269	1292	1326	1046	1178	-
								



*LOCATION	: ..	........	.......	.......	.......	.......	.......	...............
*SITE NUMB	ER: 12	103510						
*FILE NUMB	ER:	4						
*INTERVAL	:	15 MIN						
*BATTERY	:	5.8 V						
*RESTARTS	:	0						
*CONFIG	:	12						
*CHANNEL	:  1	OF  2						

	MON	TUE	WED	THU	FRI	SAT	SUN	7-DAY
DATE    05	/09/05	6	7	8	9	10	11	AVERAGE

START HOUR								

0	0	0	6	5	2	4	2	3
1	8	5	1	2	2	4	0	3
2	2	3	0	1	2	4	4	2
3	0	0	4	0	0	0	4	1
4	2	2	4	2	3	3	1	2
5	25	22	24	23	15	2	6	17
6	70	66	64	63	50	8	4	46
7	124	108	111	95	100	28	11	82
8	58	69	55	59	67	15	21	49
9	47	43	47	33	51	39	41	43
10	35	45	46	61	29	66	56	48
11	45	54	61	28	47	69	108	59
12	54	64	68	47	45	68	120	67
13	68	53	89	48	63	97	149	81
14	74	69	67	86	76	75	135	83
15	135	102	101	87	80	71	66	92
16	130	118	134	110	105	78	58	105
17	117	109	129	102	91	68	81	100
18	127	159	89	94	83	53	97	100
19	100	125	67	64	48	32	76	59
20	19	18	50	68	56	19	37	38
21	35	21	26	27	19	22	21	24
22	12	17	13	7	8	11	10	11
23	1	8	3	6	9	4	1	5

TOTALS								

12HR 7-19	1014	993	997	850	837	727	943	909
16HR 6-22	1138	1223	1204	1072	1010	808	1081	1077
18HR 6-24	1151	1248	1220	1085	1027	823	1092	1092
24HR 0-24	1288	1280	1259	1118	1051	840	1109	1121
								



*LOCATION	: ..	........	.......	.......	.......	.......	.......	...............
*SITE NUMB	ER: 12	103510						
*FILE NUMB	ER:	4						
*INTERVAL	:	15 MIN						
*BATTERY	:	5.8 V						
*RESTARTS	:	0						
*CONFIG	:	12						
*CHANNEL	:  1	OF  2						

	MON	TUE	WED	THU	FRI	SAT	SUN	7-DAY
DATE    05	/09/12	13	14	15	16	17	18	AVERAGE

START HOUR								

0	1	3	2	3	0	5	3	2
1	3	0	3	0	2	1	8	2
2	1	1	2	5	0	1	10	3
3	0	0	2	0	0	0	2	1
4	3	3	2	1	1	0	0	1
5	18	21	11	24	19	3	2	14
6	46	57	30	38	46	7	14	34
7	79	92	40	75	67	14	2	53
8	65	61	17	51	44	28	9	39
9	59	44	19	22	16	28	15	29
10	35	54	10	37	31	35	58	37
11	33	45	15	25	46	56	42	37
12	27	43	12	39	47	50	36	36
13	32	34	26	29	60	50	42	39
14	73	65	23	54	63	72	49	57
15	81	102	36	52	70	54	26	60
16	93	141	42	75	71	60	23	72
17	99	99	24	56	69	56	12	59
18	70	84	22	53	67	38	12	49
19	55	78	20	32	47	25	26	40
20	32	39	10	26	30	14	5	22
21	22	28	5	7	11	8	7	13
22	8	11	3	11	11	2	6	7
23	1	7	1	0	2	9	6	4

TOTALS								

12HR 7-19	746	864	286	568	651	541	326	569
16HR 6-22	901	1066	351	671	785	595	378	678
18HR 6-24	910	1084	355	682	798	606	390	689
24HR 0-24	936	1112	377	715	820	616	415	713
								



*LOCATION	: ..	........	.......	.......	.......	.......	.......	...............
*SITE NUMB	ER: 12	103510						
*FILE NUMB	ER:	4						
*INTERVAL	:	15 MIN						
*BATTERY	:	5.8 V						
*RESTARTS	:	0						
*CONFIG	:	12						
*CHANNEL	:  1	OF  2						

	MON	TUE	WED	THU	FRI	SAT	SUN	7-DAY
DATE    05	/09/19	20	21	22	23	24	25	AVERAGE

START HOUR								

0	0	1	1	1	3	7	0	2
1	2	4	1	3	0	2	2	2
2	0	1	4	3	2	4	6	3
3	0	2	0	1	2	2	1	1
4	0	4	5	2	1	0	1	2
5	19	18	26	25	17	6	3	16
6	52	58	46	55	33	8	9	37
7	63	83	89	70	76	14	13	58
8	53	55	54	51	62	20	17	45
9	28	44	29	42	29	30	49	36
10	29	35	48	29	49	47	112	50
11	29	29	46	47	54	75	161	63
12	30	43	52	59	75	71	192	75
13	37	33	79	61	52	82	150	71
14	61	50	100	64	72	78	141	81
15	76	85	91	85	89	84	102	87
16	100	98	124	86	84	72	93	94
17	93	66	76	67	65	80	71	74
18	77	64	90	74	59	55	59	68
19	51	55	43	56	55	28	54	49
20	71	40	49	33	26	13	21	36
21	16	30	18	23	24	16	9	19
22	4	6	8	9	7	5	6	6
23	3	7	6	2	2	1	1	3

TOTALS								

12HR 7-19	676	685	878	735	766	708	1160	801
16HR 6-22	866	868	1034	902	904	773	1253	943
18HR 6-24	873	881	1048	913	913	779	1260	952
24HR 0-24	894	911	1085	948	938	800	1273	978
								



*LOCATION	: ..	........	.......	.......	.......	.......	.......	...............
*SITE NUMB	ER: 12	103510						
*FILE NUMB	ER:	4						
*INTERVAL	:	15 MIN						
*BATTERY	:	5.8 V						
*RESTARTS	:	0						
*CONFIG	:	12						
*CHANNEL	:  1	OF  2						

	MON	TUE	WED	THU	FRI	SAT	SUN	7-DAY
DATE    05	/09/26	27	28	29	30	1	2	AVERAGE

START HOUR								

0	5	2	4	0	5	2	2	3
1	0	4	0	5	0	0	0	1
2	0	1	5	2	0	1	1	1
3	0	1	1	0	1	1	3	1
4	2	2	2	0	0	2	6	2
5	21	26	29	11	15	6	4	16
6	61	59	54	21	40	4	2	34
7	87	99	87	55	86	6	8	61
8	71	73	47	31	55	14	10	43
9	47	40	48	33	30	29	33	37
10	35	45	31	24	34	46	47	37
11	50	52	49	37	38	66	87	54
12	61	43	38	28	37	51	91	50
13	52	51	42	47	50	64	64	53
14	81	84	46	51	56	84	49	64
15	116	103	57	71	66	100	34	78
16	136	146	86	91	81	39	24	86
17	122	96	58	82	84	48	27	74
18	80	77	58	67	61	31	15	56
19	56	71	44	48	36	24	28	44
20	45	38	34	22	26	9	13	27
21	21	18	13	22	17	11	5	15
22	12	16	12	14	6	10	8	11
23	2	7	4	1	2	2	2	3

TOTALS								

12HR 7-19	938	909	647	617	678	578	489	694
16HR 6-22	1121	1095	792	730	797	626	537	814
18HR 6-24	1135	1118	808	745	805	638	547	828
24HR 0-24	1163	1154	849	763	826	650	563	853
								



*LOCATION	: ..	........	.......	.......	.......	.......	.......	...............
*SITE NUMB	ER: 12	103510						
*FILE NUMB	ER:	4						
*INTERVAL	:	15 MIN						
*BATTERY	:	5.8 V						
*RESTARTS	:	0						
*CONFIG	:	12						
*CHANNEL	:  1	OF  2						

	MON	TUE	WED	THU	FRI	SAT	SUN	7-DAY
DATE    05	/10/03	4	5	6	7	8	9	AVERAGE

START HOUR								

0	0	-	-	-	-	-	-	-
1	0	-	-	-	-	-	-	-
2	0	-	-	-	-	-	-	-
3	0	-	-	-	-	-	-	-
4	3	-	-	-	-	-	-	-
5	21	-	-	-	-	-	-	-
6	58	-	-	-	-	-	-	-
7	85	-	-	-	-	-	-	-
8	68	-	-	-	-	-	-	-
9	51	-	-	-	-	-	-	-
10	40	-	-	-	-	-	-	-
11	49	-	-	-	-	-	-	-
12	48	-	-	-	-	-	-	-
13	81	-	-	-	-	-	-	-
14	-	-	-	-	-	-	-	-
15	-	-	-	-	-	-	-	-
16	-	-	-	-	-	-	-	-
17	-	-	-	-	-	-	-	-
18	-	-	-	-	-	-	-	-
19	-	-	-	-	-	-	-	-
20	-	-	-	-	-	-	-	-
21	-	-	-	-	-	-	-	-
22	-	-	-	-	-	-	-	-
23	-	-	-	-	-	-	-	-
	504							
TOTALS								

12HR 7-19	-	-	-	-	-	-	-	-
16HR 6-22	-	-	-	-	-	-	-	-
18HR 6-24	-	-	-	-	-	-	-	-
24HR 0-24	-	-	-	-	-	-	-	-
								



*LOCATION	: ..	........	.......	.......	.......	.......	.......	...............
*SITE NUMB	ER: 12	103510						
*FILE NUMB	ER:	4						
*INTERVAL	:	15 MIN						
*BATTERY	:	5.8 V						
*RESTARTS	:	0						
*CONFIG	:	12						
*CHANNEL	:  2	OF  2						

	MON	TUE	WED	THU	FRI	SAT	SUN	7-DAY
DATE    05	/08/29	30	31	1	2	3	4	AVERAGE

START HOUR								

0	-	1	1	2	2	4	3	-
1	-	1	0	0	0	0	0	-
2	-	2	0	2	0	0	0	-
3	-	0	0	0	1	0	0	-
4	-	0	3	1	1	2	2	-
5	-	7	8	4	6	2	1	-
6	-	30	29	29	20	2	5	-
7	-	47	44	49	49	5	7	-
8	-	33	22	31	30	10	11	-
9	-	28	25	28	28	14	20	-
10	-	18	18	22	19	27	31	-
11	-	20	20	21	36	38	49	-
12	-	21	25	31	34	54	81	-
13	-	36	17	20	39	48	62	-
14	-	29	44	49	49	41	57	-
15	40	64	59	48	47	46	62	52
16	48	54	62	50	49	43	50	44
17	28	61	61	45	45	30	32	37
18	26	35	34	35	45	29	29	26
19	16	36	32	30	33	34	15	22
20	3	13	27	28	22	15	14	13
21	7	10	9	20	14	13	12	12
22	2	8	5	4	8	2	1	4
23	1	2	1	2	4	1	3	2

TOTALS								
	171							
12HR 7-19	-	446	431	299	470	385	476	-
16HR 6-22	-	535	528	352	559	449	498	-
18HR 6-24	-	545	534	358	571	452	502	-
24HR 0-24	-	556	546	551	581	460	547	-
								



*LOCATION	: ..	........	.......	.......	.......	.......	.......	...............
*SITE NUMB	ER: 12	103510						
*FILE NUMB	ER:	4						
*INTERVAL	:	15 MIN						
*BATTERY	:	5.8 V						
*RESTARTS	:	0						
*CONFIG	:	12						
*CHANNEL	:  2	OF  2						

	MON	TUE	WED	THU	FRI	SAT	SUN	7-DAY
DATE    05	/09/05	6	7	8	9	10	11	AVERAGE

START HOUR								

0	2	0	1	2	1	0	5	2
1	0	1	0	0	0	2	0	0
2	0	0	1	0	0	1	0	0
3	0	0	0	1	0	1	0	0
4	3	1	0	1	1	2	1	1
5	10	10	12	11	8	1	2	8
6	32	33	25	23	21	5	2	20
7	49	49	57	39	41	8	11	36
8	37	28	32	33	25	11	11	25
9	27	25	29	22	20	18	22	23
10	30	30	19	12	14	24	27	19
11	20	30	20	16	20	43	36	26
12	32	32	25	26	36	33	47	33
13	38	25	30	26	45	30	46	34
14	53	38	36	38	46	25	51	39
15	54	51	68	35	47	31	28	45
16	50	51	61	41	37	30	24	42
17	54	55	53	42	31	22	54	44
18	54	62	43	45	29	29	31	42
19	25	27	47	40	35	20	23	27
20	24	10	36	21	27	13	18	21
21	23	14	12	17	9	14	6	14
22	5	9	9	2	4	4	4	5
23	1	0	0	1	1	3	2	1

TOTALS								

12HR 7-19	474	476	473	375	379	304	388	410
16HR 6-22	553	560	593	476	471	356	437	492
18HR 6-24	559	569	602	479	476	363	443	499
24HR 0-24	623	581	616	494	498	370	451	510
								



*LOCATION	: ..	........	.......	.......	.......	.......	.......	...............
*SITE NUMB	ER: 12	103510						
*FILE NUMB	ER:	4						
*INTERVAL	:	15 MIN						
*BATTERY	:	5.8 V						
*RESTARTS	:	0						
*CONFIG	:	12						
*CHANNEL	:  2	OF  2						

	MON	TUE	WED	THU	FRI	SAT	SUN	7-DAY
DATE    05	/09/12	13	14	15	16	17	18	AVERAGE

START HOUR								

0	2	1	2	3	1	3	1	2
1	1	0	0	0	1	1	2	1
2	0	0	1	0	0	0	0	0
3	1	0	0	0	1	0	0	0
4	0	1	1	1	0	0	0	0
5	7	7	1	2	5	0	0	3
6	19	20	7	21	16	1	3	12
7	45	37	25	32	31	5	4	26
8	26	26	30	21	22	9	4	17
9	17	24	25	15	21	12	8	15
10	13	20	20	9	20	26	22	17
11	14	22	19	14	15	35	23	18
12	22	24	15	14	22	31	29	21
13	16	19	11	18	29	30	30	19
14	35	29	21	18	28	30	23	26
15	40	53	30	33	40	37	17	34
16	43	52	35	31	36	26	16	30
17	50	55	40	27	32	22	16	27
18	43	56	20	20	24	20	10	25
19	21	26	15	14	15	17	9	16
20	26	25	12	11	11	16	6	15
21	10	9	10	6	9	6	5	7
22	3	3	0	5	6	2	2	3
23	1	2	0	1	2	1	1	1

TOTALS								

12HR 7-19	353	403	146	252	320	274	177	275
16HR 6-22	429	483	177	304	371	314	200	325
18HR 6-24	433	488	177	310	379	317	203	330
24HR 0-24	455	511	340	316	387	330	231	336
								



*LOCATION	: ..	........	.......	.......	.......	.......	.......	...............
*SITE NUMB	ER: 12	103510						
*FILE NUMB	ER:	4						
*INTERVAL	:	15 MIN						
*BATTERY	:	5.8 V						
*RESTARTS	:	0						
*CONFIG	:	12						
*CHANNEL	:  2	OF  2						

	MON	TUE	WED	THU	FRI	SAT	SUN	7-DAY
DATE    05	/09/19	20	21	22	23	24	25	AVERAGE

START HOUR								

0	1	1	1	0	1	2	1	1
1	0	0	0	0	0	0	0	0
2	1	0	0	0	1	0	3	1
3	0	0	0	0	1	0	0	0
4	1	1	2	1	0	0	0	1
5	6	8	6	7	7	2	0	5
6	12	23	26	25	24	3	2	16
7	38	40	32	37	32	6	4	27
8	21	20	28	24	26	13	8	20
9	18	28	15	23	20	12	26	19
10	16	20	16	17	17	25	38	20
11	19	19	11	14	19	28	62	25
12	18	13	14	17	26	41	69	28
13	26	18	26	29	33	47	72	36
14	30	33	33	29	39	35	63	37
15	39	43	52	50	40	33	50	42
16	41	51	50	46	43	35	40	41
17	54	40	60	43	35	30	38	36
18	46	28	44	28	26	27	36	32
19	35	24	30	24	18	20	35	25
20	32	14	22	20	14	11	11	18
21	8	10	8	8	7	13	8	9
22	4	0	3	4	2	9	1	3
23	2	2	1	1	2	1	1	1

TOTALS								

12HR 7-19	358	340	347	357	329	325	479	362
16HR 6-22	441	411	424	434	392	372	535	430
18HR 6-24	447	413	428	439	396	382	537	435
24HR 0-24	468	436	480	447	433	393	568	442
								



*LOCATION	: ..	........	.......	.......	.......	.......	.......	...............
*SITE NUMB	ER: 12	103510						
*FILE NUMB	ER:	4						
*INTERVAL	:	15 MIN						
*BATTERY	:	5.8 V						
*RESTARTS	:	0						
*CONFIG	:	12						
*CHANNEL	:  2	OF  2						

	MON	TUE	WED	THU	FRI	SAT	SUN	7-DAY
DATE    05	/09/26	27	28	29	30	1	2	AVERAGE

START HOUR								

0	2	1	2	2	5	3	2	2
1	0	0	0	0	0	0	0	0
2	0	0	0	1	0	1	0	0
3	0	0	0	0	0	0	2	0
4	0	0	1	2	3	1	2	1
5	4	4	6	3	3	0	0	3
6	23	29	29	10	21	4	4	17
7	41	34	38	30	24	6	5	24
8	27	27	32	25	29	3	7	20
9	23	31	16	14	15	16	7	17
10	23	25	17	11	12	16	33	18
11	26	40	22	16	23	45	31	29
12	29	30	15	22	29	40	29	26
13	30	31	24	17	28	37	30	26
14	39	33	26	25	30	40	26	30
15	51	52	33	27	34	31	25	34
16	55	61	45	37	40	28	20	36
17	60	50	50	40	28	19	18	29
18	48	42	35	42	30	19	16	28
19	41	41	25	21	25	15	15	23
20	28	24	10	18	17	14	14	18
21	12	9	5	12	13	8	8	9
22	1	3	3	3	4	1	2	2
23	1	0	0	0	4	2	0	1

TOTALS								

12HR 7-19	431	440	310	277	299	291	188	319
16HR 6-22	535	543	364	338	375	332	215	386
18HR 6-24	537	546	367	341	383	335	217	389
24HR 0-24	564	567	434	378	417	349	296	397
								



*LOCATION	: ..	........	.......	.......	.......	.......	.......	...............
*SITE NUMB	ER: 12	103510						
*FILE NUMB	ER:	4						
*INTERVAL	:	15 MIN						
*BATTERY	:	5.8 V						
*RESTARTS	:	0						
*CONFIG	:	12						
*CHANNEL	:  2	OF  2						

	MON	TUE	WED	THU	FRI	SAT	SUN	7-DAY
DATE    05	/10/03	4	5	6	7	8	9	AVERAGE

START HOUR								

0	2	-	-	-	-	-	-	-
1	0	-	-	-	-	-	-	-
2	0	-	-	-	-	-	-	-
3	0	-	-	-	-	-	-	-
4	2	-	-	-	-	-	-	-
5	6	-	-	-	-	-	-	-
6	24	-	-	-	-	-	-	-
7	30	-	-	-	-	-	-	-
8	29	-	-	-	-	-	-	-
9	19	-	-	-	-	-	-	-
10	9	-	-	-	-	-	-	-
11	27	-	-	-	-	-	-	-
12	26	-	-	-	-	-	-	-
13	28	-	-	-	-	-	-	-
14	-	-	-	-	-	-	-	-
15	-	-	-	-	-	-	-	-
16	-	-	-	-	-	-	-	-
17	-	-	-	-	-	-	-	-
18	-	-	-	-	-	-	-	-
19	-	-	-	-	-	-	-	-
20	-	-	-	-	-	-	-	-
21	-	-	-	-	-	-	-	-
22	-	-	-	-	-	-		

	202
