 
 
 
*LOCATION   : ............................................................
*SITE NUMBER: 10701906
*FILE NUMBER:        2
*INTERVAL   :   15 MIN
*BATTERY    :    6.2 V
*RESTARTS   :        0
*CONFIG     :        0
*CHANNEL    :  1 OF  1
 
             MON    TUE    WED    THU    FRI    SAT    SUN    7-DAY
DATE    09/05/04     05     06     07     08     09     10   AVERAGE
 
START HOUR
 
    0          -      4      7      6      3      6      9       -
    1          -      0      1      7      1     11      6       -
    2          -      3      1      1      2      5      4       -
    3          -      1      1      2      1      8      5       -
    4          -      4      1      0      2      3      4       -
    5          -     13      3      9      8      5      3       -
    6          -     43     30     41     42      8      3       -
    7          -    189    126    163    146      5      9       -
    8          -    258    172    216    223     24     13       -
    9          -    136     86    115    117     16     14       -
   10          -     82     68     77     88     16     40       -
   11         57     74     49     68     72      9     47      54
   12         66     77     54     71    108      5     62      63
   13         71     70     34     70     85     17     63      59
   14         75     73     69     98     98     31     89      76
   15        139    157    103    148    191      4     56     114
   16        273    265    173    245    225     32     76     184
   17        212    222    175    188    171     31     65     152
   18        110    148     92    149    113     26     65     100
   19         75     93     65    103     85     15     70      72
   20         59     64     74     83     55     26     39      57
   21         31     51     47     48     45     17     33      39
   22         14     12     28     23     25     13     11      18
   23          5     10      9     15     20      4     11      11
 
TOTALS
 
12HR 7-19      -   1751   1201   1608   1637    216    599       -
16HR 6-22      -   2002   1417   1883   1864    282    744       -
18HR 6-24      -   2024   1454   1921   1909    299    766       -
24HR 0-24      -   2049   1468   1946   1926    337    797       -
 
 
 
 
*LOCATION   : ............................................................
*SITE NUMBER: 10701906
*FILE NUMBER:        2
*INTERVAL   :   15 MIN
*BATTERY    :    6.2 V
*RESTARTS   :        0
*CONFIG     :        0
*CHANNEL    :  1 OF  1
 
             MON    TUE    WED    THU    FRI    SAT    SUN    7-DAY
DATE    09/05/11     12     13     14     15     16     17   AVERAGE
 
START HOUR
 
    0          4      6      6      9      6     15      8       8
    1          3      3      1      1      2      5     13       4
    2          2      1      3      1      1      3      7       3
    3          2      4      1      0      2     10      8       4
    4          1      4      6      2      2      2      4       3
    5          7      8     14     11      9      3      3       8
    6         40     46     53     54     32      7      4      34
    7        176    188    181    179    161     15      9     130
    8        215    248    265    230    219     44     16     177
    9        135    139    154    117    112     54     32     106
   10         61     78     86     83     65     58     36      67
   11         62     64     75     86     64     71     79      72
   12         58    102     87     65     60    113     90      82
   13         81     73     89     67     82    105    100      85
   14         49     84    107     79    103     80     96      85
   15        139    171    132    120    173     92    106     133
   16        190    268    248    238    243     84    109     197
   17        150    237    207    182    162     69     96     158
   18        107    180    138    126    130     77     83     120
   19         69    117     91     73     88     42     66      78
   20         65     80     90     63     62     49     38      64
   21         39     62     46     34     54     37     49      46
   22         11     27     26     21     18     23     13      20
   23         14      8     16     13     27     18     10      15
 
TOTALS
 
12HR 7-19   1423   1832   1769   1572   1574    862    852    1412
16HR 6-22   1636   2137   2049   1796   1810    997   1009    1633
18HR 6-24   1661   2172   2091   1830   1855   1038   1032    1668
24HR 0-24   1680   2198   2122   1854   1877   1076   1075    1697
 
 
 
 
*LOCATION   : ............................................................
*SITE NUMBER: 10701906
*FILE NUMBER:        2
*INTERVAL   :   15 MIN
*BATTERY    :    6.2 V
*RESTARTS   :        0
*CONFIG     :        0
*CHANNEL    :  1 OF  1
 
             MON    TUE    WED    THU    FRI    SAT    SUN    7-DAY
DATE    09/05/18     19     20     21     22     23     24   AVERAGE
 
START HOUR
 
    0          7      4      3      7      7      5     10       6
    1          2      2      5      5      2     10     11       5
    2          0      1      2      7      2      5      3       3
    3          3      2      1      8      1      5      7       4
    4          2      1      1      7      1      2      2       2
    5          7      6     12      5      7      1      3       6
    6         61     47     55      9     26      2      6      29
    7        217    185    204     13    114      1      5     106
    8        295    222    262     15    172     23     17     144
    9        170    135    154     24    112     26     39      94
   10        102     78    106     40     72     45    102      78
   11         77     59     81     72     76     46    165      82
   12         73     53     97     64     81     48    248      95
   13         85     68     90     87     98     63    285     111
   14        112     81    104     86    110     51    324     124
   15        167    149    177     71    138     68    337     158
   16        306    236    256     88    188     84    214     196
   17        271    190    198     90    128     51    255     169
   18        205    168    144     61     90     67    216     136
   19        147    127     94     52     58     90    113      97
   20         85     86     83     40     40     75     91      71
   21         46     52     64     25     31     40     50      44
   22         23     28     35     12     23     28     19      24
   23          8     18     19      6     10     18     12      13
 
TOTALS
 
12HR 7-19   2080   1624   1873    711   1379    573   2207    1492
16HR 6-22   2419   1936   2169    837   1534    780   2467    1735
18HR 6-24   2450   1982   2223    855   1567    826   2498    1772
24HR 0-24   2471   1998   2247    894   1587    854   2534    1798
 
 
 
 
*LOCATION   : ............................................................
*SITE NUMBER: 10701906
*FILE NUMBER:        2
*INTERVAL   :   15 MIN
*BATTERY    :    6.2 V
*RESTARTS   :        0
*CONFIG     :        0
*CHANNEL    :  1 OF  1
 
             MON    TUE    WED    THU    FRI    SAT    SUN    7-DAY
DATE    09/05/25     26     27     28     29     30     31   AVERAGE
 
START HOUR
 
    0          4      6     11      8      -      -      -       -
    1          3      3      0      5      -      -      -       -
    2          3      1      1      2      -      -      -       -
    3          1      5      0      1      -      -      -       -
    4          2      2      8      1      -      -      -       -
    5          8      8     10      6      -      -      -       -
    6         52     81     51     58      -      -      -       -
    7        226    211    168    187      -      -      -       -
    8        326    329    224    275      -      -      -       -
    9        180    188    146      -      -      -      -       -
   10         90    104     72      -      -      -      -       -
   11         85     74     61      -      -      -      -       -
   12        118    131     40      -      -      -      -       -
   13         92     99     38      -      -      -      -       -
   14        115    114     60      -      -      -      -       -
   15        199    215    123      -      -      -      -       -
   16        332    347    196      -      -      -      -       -
   17        280    280    172      -      -      -      -       -
   18        205    215     91      -      -      -      -       -
   19        211    176     84      -      -      -      -       -
   20        113     94     54      -      -      -      -       -
   21         82     81     34      -      -      -      -       -
   22         46     37     28      -      -      -      -       -
   23         19     29     10      -      -      -      -       -
 
TOTALS
 
12HR 7-19   2248   2307   1391      -      -      -      -       -
16HR 6-22   2706   2739   1614      -      -      -      -       -
18HR 6-24   2771   2805   1652      -      -      -      -       -
24HR 0-24   2792   2830   1682      -      -      -      -       -
 
