 
 
 
*LOCATION   : ............................................................
*SITE NUMBER: 11501928
*FILE NUMBER:        1
*INTERVAL   :   15 MIN
*BATTERY    :    6.0 V
*RESTARTS   :        0
*CONFIG     :        0
*CHANNEL    :  1 OF  1
 
             MON    TUE    WED    THU    FRI    SAT    SUN    7-DAY
DATE    09/05/04     05     06     07     08     09     10   AVERAGE
 
START HOUR
 
    0          -      2      5      9      2     18      7       -
    1          -      2      3      0      7     12     14       -
    2          -      2      3      2      4      9      3       -
    3          -      0      0      2      2     12      6       -
    4          -      1      2      4      2      3      3       -
    5          -      7      8      9     13      7      4       -
    6          -     46     29     40     37      6      5       -
    7          -    139     98    133    144     13      7       -
    8          -    208    176    204    207     19     15       -
    9          -    166    119    155    138     20     28       -
   10         64     87     76     64     93     17     40      63
   11         64     73     72     94     86     18     35      63
   12         85     71     66     95     97     12     64      70
   13         96     89     58     98    117     23     65      78
   14         87    108     73     97    121     31     87      86
   15        161    158     93    136    164     35     78     118
   16        210    205    164    213    220     36     75     160
   17        202    201    178    181    190     39     49     149
   18        122    144    115    145    135     32     77     110
   19         77    102     76    101     73     23     53      72
   20         61     66     77     78     71     34     33      60
   21         28     49     38     59     47     26     19      38
   22         19     36     28     28     28     15     18      25
   23          8      6     21     15     28     17     11      15
 
TOTALS
 
12HR 7-19      -   1649   1288   1615   1712    295    620       -
16HR 6-22      -   1912   1508   1893   1940    384    730       -
18HR 6-24      -   1954   1557   1936   1996    416    759       -
24HR 0-24      -   1968   1578   1962   2026    477    796       -
 
 
 
 
*LOCATION   : ............................................................
*SITE NUMBER: 11501928
*FILE NUMBER:        1
*INTERVAL   :   15 MIN
*BATTERY    :    6.0 V
*RESTARTS   :        0
*CONFIG     :        0
*CHANNEL    :  1 OF  1
 
             MON    TUE    WED    THU    FRI    SAT    SUN    7-DAY
DATE    09/05/11     12     13     14     15     16     17   AVERAGE
 
START HOUR
 
    0          3      5      9     13     15     20     16      12
    1          3      4      3      5      2     14     26       8
    2          2      0      0      8      1     10     15       5
    3          0      2      2      5      9      8      6       5
    4          0      0      0      3      1      2     14       3
    5          7      4      6      8      9      6      3       6
    6         52     49     52     46     41      9      8      37
    7        122    143    131    144    128     13     16     100
    8        220    236    260    237    209     35     23     174
    9        148    150    165    143    148     53     26     119
   10         70     90     88     94     72    106     41      80
   11         63     96     92     86     96    117     83      90
   12         77    100    101    113    113    132    101     105
   13         76    101    107     96    108    143    109     106
   14         52     91    104     91    113    104     97      93
   15        128    168    162    146    173    108    106     142
   16        189    257    258    215    248     84    106     194
   17        155    230    219    179    180     79     93     162
   18        106    176    139    124    143     61    101     121
   19         61    116     86     71     75     52     57      74
   20         55     93     76     64     59     38     55      63
   21         47     52     68     46     54     36     28      47
   22         20     27     31     33     26     30     19      27
   23          8     19     26     12     32     15     14      18
 
TOTALS
 
12HR 7-19   1406   1838   1826   1668   1731   1035    902    1487
16HR 6-22   1621   2148   2108   1895   1960   1170   1050    1707
18HR 6-24   1649   2194   2165   1940   2018   1215   1083    1752
24HR 0-24   1664   2209   2185   1982   2055   1275   1163    1790
 
 
 
 
*LOCATION   : ............................................................
*SITE NUMBER: 11501928
*FILE NUMBER:        1
*INTERVAL   :   15 MIN
*BATTERY    :    6.0 V
*RESTARTS   :        0
*CONFIG     :        0
*CHANNEL    :  1 OF  1
 
             MON    TUE    WED    THU    FRI    SAT    SUN    7-DAY
DATE    09/05/18     19     20     21     22     23     24   AVERAGE
 
START HOUR
 
    0          4      8      9     25     14     10     20      13
    1          3      6      2     23     10      7     14       9
    2          1      1      3     12      6      2     11       5
    3          1      0      3      4      4      9      8       4
    4          0      0      1     12      2      3      5       3
    5         12      5     13      3      6      0      2       6
    6         48     38     51     14     25      7      5      27
    7        177    132    148     10    106      6      6      84
    8        265    223    250     19    150      6     14     132
    9        180    140    161     20    129     23     30      98
   10         83     68    101     31     92     30     61      67
   11        108     81     84     50     91     47     80      77
   12         93     85     89     70     96     25     90      78
   13         87     93    100     80    107     25    129      89
   14        115    105    130     78    144     21    121     102
   15        182    136    204     74    145     45     93     126
   16        288    225    263     84    202     28     77     167
   17        266    194    197     77    137     40     83     142
   18        154    174    153     63     92     28     87     107
   19        128    140    111     39     56     26     63      80
   20         89     65     79     47     25     28     46      54
   21         41     45     46     29     23     25     46      36
   22         33     31     36     23     26     24     29      29
   23         13     14     36     15     13     22     23      19
 
TOTALS
 
12HR 7-19   1998   1656   1880    656   1491    324    871    1268
16HR 6-22   2304   1944   2167    785   1620    410   1031    1466
18HR 6-24   2350   1989   2239    823   1659    456   1083    1514
24HR 0-24   2371   2009   2270    902   1701    487   1143    1555
 
 
 
 
*LOCATION   : ............................................................
*SITE NUMBER: 11501928
*FILE NUMBER:        1
*INTERVAL   :   15 MIN
*BATTERY    :    6.0 V
*RESTARTS   :        0
*CONFIG     :        0
*CHANNEL    :  1 OF  1
 
             MON    TUE    WED    THU    FRI    SAT    SUN    7-DAY
DATE    09/05/25     26     27     28     29     30     31   AVERAGE
 
START HOUR
 
    0          7      8      9     12      -      -      -       -
    1          6      2      4      7      -      -      -       -
    2          1      3      2      5      -      -      -       -
    3          3      3      1      2      -      -      -       -
    4          2      1      0      3      -      -      -       -
    5         13      9     10      8      -      -      -       -
    6         59     37     54     52      -      -      -       -
    7        163    141    128    145      -      -      -       -
    8        196    304    225    267      -      -      -       -
    9        138    184    150      -      -      -      -       -
   10         76    109     90      -      -      -      -       -
   11        125     99     82      -      -      -      -       -
   12        115    139     43      -      -      -      -       -
   13        105    138     48      -      -      -      -       -
   14        119    146     62      -      -      -      -       -
   15        217    211    138      -      -      -      -       -
   16        300    328    196      -      -      -      -       -
   17        270    216    200      -      -      -      -       -
   18        192    175    113      -      -      -      -       -
   19        162    164     70      -      -      -      -       -
   20        107    133     61      -      -      -      -       -
   21        103     81     34      -      -      -      -       -
   22         49     33     34      -      -      -      -       -
   23         28     26     24      -      -      -      -       -
 
TOTALS
 
12HR 7-19   2016   2190   1475      -      -      -      -       -
16HR 6-22   2447   2605   1694      -      -      -      -       -
18HR 6-24   2524   2664   1752      -      -      -      -       -
24HR 0-24   2556   2690   1778      -      -      -      -       -
 
