 
 
 
*LOCATION   : ............................................................
*SITE NUMBER: 11801919
*FILE NUMBER:        2
*INTERVAL   :   15 MIN
*BATTERY    :    6.4 V
*RESTARTS   :        0
*CONFIG     :        1
*CHANNEL    :  1 OF  1
 
             TUE    WED    THU    FRI    SAT    SUN    MON    7-DAY
DATE    09/05/05     06     07     08     09     10     11   AVERAGE
 
START HOUR
 
    0          -      0      2      0      2      3      1       -
    1          -      0      0      0      3      3      0       -
    2          -      4      0      0      0      0      0       -
    3          -      3      0      1      2      0      0       -
    4          -      1      1      0      2      1      2       -
    5          -      6     14     12      1      0     10       -
    6          -     37     57     52      7     11     62       -
    7          -     60     70     91      9     15     73       -
    8          -     28     74     48     16     24     52       -
    9          -     21     45     40     29     35     29       -
   10          -     17     23     52      8     53     22       -
   11          -     33     47     57      6     73     34       -
   12          -     23     27     62      8     93     39       -
   13          -     25     49     60      6    115     35       -
   14         40     30     62     63     16     89     30      47
   15        100     44     81     83     12     65     53      63
   16         93     69    106    103     28     67     75      77
   17         84     59     83     68     22     66     54      62
   18         66     57     73     56     28     71     41      56
   19         54     52     89     52     27     70     39      55
   20         34     27     49     55     15     45     25      36
   21         19     17     21     47     19     22     10      22
   22         12      6      9     31     13     15      8      13
   23          3      3      3     10      8      1      3       4
 
TOTALS
 
12HR 7-19      -    466    740    783    188    766    537       -
16HR 6-22      -    599    956    989    256    914    673       -
18HR 6-24      -    608    968   1030    277    930    684       -
24HR 0-24      -    622    985   1043    287    937    697       -
 
 
 
 
*LOCATION   : ............................................................
*SITE NUMBER: 11801919
*FILE NUMBER:        2
*INTERVAL   :   15 MIN
*BATTERY    :    6.4 V
*RESTARTS   :        0
*CONFIG     :        1
*CHANNEL    :  1 OF  1
 
             TUE    WED    THU    FRI    SAT    SUN    MON    7-DAY
DATE    09/05/12     13     14     15     16     17     18   AVERAGE
 
START HOUR
 
    0          2      3      2      6      6      1      1       3
    1          1      2      1      0      2      3      1       1
    2          0      0      1      1      1      4      0       1
    3          2      1      2      0      0      0      0       1
    4          0      1      2      3      1      0      1       1
    5         13     18     12     13      2      2     20      11
    6         63     55     46     47      9      2     72      42
    7         79     98     75     91     11     10    117      69
    8         49     67     62     38     11     15     63      44
    9         37     40     41     31     47     43     50      41
   10         45     32     23     43     52     85     52      47
   11         44     57     27     30     63     86     49      51
   12         49     58     45     36     75    110     54      61
   13         50     55     42     51     75    109     82      66
   14         56     66     47     74     74    132     81      76
   15         73     68     66     82     91     89    115      83
   16        106    106     92     98     59     93    163     102
   17         85     84     64     87     61     78     97      79
   18         88     71     57     55     71     75     91      73
   19         83     53     44     52     49     68     90      63
   20         48     41     31     41     35     47     34      40
   21         27     22     12     19     35     23     36      25
   22          9     11      7     14     10      5      7       9
   23          4     10      4      6     11      4      2       6
 
TOTALS
 
12HR 7-19    761    802    641    716    690    925   1014     793
16HR 6-22    982    973    774    875    818   1065   1246     962
18HR 6-24    995    994    785    895    839   1074   1255     977
24HR 0-24   1013   1019    805    918    851   1084   1278     995
 
 
 
 
*LOCATION   : ............................................................
*SITE NUMBER: 11801919
*FILE NUMBER:        2
*INTERVAL   :   15 MIN
*BATTERY    :    6.4 V
*RESTARTS   :        0
*CONFIG     :        1
*CHANNEL    :  1 OF  1
 
             TUE    WED    THU    FRI    SAT    SUN    MON    7-DAY
DATE    09/05/19     20     21     22     23     24     25   AVERAGE
 
START HOUR
 
    0          3      1      3      2      4      6      1       3
    1          0      0      1      0      4      5      0       1
    2          0      1      0      0      1      5      0       1
    3          2      0      0      0      0      2      3       1
    4          0      0      0      0      0      4      1       1
    5         19     16      5     15      0      3     18      11
    6         47     70      3     42      5      9     71      35
    7         80     77      6     62      2     11    121      51
    8         44     51      4     38      9     26     65      34
    9         17     47     32     47     15     69     36      38
   10         52     31     47     62     18     57     59      47
   11         57     54     60     53     28     88     53      56
   12         36     54     93     69     46    122     55      68
   13         51     73     63     62     23    110     60      63
   14         58     49     83     61     19     97     58      61
   15         71     83     75     82     25     78    110      75
   16         72     90     70     72     49     62    140      79
   17         96     77     82     53     35     69    117      76
   18         67     66     71     49     32     50    127      66
   19         61     44     52     26     37     65     81      52
   20         37     45     29     27     14     45     63      37
   21         20     37     11     24     18     14     46      24
   22         14     18     10      7     28     13     10      14
   23          3      8      4      6      9      1      6       5
 
TOTALS
 
12HR 7-19    701    752    686    710    301    839   1001     713
16HR 6-22    866    948    781    829    375    972   1262     862
18HR 6-24    883    974    795    842    412    986   1278     881
24HR 0-24    907    992    804    859    421   1011   1301     899
 
 
 
 
*LOCATION   : ............................................................
*SITE NUMBER: 11801919
*FILE NUMBER:        2
*INTERVAL   :   15 MIN
*BATTERY    :    6.4 V
*RESTARTS   :        0
*CONFIG     :        1
*CHANNEL    :  1 OF  1
 
             TUE    WED    THU    FRI    SAT    SUN    MON    7-DAY
DATE    09/05/26     27     28     29     30     31     01   AVERAGE
 
START HOUR
 
    0          0      4      2      -      -      -      -       -
    1          1      1      0      -      -      -      -       -
    2          2      0      0      -      -      -      -       -
    3          1      1      0      -      -      -      -       -
    4          2      2      2      -      -      -      -       -
    5         17     20     17      -      -      -      -       -
    6         91     59     65      -      -      -      -       -
    7        154     72    109      -      -      -      -       -
    8         72     47     49      -      -      -      -       -
    9         54     68     43      -      -      -      -       -
   10         62     31     59      -      -      -      -       -
   11         70     41     58      -      -      -      -       -
   12         60     20     51      -      -      -      -       -
   13         69     19      -      -      -      -      -       -
   14         91     28      -      -      -      -      -       -
   15        141     53      -      -      -      -      -       -
   16        155     76      -      -      -      -      -       -
   17        118     71      -      -      -      -      -       -
   18        120     49      -      -      -      -      -       -
   19         83     27      -      -      -      -      -       -
   20         62     22      -      -      -      -      -       -
   21         28     25      -      -      -      -      -       -
   22         19      3      -      -      -      -      -       -
   23          3      3      -      -      -      -      -       -
 
TOTALS
 
12HR 7-19   1166    575      -      -      -      -      -       -
16HR 6-22   1430    708      -      -      -      -      -       -
18HR 6-24   1452    714      -      -      -      -      -       -
24HR 0-24   1475    742      -      -      -      -      -       -
 
