 
 
 
*LOCATION   : ............................................................
*SITE NUMBER: 10802602
*FILE NUMBER:        3
*INTERVAL   :   15 MIN
*BATTERY    :    6.0 V
*RESTARTS   :        0
*CONFIG     :       12
*CHANNEL    :  1 OF  2
 
             FRI    SAT    SUN    MON    TUE    WED    THU    7-DAY
DATE    05/07/01     02     03     04     05     06     07   AVERAGE
 
START HOUR
 
    0          -     24     23     16     23     20     26       -
    1          -      7      8     10      3      7     15       -
    2          -     11     14      3      4      5      9       -
    3          -      6     11      4      3      4     10       -
    4          -      4      8      4      5      4      5       -
    5          -      9      7     16     14     16     13       -
    6          -     16      6     58     55     51     61       -
    7          -     19     10    134    148    142    121       -
    8          -     30     17    176    176    169    127       -
    9          -     42     35    105    122    108     88       -
   10          -     56     50     82     96    103     41       -
   11         68     76    107     89    112    106     54      87
   12         70     95    107    108    104     92     77      93
   13        105    113    115    111    112     74     80     101
   14        101    106    142    117    151     98    102     117
   15        115    115     99    192    173    165    162     146
   16        146    121    100    237    278    222    212     188
   17        115     73    137    219    227    219    175     166
   18         68     99    141    196    193    146    167     144
   19         58     57     94    180    160    142     96     112
   20         59     46     96    132    145    121    105     101
   21         55     28     63     86    123    101     79      76
   22         39     26     48     42     80     76     31      49
   23         14     29     21     35     37     42     32      30
 
TOTALS
 
12HR 7-19      -    945   1060   1766   1892   1644   1406       -
16HR 6-22      -   1092   1319   2222   2375   2059   1747       -
18HR 6-24      -   1147   1388   2299   2492   2177   1810       -
24HR 0-24      -   1208   1459   2352   2544   2233   1888       -

 
 
 
 


















*LOCATION   : ............................................................
*SITE NUMBER: 10802602
*FILE NUMBER:        3
*INTERVAL   :   15 MIN
*BATTERY    :    6.0 V
*RESTARTS   :        0
*CONFIG     :       12
*CHANNEL    :  1 OF  2
 
             FRI    SAT    SUN    MON    TUE    WED    THU    7-DAY
DATE    05/07/08     09     10     11     12     13     14   AVERAGE
 
START HOUR
 
    0         15     21     17      9     15     16     23      17
    1         12     17     18      8      6      8     11      11
    2          8     11     13      5      5     10      9       9
    3          4     10      8      7      7      4      9       7
    4          7      7      5      7      2      6      9       6
    5          9     11      4     17     18     17     22      14
    6         47     16      9     55     62     57     48      42
    7        104     16     19    129    131    119    116      91
    8        125     41     29    130    146    131    126     104
    9         87     55     33    111    112    100     96      85
   10         69     70     54     95     95     82     77      77
   11         82     77    117     92    101    110     91      96
   12         92    101    100    122     98     98    112     103
   13         91    105    120     90    100    108     90     101
   14        125    102    124    137    146    124    113     124
   15        160    109     97    176    202    180    163     155
   16        186    100     89    195    237    227    186     174
   17        115     99    125    189    186    216    178     158
   18        137     83    110    147    167    151    171     138
   19         71     77    107    134    159    166    152     124
   20         81     64     94    114    161    119    132     109
   21         69     36     70    100    102     89     82      78
   22         48     32     55     48     66     51     57      51
   23         34     29     25     27     44     25     24      30
 
TOTALS
 
12HR 7-19   1373    958   1017   1613   1721   1646   1519    1407
16HR 6-22   1641   1151   1297   2016   2205   2077   1933    1760
18HR 6-24   1723   1212   1377   2091   2315   2153   2014    1841
24HR 0-24   1778   1289   1442   2144   2368   2214   2097    1905

 
 
 
 




















*LOCATION   : ............................................................
*SITE NUMBER: 10802602
*FILE NUMBER:        3
*INTERVAL   :   15 MIN
*BATTERY    :    6.0 V
*RESTARTS   :        0
*CONFIG     :       12
*CHANNEL    :  1 OF  2
 
             FRI    SAT    SUN    MON    TUE    WED    THU    7-DAY
DATE    05/07/15     16     17     18     19     20     21   AVERAGE
 
START HOUR
 
    0         16     26     16      3     19      8     16      15
    1          7     15      9      4      0      9      4       7
    2          8     13     14      7      4      2      8       8
    3          7     10     17      1      2      1      5       6
    4          4     12     13      6      5      5      3       7
    5         15     11     12     15     18     16     14      14
    6         37     20     14     42     47     43     50      36
    7         86     29     10    122    139    125     80      84
    8        118     27     15    102     73    114     97      78
    9         92     48     29     90     33     83     75      64
   10         62     65     25     78     17     61     74      55
   11         98     84     70    102     37     84     95      81
   12        114    107     67    111     39     90    119      92
   13        101     97     70    109     65     57    107      87
   14        125     99    106    117    103     67    105     103
   15        134    129    111    157    129    113    179     136
   16        171    114     89    222    149    165    178     155
   17        156     99    102    178    139    132    171     140
   18        118    126    104    141    105    123    143     123
   19         88     83     79    108     87    100    123      95
   20         89     35     60    136     70     94    101      84
   21         60     48     53     71     65     83     89      67
   22         60     39     24     33     31     44     46      40
   23         21     25     23     19     20     13     21      20
 
TOTALS
 
12HR 7-19   1375   1024    798   1529   1028   1214   1423    1199
16HR 6-22   1649   1210   1004   1886   1297   1534   1786    1481
18HR 6-24   1730   1274   1051   1938   1348   1591   1853    1541
24HR 0-24   1787   1361   1132   1974   1396   1632   1903    1598

 
 
 
 











*LOCATION   : ............................................................
*SITE NUMBER: 10802602
*FILE NUMBER:        3
*INTERVAL   :   15 MIN
*BATTERY    :    6.0 V
*RESTARTS   :        0
*CONFIG     :       12
*CHANNEL    :  1 OF  2
 
             FRI    SAT    SUN    MON    TUE    WED    THU    7-DAY
DATE    05/07/22     23     24     25     26     27     28   AVERAGE
 
START HOUR
 
    0         13     14      8      5     16     12     28      14
    1          5      5      4      2      2      7      9       5
    2          5      3     15      8      1      2      5       6
    3          6      5      3      0      2      1      3       3
    4         10      8      2      3      5      0      1       4
    5         12      1      4     12     13      9     17      10
    6         35     10      2     52     52     18     40      30
    7         62     14      4    100    122     48     95      64
    8         72     26     10    109    113     59    122      73
    9         57     33      7     90     93     56    100      62
   10         35     48     18     65     95     23     80      52
   11         57     71     47     74    115     53    105      75
   12         58     84     60     99     99     46     99      78
   13         38     82    104     86    138     76     86      87
   14         45     83     80     81    144     97    144      96
   15         48     62     75    122    164    134    165     110
   16         60     69     74    172    127    171    220     128
   17         41     52     78    180    112    201    201     124
   18         50     55     92    140     90    148    107      97
   19         38     45     75    113     69    113    109      80
   20         55     22     73     89     65    111     97      73
   21         34     33     50     71     55     61     53      51
   22         23     28     32     45     26     48     43      35
   23         23      7     15     22     12     21     18      17
 
TOTALS
 
12HR 7-19    623    679    649   1318   1412   1112   1524    1045
16HR 6-22    785    789    849   1643   1653   1415   1823    1280
18HR 6-24    831    824    896   1710   1691   1484   1884    1331
24HR 0-24    882    860    932   1740   1730   1515   1947    1372

 
 
 
 














*LOCATION   : ............................................................
*SITE NUMBER: 10802602
*FILE NUMBER:        3
*INTERVAL   :   15 MIN
*BATTERY    :    6.0 V
*RESTARTS   :        0
*CONFIG     :       12
*CHANNEL    :  1 OF  2
 
             FRI    SAT    SUN    MON    TUE    WED    THU    7-DAY
DATE    05/07/29     30     31     01     02     03     04   AVERAGE
 
START HOUR
 
    0         16     16     18      8      -      -      -       -
    1          6     11      6      3      -      -      -       -
    2          7      8     14      6      -      -      -       -
    3          4     13      9      0      -      -      -       -
    4          6      9     13      0      -      -      -       -
    5         11      5      9     11      -      -      -       -
    6         41     15      5     50      -      -      -       -
    7         87     20      9    122      -      -      -       -
    8         80     27      5    131      -      -      -       -
    9         84     59     10     99      -      -      -       -
   10         65     68     38      -      -      -      -       -
   11         88     92    100      -      -      -      -       -
   12        116     89    124      -      -      -      -       -
   13        119    118    125      -      -      -      -       -
   14        156    108    136      -      -      -      -       -
   15        149    111    135      -      -      -      -       -
   16        147    113    108      -      -      -      -       -
   17        145     86    132      -      -      -      -       -
   18        119     83    122      -      -      -      -       -
   19         69     56     97      -      -      -      -       -
   20         55     61     76      -      -      -      -       -
   21         49     46     58      -      -      -      -       -
   22         28     25     36      -      -      -      -       -
   23         30     17     13      -      -      -      -       -
 
TOTALS
 
12HR 7-19   1355    974   1044      -      -      -      -       -
16HR 6-22   1569   1152   1280      -      -      -      -       -
18HR 6-24   1627   1194   1329      -      -      -      -       -
24HR 0-24   1677   1256   1398      -      -      -      -       -

 
 
