 
 
 
*LOCATION   : ............................................................
*SITE NUMBER: 11401813
*FILE NUMBER:       34
*INTERVAL   :   15 MIN
*BATTERY    :    6.1 V
*RESTARTS   :        0
*CONFIG     :       12
*CHANNEL    :  1 OF  2
 
             THU    FRI    SAT    SUN    MON    TUE    WED    7-DAY
DATE    04/04/29     30     01     02     03     04     05   AVERAGE
 
START HOUR
 
    0          -      1      0      0      0      0      0       -
    1          -      0      0      0      1      0      0       -
    2          -      0      0      0      0      0      0       -
    3          -      0      1      0      0      0      0       -
    4          -      0      0      0      0      0      1       -
    5          -      1      0      0      1      1      1       -
    6          -      0      1      0      3      1      1       -
    7          -      8      2      0      6     14     13       -
    8          -      8      3      3     17     12      7       -
    9          -     15      0     10      7     13     18       -
   10          -     20      3      8     20      7     26       -
   11          -     26      5     27     21     10     23       -
   12          -     17      5     24     15     14     29       -
   13          -     20      8     15     19     24     14       -
   14         18     20      0     10     16     24     30      17
   15         19      7      4     17     23     17     25      16
   16         12     13      0     10     17     10     19      12
   17         18      6      5      7     22     19     18      14
   18         20      1      1      8     11      7     21      10
   19          6      4      4      4     11     21     15       9
   20          0      0      0      4      4      1      9       3
   21          1      1      1      1      0      1      3       1
   22          1      0      0      0      0      0      1       0
   23          0      0      0      0      0      0      1       0
 
TOTALS
 
12HR 7-19      -    161     36    139    194    171    243       -
16HR 6-22      -    166     42    148    212    195    271       -
18HR 6-24      -    166     42    148    212    195    273       -
24HR 0-24      -    168     43    148    214    196    275       -



 
 
 
 
*LOCATION   : ............................................................
*SITE NUMBER: 11401813
*FILE NUMBER:       34
*INTERVAL   :   15 MIN
*BATTERY    :    6.1 V
*RESTARTS   :        0
*CONFIG     :       12
*CHANNEL    :  1 OF  2
 
             THU    FRI    SAT    SUN    MON    TUE    WED    7-DAY
DATE    04/05/06     07     08     09     10     11     12   AVERAGE
 
START HOUR
 
    0          0      0      0      1      0      0      2       0
    1          0      0      2      2      0      0      0       1
    2          0      0      1      0      0      0      0       0
    3          0      0      0      0      0      0      0       0
    4          0      0      0      0      1      0      0       0
    5          2      2      0      0      1      1      1       1
    6          1      0      0      0      1      0      1       0
    7          4      7      1      2      7      8      7       5
    8          8     14      4      4      8      9     13       9
    9         17     29     26      8     14      7     12      16
   10         18     20     16      9     17     16     12      15
   11         28     23     28      9     20      9     14      19
   12         19     28     32     14     14      8     19      19
   13         24     34     19     13     26     30     24      24
   14         24     20     36     11     19     23      6      20
   15         34     22     23     12     15     17     17      20
   16         22     18     19      9     19     18     17      17
   17         20     10     12      9     16     14     11      13
   18         14     11     10     11     13     21      4      12
   19         11      8      7      4      6      8      0       6
   20          3      5      6      4      5      7      0       4
   21          3      1      1      4      1      0      0       1
   22          3      4      0      1      0      0      1       1
   23          0      3      0      0      0      1      0       1
 
TOTALS
 
12HR 7-19    232    236    226    111    188    180    156     190
16HR 6-22    250    250    240    123    201    195    157     202
18HR 6-24    253    257    240    124    201    196    158     204
24HR 0-24    255    259    243    127    203    197    161     206



 
 
 
 
*LOCATION   : ............................................................
*SITE NUMBER: 11401813
*FILE NUMBER:       34
*INTERVAL   :   15 MIN
*BATTERY    :    6.1 V
*RESTARTS   :        0
*CONFIG     :       12
*CHANNEL    :  1 OF  2
 
             THU    FRI    SAT    SUN    MON    TUE    WED    7-DAY
DATE    04/05/13     14     15     16     17     18     19   AVERAGE
 
START HOUR
 
    0          0      0      0      0      0      0      0       0
    1          0      0      0      0      0      1      0       0
    2          0      0      0      0      0      0      0       0
    3          0      0      0      0      0      0      0       0
    4          0      0      0      0      0      0      0       0
    5          1      1      0      1      1      2      2       1
    6          1      0      0      1      0      1      0       0
    7          4      3      1      0      7      3      3       3
    8          5      3      5      4      8      1      3       4
    9         12     16     15      2     16     10     12      12
   10         16     21     19      7      9      9     11      13
   11         11     19     28     23     16      6      -       -
   12         13     21      8     31     22      3      -       -
   13         16     28     15     16     17      1      -       -
   14         25     13      8      9     17      0      -       -
   15         17     16      7      4      1      0      -       -
   16          8     12     10      0      0      0      -       -
   17          5      2      7      0      0      0      -       -
   18          0      1      3      0      0      0      -       -
   19          0      0      0      0      0      0      -       -
   20          0      0      0      0      0      0      -       -
   21          0      0      0      0      0      0      -       -
   22          0      0      0      1      0      1      -       -
   23          1      0      1      0      0      1      -       -
 
TOTALS
 
12HR 7-19    132    155    126     96    113     33      -       -
16HR 6-22    133    155    126     97    113     34      -       -
18HR 6-24    134    155    127     98    113     36      -       -
24HR 0-24    135    156    127     99    114     39      -       -



 
 
 
 
*LOCATION   : ............................................................
*SITE NUMBER: 11401813
*FILE NUMBER:       34
*INTERVAL   :   15 MIN
*BATTERY    :    6.1 V
*RESTARTS   :        0
*CONFIG     :       12
*CHANNEL    :  2 OF  2
 
             THU    FRI    SAT    SUN    MON    TUE    WED    7-DAY
DATE    04/04/29     30     01     02     03     04     05   AVERAGE
 
START HOUR
 
    0          -      0      0      0      0      0      0       -
    1          -      0      0      0      0      0      1       -
    2          -      0      0      0      1      1      0       -
    3          -      0      1      0      0      0      0       -
    4          -      0      0      0      0      0      0       -
    5          -      1      1      0      0      1      2       -
    6          -      3      3      2      4      2      1       -
    7          -      7      1      1     11     17     19       -
    8          -      9      0      2     17     16     26       -
    9          -      3      1      5      8      5     24       -
   10          -     12      5     10     16     13     11       -
   11          -     22      9     16     16      7     13       -
   12          -     20      2     15     16      8     17       -
   13          -     11     12     22     20     11     26       -
   14         14     17      1      8     22     26     17      15
   15         12      9      4     20     19     15     21      14
   16         10      8      1     18     14     18     25      13
   17         24      8      6     20     27     20     24      18
   18          9      2      9     15     15      2     23      11
   19          2      5      4      5     13      4     29       9
   20          0      0      1      0      0      0      9       1
   21          0      1      2      0      1      0      2       1
   22          0      0      0      0      0      3      0       0
   23          0      0      0      0      0      0      1       0
 
TOTALS
 
12HR 7-19      -    128     51    152    201    158    246       -
16HR 6-22      -    137     61    159    219    164    287       -
18HR 6-24      -    137     61    159    219    167    288       -
24HR 0-24      -    138     63    159    220    169    291       -



 
 
 
 
*LOCATION   : ............................................................
*SITE NUMBER: 11401813
*FILE NUMBER:       34
*INTERVAL   :   15 MIN
*BATTERY    :    6.1 V
*RESTARTS   :        0
*CONFIG     :       12
*CHANNEL    :  2 OF  2
 
             THU    FRI    SAT    SUN    MON    TUE    WED    7-DAY
DATE    04/05/06     07     08     09     10     11     12   AVERAGE
 
START HOUR
 
    0          1      1      0      0      1      0      2       1
    1          0      2      1      0      0      0      0       0
    2          0      0      1      0      0      0      0       0
    3          0      0      0      1      0      0      0       0
    4          0      0      0      1      0      0      0       0
    5          1      1      0      0      2      2      1       1
    6          3      1      1      0      3      3      3       2
    7         13     15      0      1     14      9     11       9
    8         17     16      5      3     14     19     22      14
    9         14     11      5      6     14      5      9       9
   10          9     18      9     12      9      8      7      10
   11         21     18     13     16     17      7     13      15
   12         23     12     27      9     19      4      1      14
   13         18     30     22     11      7      2     24      16
   14         28     22     35     10     16     17     13      20
   15         18     20     40     12     26     27     14      22
   16         28     20     31      8     16     17     12      19
   17         14     13     15      9     15     22      3      13
   18         16     14      6     18     22     19      2      14
   19         18      6      5      7     11     11      0       8
   20         14      1      5      5      2      0      3       4
   21          1      6      6      6      0      0      0       3
   22          0      3      0      0      0      0      1       1
   23          0      2      1      0      0      1      1       1
 
TOTALS
 
12HR 7-19    219    209    208    115    189    156    131     175
16HR 6-22    255    223    225    133    205    170    137     193
18HR 6-24    255    228    226    133    205    171    139     194
24HR 0-24    257    232    228    135    208    173    142     196



 
 
 
 
*LOCATION   : ............................................................
*SITE NUMBER: 11401813
*FILE NUMBER:       34
*INTERVAL   :   15 MIN
*BATTERY    :    6.1 V
*RESTARTS   :        0
*CONFIG     :       12
*CHANNEL    :  2 OF  2
 
             THU    FRI    SAT    SUN    MON    TUE    WED    7-DAY
DATE    04/05/13     14     15     16     17     18     19   AVERAGE
 
START HOUR
 
    0          1      2      0      0      1      0      1       1
    1          0      1      0      0      0      0      1       0
    2          0      0      0      0      0      0      0       0
    3          0      0      0      0      0      0      0       0
    4          0      0      0      0      0      0      0       0
    5          2      1      0      2      2      1      1       1
    6          3      2      1      2      2      2      2       2
    7         11     11      0      0     12      6      6       7
    8         13      7      1      4     12      5     11       8
    9         10      8      7      6      8      6      3       7
   10          7     12      9      8      8      5      7       8
   11         19     23     15     13     18     10      -       -
   12          4     18     18     34     18      6      -       -
   13          4      8     11      8      4      0      -       -
   14          4     13     12     33     10      0      -       -
   15          0     20     15     10      6      0      -       -
   16          0      8     12      0      0      0      -       -
   17          0      0      4      0      0      0      -       -
   18          6      1      0      0      0      0      -       -
   19          2      0      0      0      0      0      -       -
   20          0      0      0      0      0      0      -       -
   21          0      0      0      0      0      0      -       -
   22          1      0      0      1      0      0      -       -
   23          0      0      1      0      0      0      -       -
 
TOTALS
 
12HR 7-19     78    129    104    116     96     38      -       -
16HR 6-22     83    131    105    118     98     40      -       -
18HR 6-24     84    131    106    119     98     40      -       -
24HR 0-24     87    135    106    121    101     41      -       -

 
