 
 
 
*LOCATION   : ............................................................
*SITE NUMBER: 12001908
*FILE NUMBER:        7
*INTERVAL   :   15 MIN
*BATTERY    :    6.1 V
*RESTARTS   :        0
*CONFIG     :       12
*CHANNEL    :  1 OF  2
 
             MON    TUE    WED    THU    FRI    SAT    SUN    7-DAY
DATE    04/05/03     04     05     06     07     08     09   AVERAGE
 
START HOUR
 
    0          -      2      1      1      5      5      3       -
    1          -      0      3      1      3      2      2       -
    2          -      0      0      0      1      2      4       -
    3          -      1      0      0      1      2      4       -
    4          -      0      0      2      1      0      2       -
    5          -      6      8      9      9      1      2       -
    6          -     49     56     52     49      4      5       -
    7          -    151    161    145    149     10     14       -
    8          -    129    154    159    161     15      6       -
    9          -     68     72     85     66     42     31       -
   10          -     28     40     47     50     44     50       -
   11          -     19     50     53     59     55     60       -
   12          -     30     42     59     49     72     80       -
   13          -     19     57     58     85    129     95       -
   14         47     55     62     66     75     82     81      67
   15        111     80    120    102    116     70     63      95
   16        186    149    165    186    154     64     60     138
   17        135     99    147    112    139     56     67     108
   18         96     56    115    100     88     42     81      83
   19        184     58     74     71     63     28     65      78
   20        153     44     63     73     47     22     48      64
   21         23     29     42     43     26     19     31      30
   22         11      3     10     12     10      7      8       9
   23          1      2     11      8     14      8      3       7
 
TOTALS
 
12HR 7-19      -    883   1185   1172   1191    681    688       -
16HR 6-22      -   1063   1420   1411   1376    754    837       -
18HR 6-24      -   1068   1441   1431   1400    769    848       -
24HR 0-24      -   1077   1453   1444   1420    781    865       -

 
 
 
 






*LOCATION   : ............................................................
*SITE NUMBER: 12001908
*FILE NUMBER:        7
*INTERVAL   :   15 MIN
*BATTERY    :    6.1 V
*RESTARTS   :        0
*CONFIG     :       12
*CHANNEL    :  1 OF  2
 
             MON    TUE    WED    THU    FRI    SAT    SUN    7-DAY
DATE    04/05/10     11     12     13     14     15     16   AVERAGE
 
START HOUR
 
    0          1      0      2      1      2      3      2       2
    1          0      0      2      1      0      2      1       1
    2          1      0      1      0      0      1      3       1
    3          0      0      1      0      0      1      1       0
    4          1      2      0      0      2      2      0       1
    5          5      7      7      6      7      0      1       5
    6         63     52     41     49     44      9      2      37
    7        156    133    143    124    102      7     10      96
    8        162    146    151    131    110     16      5     103
    9         94     51     64     57     45     41     46      57
   10         51     26     44     42     29     46     47      41
   11         38     33     33     38     36     60     75      45
   12         34     26     42     43     33     73     72      46
   13         42     29     43     52     42     75     65      50
   14         79     34     44     44     39     60     92      56
   15        109    100     93     86     96     89     68      92
   16        130    138    140    123     91     49     56     104
   17        119    124    129    120     65     55     44      94
   18        103     94     97    114     60     32     40      77
   19         88     84     62     56     30     56     32      58
   20         67     56     62     34     20     52     45      48
   21         32     40     32     28     18     27    960     162
   22          6     17     12     12      6      6   1487     221
   23          1      3      5      4      0      5   1886     272
 
TOTALS
 
12HR 7-19   1117    934   1023    974    748    603    620     860
16HR 6-22   1367   1166   1220   1141    860    747   1659    1166
18HR 6-24   1374   1186   1237   1157    866    758   5032    1659
24HR 0-24   1382   1195   1250   1165    877    767   5040    1668

 
 
 















*LOCATION   : ............................................................
*SITE NUMBER: 12001908
*FILE NUMBER:        7
*INTERVAL   :   15 MIN
*BATTERY    :    6.1 V
*RESTARTS   :        0
*CONFIG     :       12
*CHANNEL    :  1 OF  2
 
             MON    TUE    WED    THU    FRI    SAT    SUN    7-DAY
DATE    04/05/17     18     19     20     21     22     23   AVERAGE
 
START HOUR
 
    0       1422     18   1113      0      2      3      3     366
    1       1563      1   1097      0      0      0      7     381
    2       1853      3    945      4      0      0      0     401
    3       2061      2    922     22      0      1      2     430
    4       1355     11   1092      0      3      1      0     352
    5        617      7   1031    625      4      2      1     327
    6        990     42    898   1648     33      5      4     517
    7       1020     95    842   1184     74     10      7     462
    8        177    803    800      8     88     11      7     271
    9         58   1311   1078     21     39     21     15     363
   10        130   1466    968     40     27     31     25     384
   11         55   1388     34     59     32    113     70     250
   12         94   1481     36     68     35     74    130     274
   13         49    958     29     71     44     63     76     184
   14         55   1211     46     51     35     74    109     226
   15        129   1068     77     44     69     37     89     216
   16        179   1171     90     60     71     44    101     245
   17        136   1135     77     55     65     32     78     225
   18        106   1193     39     53     42     73     78     226
   19        712   1267     33     81     41     27     78     320
   20       1187   1292     18     50     38     35     86     387
   21       1820   1313     12     16     18     16     38     462
   22        552   1125      4      7      8      7     11     245
   23        267    999      0      5      3      3      2     183
 
TOTALS
 
12HR 7-19   2188  13280   4116   1714    621    583    785    3327
16HR 6-22   6897  17194   5077   3509    751    666    991    5012
18HR 6-24   7716  19318   5081   3521    762    676   1004    5440
24HR 0-24  16587  19360  11281   4172    771    683   1017    7696

 
 
 
 
*LOCATION   : ............................................................
*SITE NUMBER: 12001908
*FILE NUMBER:        7
*INTERVAL   :   15 MIN
*BATTERY    :    6.1 V
*RESTARTS   :        0
*CONFIG     :       12
*CHANNEL    :  1 OF  2
 
             MON    TUE    WED    THU    FRI    SAT    SUN    7-DAY
DATE    04/05/24     25     26     27     28     29     30   AVERAGE
 
START HOUR
 
    0          0    907      0      1      5     34      4     136
    1          0    628      2      1      1     18      2      93
    2          0    596      0      2      2     15      2      88
    3          0    597      2      1      0     39      7      92
    4          1    129      0      0      1     39      0      24
    5          5     31      5      2      5     20      1      10
    6         43     60     58     57     60     16      6      43
    7        129    119    163    146    128     38      9     105
    8        149    168    168    134    146     25      9     114
    9         75     59     96     99     57     21     19      61
   10         36     55     56     39     45     47     39      45
   11         55     50     50     39     48     30     61      48
   12         41     53     51     34     45     46    442     102
   13         35     47     71     46     54     58   1892     315
   14         50     55     65     49     65     79    451     116
   15         91    103    123    100    134     89   2890     504
   16        145    169    150    182    153     32    522     193
   17        175    113    176    152    114    106    827     238
   18        763    109    186    106    125    778      0     295
   19       1100     78    162     75    109   1230      0     393
   20        911     59     93     59     87    374      0     226
   21       1064     45     34     26     65    130      0     195
   22        700     29     14     11     83     21      0     123
   23        678      3      9      6     36     13      0     106
 
TOTALS
 
12HR 7-19   1744   1100   1355   1126   1114   1349   7161    2136
16HR 6-22   4862   1342   1702   1343   1435   3099   7167    2993
18HR 6-24   6240   1374   1725   1360   1554   3133   7167    3222
24HR 0-24   6246   4262   1734   1367   1568   3298   7183    3665

 
 
 
 

 
 
 
   
