 
 
 
*LOCATION   : ............................................................
*SITE NUMBER: 12101818
*FILE NUMBER:       37
*INTERVAL   :   15 MIN
*BATTERY    :    5.9 V
*RESTARTS   :        0
*CONFIG     :       12
*CHANNEL    :  1 OF  2
 
             THU    FRI    SAT    SUN    MON    TUE    WED    7-DAY
DATE    04/04/29     30     01     02     03     04     05   AVERAGE
 
START HOUR
 
    0          -      2      6      0      0      1      2       -
    1          -      1      3      1      1      0      2       -
    2          -      1      3      0      0      0      1       -
    3          -      1      4      0      1      1      1       -
    4          -      1      0      0      4      1      3       -
    5          -      6      5      0      7     10      5       -
    6          -     18     11      6     23     23     27       -
    7          -     38      7     13     50     50     50       -
    8          -     19      7     17     46     38     34       -
    9          -     35     13     30     30     17     21       -
   10          -     20     26     38     30     16     32       -
   11          -     30     28     60     40     22     26       -
   12          -     23     42     69     40     20     24       -
   13          -     27     32     59     41     27    494       -
   14         33     28     41     55     35     18     28      34
   15         34     35     23     50     62     55     37      42
   16         44     32     98     47     45     34     50      50
   17         26     17     32     39     25     43     57      34
   18         35     15     26     30     37     25     50      31
   19         16      7     17     26     28     27     51      25
   20         15      9     10     13     32     33     40      22
   21          8      6     12     11     19     16     19      13
   22          6     10      3      3      4      7      5       5
   23          3      4      2      2      2      1      1       2
 
TOTALS
 
12HR 7-19      -    319    375    507    481    365    903       -
16HR 6-22      -    359    425    563    583    464   1040       -
18HR 6-24      -    373    430    568    589    472   1046       -
24HR 0-24      -    385    451    569    602    485   1060       -
 
 
 
 
*LOCATION   : ............................................................
*SITE NUMBER: 12101818
*FILE NUMBER:       37
*INTERVAL   :   15 MIN
*BATTERY    :    5.9 V
*RESTARTS   :        0
*CONFIG     :       12
*CHANNEL    :  1 OF  2
 
             THU    FRI    SAT    SUN    MON    TUE    WED    7-DAY
DATE    04/05/06     07     08     09     10     11     12   AVERAGE
 
START HOUR
 
    0          1      2      2      3      3      2      3       2
    1          3      2      2      5      2      0      0       2
    2          0      0      0      5      1      0      0       1
    3          1      2      0      6      0      1      0       1
    4          4      1      2      5      3      4      0       3
    5         14     11      4      6     10      7      6       8
    6         32     27      5      4     32     14     19      19
    7         61     50     13     18     45     32     46      38
    8         37     39      9      6     40     23     36      27
    9         22     27     21     25     33     13     18      23
   10         21    711     55     43     27     16     33     129
   11         68     25     45     46     41     13     12      36
   12         33     29     56     60     30     15     21      35
   13         31     27     50     51     34     10     31      33
   14         39     41     49     59     22     20     22      36
   15         58     62     58     45     42     29     27      46
   16         46     43     54     58     42     42     24      44
   17         62     50     47     57     26     32     19      42
   18         51     56     50     59     80     23     34      50
   19         34     33     30     49     21     19     28      31
   20         37     32     48     43     19     13     17      30
   21         18     26     20     17     13     13     19      18
   22          8     13     13      7      9      5      6       9
   23          3      7      4      3      4      1      3       4
 
TOTALS
 
12HR 7-19    529   1160    507    527    462    268    323     539
16HR 6-22    650   1278    610    640    547    327    406     637
18HR 6-24    661   1298    627    650    560    333    415     649
24HR 0-24    684   1316    637    680    579    347    424     667
 
 
 
 
*LOCATION   : ............................................................
*SITE NUMBER: 12101818
*FILE NUMBER:       37
*INTERVAL   :   15 MIN
*BATTERY    :    5.9 V
*RESTARTS   :        0
*CONFIG     :       12
*CHANNEL    :  1 OF  2
 
             THU    FRI    SAT    SUN    MON    TUE    WED    7-DAY
DATE    04/05/13     14     15     16     17     18     19   AVERAGE
 
START HOUR
 
    0          1      0      2      1      2      2      1       1
    1          0      3      1      4      0      2      0       1
    2          0      0      0      0      1      0      1       0
    3          0      0      3      3      1      0      2       1
    4          2      1      2      1      3      2      0       2
    5          3      5      1      2      9      5      2       4
    6         23     18      2      2     22     12     20      14
    7         39     28      7     12     58     15     21      26
    8         34     33     10     12     36     10     11      21
    9         24     16     15     21     46      9      9      20
   10         21     22     17     21     17     10     17      18
   11         20     19     34     45     31      7     11      24
   12         20     18     35     42     27      9     22      25
   13         13     22     25     47     16     11     21      22
   14         23     30     38     40     28      7     18      26
   15         32     34     26     26     45     14     31      30
   16         26     26     15     26     33      8     17      22
   17         21     20     20     26     31     18      9      21
   18         17     16     22     25     37     13     14      21
   19         19     14     21     25     33     14      5      19
   20         12      6      8     24     28     10      6      13
   21          9      4      5     16     18     16      5      10
   22          4      5      5      3      2      5      4       4
   23          0      4      3      0      1      2      1       2
 
TOTALS
 
12HR 7-19    290    284    264    343    405    131    201     274
16HR 6-22    353    326    300    410    506    183    237     331
18HR 6-24    357    335    308    413    509    190    242     336
24HR 0-24    363    344    317    424    525    201    248     346
 
 
 
 
*LOCATION   : ............................................................
*SITE NUMBER: 12101818
*FILE NUMBER:       37
*INTERVAL   :   15 MIN
*BATTERY    :    5.9 V
*RESTARTS   :        0
*CONFIG     :       12
*CHANNEL    :  1 OF  2
 
             THU    FRI    SAT    SUN    MON    TUE    WED    7-DAY
DATE    04/05/20     21     22     23     24     25     26   AVERAGE
 
START HOUR
 
    0          2      1      0      3      1      -      -       -
    1          0      0      0      0      0      -      -       -
    2          1      0      1      2      0      -      -       -
    3          0      0      3      1      0      -      -       -
    4          3      0      0      2      -      -      -       -
    5          1      4      1      3      -      -      -       -
    6          5     15      3      4      -      -      -       -
    7          5     23      7     12      -      -      -       -
    8         12     28      9      6      -      -      -       -
    9         23     35      7      9      -      -      -       -
   10         18     23     25      9      -      -      -       -
   11         32     35     19     24      -      -      -       -
   12         36     19     28     38      -      -      -       -
   13         31     34     32     29      -      -      -       -
   14         30     33     27     42      -      -      -       -
   15         27     25     11     28      -      -      -       -
   16         18     38      8     39      -      -      -       -
   17         28     29     12     32      -      -      -       -
   18         34     23     18     38      -      -      -       -
   19         28     23     11     25      -      -      -       -
   20         10     13      9     19      -      -      -       -
   21         11     14      9      7      -      -      -       -
   22          9      2     12      3      -      -      -       -
   23          2      4      2      2      -      -      -       -
 
TOTALS
 
12HR 7-19    294    345    203    306      -      -      -       -
16HR 6-22    348    410    235    361      -      -      -       -
18HR 6-24    359    416    249    366      -      -      -       -
24HR 0-24    366    421    254    377      -      -      -       -
 
 
 
 
*LOCATION   : ............................................................
*SITE NUMBER: 12101818
*FILE NUMBER:       37
*INTERVAL   :   15 MIN
*BATTERY    :    5.9 V
*RESTARTS   :        0
*CONFIG     :       12
*CHANNEL    :  2 OF  2
 
             THU    FRI    SAT    SUN    MON    TUE    WED    7-DAY
DATE    04/04/29     30     01     02     03     04     05   AVERAGE
 
START HOUR
 
    0          -      1      5      3      0      0      1       -
    1          -      3      0      2      3      6      1       -
    2          -      1      4      3      1      3      1       -
    3          -      2      4      3      0      2      0       -
    4          -      3      2      3      3      5      5       -
    5          -     12      2      4     16     21     18       -
    6          -     38      5      4     56     66     58       -
    7          -     46      6      5    103     68     85       -
    8          -     43      5     19     64     44     47       -
    9          -     32     14     33     34     36     30       -
   10          -     48     35     69     44     21     26       -
   11          -     48     46    113     39     19     40       -
   12          -     58     64    114     37     25     45       -
   13          -     44     52    120     45     18     44       -
   14         39     47     45     94     78     38     63      58
   15         57     63     46     89     77     79    100      73
   16         64     33     31     92     86     90    115      73
   17         46     21     31     66     79     66    105      59
   18         27     25     31     78     50     49    109      53
   19         28     18     23     44     38     35     93      40
   20         19     20     21     28     34     42     59      32
   21         20     14     19     21     29     18     34      22
   22          8      9      5     13      9      9     11       9
   23          0      8     10      2      2      7      8       5
 
TOTALS
 
12HR 7-19      -    508    406    892    736    553    809       -
16HR 6-22      -    598    474    989    893    714   1053       -
18HR 6-24      -    615    489   1004    904    730   1072       -
24HR 0-24      -    637    506   1022    927    767   1098       -
 
 
 
 
*LOCATION   : ............................................................
*SITE NUMBER: 12101818
*FILE NUMBER:       37
*INTERVAL   :   15 MIN
*BATTERY    :    5.9 V
*RESTARTS   :        0
*CONFIG     :       12
*CHANNEL    :  2 OF  2
 
             THU    FRI    SAT    SUN    MON    TUE    WED    7-DAY
DATE    04/05/06     07     08     09     10     11     12   AVERAGE
 
START HOUR
 
    0          1      7      7      8      5      1      1       4
    1          3      2      5      4      0      3      3       3
    2          1      2      3      4      1      0      0       2
    3          0      0      3      3      1      1      0       1
    4          4      8      5      2      1      3      1       3
    5         15     16      6      2     18     19     15      13
    6         65     66     13      8     60     51     61      46
    7         94     99     10     13     89     66     67      63
    8         56     52     24     22     69     40     39      43
    9         46     44     35     47     46     21     33      39
   10         30    736     53     79     34     16     19     138
   11         33     41     61    105     44     26     25      48
   12         49     51     88    142     49     26     33      63
   13         59     56    114    128     46     23     39      66
   14         87     82     97    144     63     35     36      78
   15        100     91     96     82     86     57     66      83
   16        114    100     93     85     69     65     76      86
   17         73     81     73    109     63     64     64      75
   18         77     68     86     88     68     58     45      70
   19         52     56     58     85     42     63     40      57
   20         69     49     53     59     41     48     22      49
   21         56     28     24     31     29     19     28      31
   22         10     21     19     14     17     14      8      15
   23         11     15      8      6      6      3      2       7
 
TOTALS
 
12HR 7-19    818   1501    830   1044    726    497    542     851
16HR 6-22   1060   1700    978   1227    898    678    693    1033
18HR 6-24   1081   1736   1005   1247    921    695    703    1055
24HR 0-24   1105   1771   1034   1270    947    722    723    1082
 
 
 
 
*LOCATION   : ............................................................
*SITE NUMBER: 12101818
*FILE NUMBER:       37
*INTERVAL   :   15 MIN
*BATTERY    :    5.9 V
*RESTARTS   :        0
*CONFIG     :       12
*CHANNEL    :  2 OF  2
 
             THU    FRI    SAT    SUN    MON    TUE    WED    7-DAY
DATE    04/05/13     14     15     16     17     18     19   AVERAGE
 
START HOUR
 
    0          7      4      3      3      3      5      2       4
    1          4      0      2      1      0      3      0       1
    2          0      1      3      3      0      1      1       1
    3          1      0      0      1      0      1      1       1
    4          4      5      3      2      5      3      6       4
    5         14     10      0      3     15     18     12      10
    6         53     55      7      9     62     46     33      38
    7         76     67      2      6     96     37     46      47
    8         44     36     15     10     51     14     22      27
    9         32     35     25     37     39      8     21      28
   10         23     32     35     45     31     12     17      28
   11         39     28     48     58     40     18     31      37
   12         34     27     68     65     53      9     40      42
   13         39     40     43     79     46     11     30      41
   14         37     36     39     60     49     12     39      39
   15         44     52     50     64     80     34     55      54
   16         65     55     48     57    105     37     50      60
   17         64     41     40     47     69     24     26      44
   18         40     27     32     51     69     29     22      39
   19         29     11     29     42     60     22      7      29
   20         33     24     14     29     41     34     11      27
   21         32     19     18     17     31     27      5      21
   22         10      4      5     13     13      6      7       8
   23          4      7      4      8      4      2      3       5
 
TOTALS
 
12HR 7-19    537    476    445    579    728    245    399     487
16HR 6-22    684    585    513    676    922    374    455     601
18HR 6-24    698    596    522    697    939    382    465     614
24HR 0-24    728    616    533    710    962    413    487     636
 
 
 
 
*LOCATION   : ............................................................
*SITE NUMBER: 12101818
*FILE NUMBER:       37
*INTERVAL   :   15 MIN
*BATTERY    :    5.9 V
*RESTARTS   :        0
*CONFIG     :       12
*CHANNEL    :  2 OF  2
 
             THU    FRI    SAT    SUN    MON    TUE    WED    7-DAY
DATE    04/05/20     21     22     23     24     25     26   AVERAGE
 
START HOUR
 
    0          1      3      4      5      1      -      -       -
    1          1      4      2      4      0      -      -       -
    2          4      2      0      5      0      -      -       -
    3          1      0      0      2      0      -      -       -
    4          2      5      2      0      -      -      -       -
    5          3     13      4      3      -      -      -       -
    6          9     44      8     11      -      -      -       -
    7          8     49      9      6      -      -      -       -
    8         16     33     13     16      -      -      -       -
    9         27     16     17     12      -      -      -       -
   10         39     23     28     19      -      -      -       -
   11         64     35     44     59      -      -      -       -
   12         63     34     57     64      -      -      -       -
   13         58     27     55     66      -      -      -       -
   14         59     56     59     54      -      -      -       -
   15         55     62     25     57      -      -      -       -
   16         46     51     27     54      -      -      -       -
   17         58     43     23     57      -      -      -       -
   18         50     33     28     57      -      -      -       -
   19         40     24     27     53      -      -      -       -
   20         35     27     26     40      -      -      -       -
   21         18     21     14     20      -      -      -       -
   22          8      7      5      7      -      -      -       -
   23          5      4      3      5      -      -      -       -
 
TOTALS
 
12HR 7-19    543    462    385    521      -      -      -       -
16HR 6-22    645    578    460    645      -      -      -       -
18HR 6-24    658    589    468    657      -      -      -       -
24HR 0-24    670    616    480    676      -      -      -       -
 
