*LOCATION	: ..	........	.......	.......	.......	.......	.......	...............
*SITE NUMB	ER: 10	704936						
*FILE NUMB	ER:	8						
*INTERVAL	:	15 MIN						
*BATTERY	:	5.6 V						
*RESTARTS	:	0						
*CONFIG	:	0						
*CHANNEL	:  1	OF  1						

	MON	TUE	WED	THU	FRI	SAT	SUN	7-DAY
DATE    04	/11/29	30	1	2	3	4	5	AVERAGE

START HOUR								

0	-	1	2	0	2	1	0	-
1	-	0	0	0	0	1	0	-
2	-	0	0	1	0	1	2	-
3	-	1	0	2	2	4	0	-
4	-	2	1	2	0	0	0	-
5	-	1	1	3	3	3	0	-
6	-	11	7	10	3	2	1	-
7	-	18	12	15	13	3	1	-
8	-	20	14	17	10	3	2	-
9	-	20	13	19	19	9	1	-
10	-	4	9	14	7	8	4	-
11	3	10	8	17	11	7	5	9
12	7	15	12	13	4	7	6	9
13	11	12	11	10	8	3	4	8
14	6	7	9	12	8	10	6	8
15	12	23	29	15	15	4	5	15
16	22	14	15	18	22	6	4	14
17	22	19	20	24	7	3	3	14
18	10	10	10	14	8	3	3	8
19	6	4	12	5	2	0	3	5
20	10	6	8	9	4	3	2	6
21	4	2	5	7	4	2	6	4
22	0	3	3	3	1	1	2	2
23	4	2	3	1	0	0	0	1

TOTALS								

12HR 7-19	117	172	162	188	132	66	44	-
16HR 6-22	-	195	194	219	145	73	56	-
18HR 6-24	-	200	200	223	146	74	58	-
24HR 0-24	-	205	204	231	153	84	60	-
								



*LOCATION	: ..	........	.......	.......	.......	.......	.......	...............
*SITE NUMB	ER: 10	704936						
*FILE NUMB	ER:	8						
*INTERVAL	:	15 MIN						
*BATTERY	:	5.6 V						
*RESTARTS	:	0						
*CONFIG	:	0						
*CHANNEL	:  1	OF  1						

	MON	TUE	WED	THU	FRI	SAT	SUN	7-DAY
DATE    04	/12/06	7	8	9	10	11	12	AVERAGE

START HOUR								

0	3	2	2	3	2	4	2	3
1	1	3	0	2	2	1	1	1
2	1	0	2	0	2	2	2	1
3	1	0	0	2	0	3	1	1
4	1	1	0	0	1	1	1	1
5	0	1	3	2	5	2	1	2
6	4	7	9	6	3	1	1	4
7	0	21	23	20	18	3	2	12
8	4	28	29	27	24	6	1	17
9	3	30	28	25	19	6	5	17
10	8	9	19	22	13	12	6	13
11	17	11	10	16	19	18	10	14
12	5	15	14	17	13	18	14	14
13	10	17	20	20	22	8	22	17
14	17	19	18	17	25	14	15	18
15	13	22	21	33	26	25	21	23
16	10	28	28	28	28	8	9	20
17	4	28	29	27	17	9	6	17
18	9	16	17	19	13	7	7	13
19	9	10	6	10	8	5	12	9
20	4	7	10	7	8	3	7	7
21	3	10	7	6	5	3	4	5
22	0	2	5	9	2	5	4	4
23	3	2	3	3	2	2	4	3

TOTALS								

12HR 7-19	100	244	256	271	237	134	118	194
16HR 6-22	120	278	288	300	261	146	142	219
18HR 6-24	123	282	296	312	265	153	150	226
24HR 0-24	130	289	303	321	277	166	158	235
								



*LOCATION	: ..	........	.......	.......	.......	.......	.......	...............
*SITE NUMB	ER: 10	704936						
*FILE NUMB	ER:	8						
*INTERVAL	:	15 MIN						
*BATTERY	:	5.6 V						
*RESTARTS	:	0						
*CONFIG	:	0						
*CHANNEL	:  1	OF  1						

	MON	TUE	WED	THU	FRI	SAT	SUN	7-DAY
DATE    04	/12/13	14	15	16	17	18	19	AVERAGE

START HOUR								

0	1	1	1	1	3	2	0	1
1	0	0	1	2	1	2	1	1
2	2	0	1	1	0	1	2	1
3	1	1	1	1	2	4	0	1
4	1	1	0	0	1	1	1	1
5	3	5	1	2	3	1	0	2
6	50	7	5	9	6	0	2	11
7	78	22	17	23	20	4	1	24
8	76	31	25	25	24	7	2	27
9	47	27	17	28	11	8	8	21
10	13	11	8	18	18	9	3	11
11	14	13	8	22	19	6	3	12
12	25	16	14	27	16	14	6	17
13	29	10	17	17	23	23	10	18
14	18	23	13	31	25	17	8	19
15	29	29	20	25	30	18	5	22
16	32	25	21	29	27	17	5	22
17	30	34	27	27	18	5	3	21
18	17	12	16	18	15	7	2	12
19	15	9	8	11	8	7	4	9
20	9	15	7	13	9	4	1	8
21	10	7	4	7	4	5	3	6
22	3	2	6	5	3	3	1	3
23	3	3	2	3	2	5	3	3

TOTALS								

12HR 7-19	408	253	203	290	246	135	56	227
16HR 6-22	492	291	227	330	273	151	66	261
18HR 6-24	498	296	235	338	278	159	70	268
24HR 0-24	506	304	240	345	288	170	74	275
								



*LOCATION	: ..	........	.......	.......	.......	.......	.......	...............
*SITE NUMB	ER: 10	704936						
*FILE NUMB	ER:	8						
*INTERVAL	:	15 MIN						
*BATTERY	:	5.6 V						
*RESTARTS	:	0						
*CONFIG	:	0						
*CHANNEL	:  1	OF  1						

	MON	TUE	WED	THU	FRI	SAT	SUN	7-DAY
DATE    04	/12/20	21	22	23	24	25	26	AVERAGE

START HOUR								

0	1	3	1	0	0	1	0	1
1	0	1	1	2	0	1	0	1
2	0	2	1	0	0	2	0	1
3	0	2	0	0	1	0	0	0
4	2	1	0	1	0	0	0	1
5	2	1	4	2	0	1	0	1
6	3	5	2	8	1	0	1	3
7	15	15	17	8	0	0	0	8
8	14	17	10	5	5	0	1	7
9	20	15	9	6	2	0	3	8
10	7	7	6	7	3	1	1	5
11	7	8	11	9	8	1	7	7
12	13	12	12	13	4	5	1	9
13	6	13	15	9	4	2	7	8
14	14	11	11	10	6	5	7	9
15	18	20	10	12	3	5	6	11
16	27	21	19	12	0	1	6	12
17	15	18	21	2	1	3	2	9
18	10	8	4	4	0	3	2	4
19	4	7	2	2	1	0	0	2
20	6	6	5	2	0	0	5	3
21	2	2	5	1	1	1	1	2
22	0	3	1	2	0	0	-	-
23	2	4	2	2	2	0	-	-

TOTALS								

12HR 7-19	166	165	145	97	36	26	43	97
16HR 6-22	181	185	159	110	39	27	50	107
18HR 6-24	183	202	169	119	42	32	50	
