 
 
 
*LOCATION   : ............................................................
*SITE NUMBER: 11704920
*FILE NUMBER:        8
*INTERVAL   :   15 MIN
*BATTERY    :    6.7 V
*RESTARTS   :        0
*CONFIG     :       12
*CHANNEL    :  1 OF  2
 
             MON    TUE    WED    THU    FRI    SAT    SUN    7-DAY
DATE    04/11/29     30     01     02     03     04     05   AVERAGE
 
START HOUR
 
    0          -      1      0      0      3      1      0       -
    1          -      0      0      1      2      0      0       -
    2          -      0      0      0      2      4      0       -
    3          -      0      2      0      0      3      1       -
    4          -      1      1      2      0      1      0       -
    5          -      2      4      2      4      1      0       -
    6          -     10      7     17      6      4      4       -
    7          -     24     23     36     35      0      3       -
    8          -     21     24     24     33      3      1       -
    9         14     15     21     11     17     14      0      13
   10          6      5     12     10      4     11      5       8
   11          9      8      9     15     13     15      5      11
   12          6     14     17     11     20      4      7      11
   13          6     11     11     16     16     14     14      13
   14          7     10     12     16     23     15     12      14
   15         20     20     20     26     22      6     13      18
   16         23     23     25     27     23     18      7      21
   17         20     21     29     22     16      9      2      17
   18         13     22     27     22     22      1      8      16
   19          3     13     22      9      5      5      6       9
   20          5      5     12     12      6      6      7       8
   21          2      5      3      6      3      1      2       3
   22          2      5      3      2      0      2      2       2
   23          1      1      1      4     10      2      3       3
 
TOTALS
 
12HR 7-19      -    194    230    236    244    110     77       -
16HR 6-22      -    227    274    280    264    126     96       -
18HR 6-24      -    233    278    286    274    130    101       -
24HR 0-24      -    237    285    291    285    140    102       -
 
 
 
 
*LOCATION   : ............................................................
*SITE NUMBER: 11704920
*FILE NUMBER:        8
*INTERVAL   :   15 MIN
*BATTERY    :    6.7 V
*RESTARTS   :        0
*CONFIG     :       12
*CHANNEL    :  1 OF  2
 
             MON    TUE    WED    THU    FRI    SAT    SUN    7-DAY
DATE    04/12/06     07     08     09     10     11     12   AVERAGE
 
START HOUR
 
    0          0     21      1      2      0      3      5       5
    1          0     10      1      0      4      4      5       3
    2          0      0      0      1      0      0      2       0
    3          1      0      0      0      0      0      1       0
    4          2      2      3      4      3      0      1       2
    5          1      2      7      0      4      3      1       3
    6          2     14     13     14      9      1      2       8
    7          0     31     36     35     33      6      5      21
    8          0     44     51     44     37      3      5      26
    9          3     31     32     16     37     13      6      20
   10         12     27     18     16     21     16      4      16
   11         18     22     25     26     26     27     32      25
   12         13     24     26     24     20     20     23      21
   13         16     25     24     20     22     35     25      24
   14         16     32     26     21     36     32     33      28
   15         17     23     32     26     27     32     18      25
   16          9     29     30     45     34     18     17      26
   17         12     35     39     41     27      7     13      25
   18         10     31     22     27     11      6      6      16
   19          7     13     16     25     20      6     12      14
   20          2      8      9     14     10     13      5       9
   21          6     12      5     11     16      5      2       8
   22          1      5      5      6      3      7      4       4
   23          6      1      2      3      1      7      3       3
 
TOTALS
 
12HR 7-19    126    354    361    341    331    215    187     274
16HR 6-22    143    401    404    405    386    240    208     312
18HR 6-24    150    407    411    414    390    254    215     320
24HR 0-24    154    442    423    421    401    264    230     334
 
 
 
 
*LOCATION   : ............................................................
*SITE NUMBER: 11704920
*FILE NUMBER:        8
*INTERVAL   :   15 MIN
*BATTERY    :    6.7 V
*RESTARTS   :        0
*CONFIG     :       12
*CHANNEL    :  1 OF  2
 
             MON    TUE    WED    THU    FRI    SAT    SUN    7-DAY
DATE    04/12/13     14     15     16     17     18     19   AVERAGE
 
START HOUR
 
    0          1      0      1      1      4      1      3       2
    1          0      1      0      0      0      1      1       0
    2          3      0      0      0      0      1      1       1
    3          1      0      0      0      0      0      0       0
    4          3      0      2      1      1      1      2       1
    5          4      7      2      3      7      2      1       4
    6         12      7      9     14     12      1      2       8
    7         30     32     29     28     27      2      6      22
    8         49     37     26     25     34      2      3      25
    9         22     31     19     25     36     12     10      22
   10         24     17     16     17     25     14      3      17
   11         29     26     16     23     21     26      9      21
   12         28     22     14     20     21     28     19      22
   13         27     22     20     20     30     24     16      23
   14         20     19     23     25     22     31     15      22
   15         33     19     26     33     21     21     15      24
   16         29     35     31     33     38     16      9      27
   17         46     36     35     37     31     13      6      29
   18         35     14     16     30     22      2     11      19
   19         15     16     19     19     10      3      9      13
   20         21     15     17     14     14     12     15      15
   21          6      7      6      9      4      1      2       5
   22          7      6      4      3      6      5      0       4
   23          3      1      2      4      4      1      0       2
 
TOTALS
 
12HR 7-19    372    310    271    316    328    191    122     273
16HR 6-22    426    355    322    372    368    208    150     314
18HR 6-24    436    362    328    379    378    214    150     321
24HR 0-24    448    370    333    384    390    220    158     329
 
 
 
 
*LOCATION   : ............................................................
*SITE NUMBER: 11704920
*FILE NUMBER:        8
*INTERVAL   :   15 MIN
*BATTERY    :    6.7 V
*RESTARTS   :        0
*CONFIG     :       12
*CHANNEL    :  1 OF  2
 
             MON    TUE    WED    THU    FRI    SAT    SUN    7-DAY
DATE    04/12/20     21     22     23     24     25     26   AVERAGE
 
START HOUR
 
    0          1      2      0      1      0      2      1       1
    1          0      0      3      1      2      0      0       1
    2          0      0      4      0      0      0      0       1
    3          0      0      0      1      1      0      0       0
    4          2      4      1      0      0      0      1       1
    5          1      2      1      2      0      0      0       1
    6          7      8      4      5      1      0      3       4
    7         39     24     18      9      2      2      3      14
    8         28     23     14     10      2      0      4      12
    9         32     23     13      8      3      3      2      12
   10         19     25      6      9      9      4      2      11
   11         22     24     13     10      7      6      5      12
   12         28     29     17      9     13      3      3      15
   13         29     22      9     14      9      4      7      13
   14         28     14      7     18      7      2     10      12
   15         36     20     24     17      6      4      7      16
   16         29     33     19      9      9      3      2      15
   17         33     25     16      7      2      3      3      13
   18         26     38      4      5      2      3      0      11
   19         17     13      5      6      3      7      3       8
   20         14     14      2      3      0     10      2       6
   21         12      3      3      3      3      6      3       5
   22          5      4      2      0      1      0      1       2
   23          2      0      2      3      1      0      0       1
 
TOTALS
 
12HR 7-19    349    300    160    125     71     37     48     156
16HR 6-22    399    338    174    142     78     60     59     179
18HR 6-24    406    342    178    145     80     60     60     182
24HR 0-24    410    350    187    150     83     62     62     186
 
 
 
 
*LOCATION   : ............................................................
*SITE NUMBER: 11704920
*FILE NUMBER:        8
*INTERVAL   :   15 MIN
*BATTERY    :    6.7 V
*RESTARTS   :        0
*CONFIG     :       12
*CHANNEL    :  1 OF  2
 
             MON    TUE    WED    THU    FRI    SAT    SUN    7-DAY
DATE    04/12/27     28     29     30     31     01     02   AVERAGE
 
START HOUR
 
    0          3      0      0      1      2      -      -       -
    1          0      1      0      1      0      -      -       -
    2          0      0      0      0      0      -      -       -
    3          0      0      0      0      0      -      -       -
    4          2      0      0      2      1      -      -       -
    5          0      0      0      0      0      -      -       -
    6          6      4     10      9      6      -      -       -
    7         16     13     15     13     11      -      -       -
    8         21     24     25     18      -      -      -       -
    9         22     12     10     13      -      -      -       -
   10         11     11     17     13      -      -      -       -
   11          6     11     12     12      -      -      -       -
   12         16     17     15     12      -      -      -       -
   13         16     13     12     13      -      -      -       -
   14         12     16     18     19      -      -      -       -
   15         27     30     19     13      -      -      -       -
   16         22     28     26     22      -      -      -       -
   17         14     22     29     13      -      -      -       -
   18         14     17     15     17      -      -      -       -
   19          5      8      9     10      -      -      -       -
   20         11     12      5      8      -      -      -       -
   21          6     14     12      3      -      -      -       -
   22          4      2      3      2      -      -      -       -
   23          1      1      2      2      -      -      -       -
 
TOTALS
 
12HR 7-19    197    214    213    178      -      -      -       -
16HR 6-22    225    252    249    208      -      -      -       -
18HR 6-24    230    255    254    212      -      -      -       -
24HR 0-24    235    256    254    216      -      -      -       -
 
 
 
 
*LOCATION   : ............................................................
*SITE NUMBER: 11704920
*FILE NUMBER:        8
*INTERVAL   :   15 MIN
*BATTERY    :    6.7 V
*RESTARTS   :        0
*CONFIG     :       12
*CHANNEL    :  2 OF  2
 
             MON    TUE    WED    THU    FRI    SAT    SUN    7-DAY
DATE    04/11/29     30     01     02     03     04     05   AVERAGE
 
START HOUR
 
    0          -      6      0      0      0      1      5       -
    1          -      1      0      0      0      1      0       -
    2          -      0      0      0      0      0      0       -
    3          -      1      0      0      0      0      0       -
    4          -      0      0      0      2      2      0       -
    5          -      0      1      0      3      4      0       -
    6          -     13      8     12      6      0      0       -
    7          -     15     20     18     10      0      2       -
    8          -     20     32     33     19      1      3       -
    9         16     22     28     19      8      4      2      14
   10          6      8      1     11      7      4      8       6
   11          3      9      5      8      4      3     15       7
   12          9     10      7      7      9      7     27      11
   13          5     11      8      7      4      3      5       6
   14         11      5      8      4     14      3      9       8
   15         11     14     19     30     16      9      5      15
   16         13     23     29     12     19      1      8      15
   17         20     10     27     25      8      2      2      13
   18         10     13     13     14      1      3      1       8
   19          5      8     13     16      4      1      2       7
   20          7     10     13     10      3      1      6       7
   21          9      4      5      7      6      1      1       5
   22          2      3      4      6      4      4      2       4
   23          2      1      3      1      2      0      1       1
 
TOTALS
 
12HR 7-19      -    160    197    188    119     40     87       -
16HR 6-22      -    195    236    233    138     43     96       -
18HR 6-24      -    199    243    240    144     47     99       -
24HR 0-24      -    207    244    240    149     55    104       -
 
 
 
 
*LOCATION   : ............................................................
*SITE NUMBER: 11704920
*FILE NUMBER:        8
*INTERVAL   :   15 MIN
*BATTERY    :    6.7 V
*RESTARTS   :        0
*CONFIG     :       12
*CHANNEL    :  2 OF  2
 
             MON    TUE    WED    THU    FRI    SAT    SUN    7-DAY
DATE    04/12/06     07     08     09     10     11     12   AVERAGE
 
START HOUR
 
    0          0      4      1      2      2      2      5       2
    1          2      0      1      0      0      2      0       1
    2          0      0      0      1      1      0      0       0
    3          0      0      0      1      0      1      0       0
    4          1      0      0      0      0      0      1       0
    5          0      2      2      1      1      0      1       1
    6          0     14     13     10     14      0      0       7
    7          0     21     19     15     14      0      0      10
    8          5     30     21     32     34      6      0      18
    9          0     21     13     10      8      9      5       9
   10         13      8     12     13      8     11     10      11
   11          8     10      3     11      3      8     16       8
   12          5     10     13     12     18      8     14      11
   13         12      7      6     11      8     19     32      14
   14          6     10     10     15     16     12     24      13
   15          8     25     19     20     27      3     19      17
   16          8     22     23     29     27      2     10      17
   17         15      9     13     15     12     12      9      12
   18          8     12     16     13      8      7      3      10
   19          6      5     14      9      5      1      7       7
   20          7     16     12     12      7      1      5       9
   21          5      8     10      8      3      2      0       5
   22          0      2      6      5      2      0      2       2
   23          4      1      3      1      9      5      0       3
 
TOTALS
 
12HR 7-19     88    185    168    196    183     97    142     151
16HR 6-22    106    228    217    235    212    101    154     179
18HR 6-24    110    231    226    241    223    106    156     185
24HR 0-24    113    237    230    246    227    111    163     190
 
 
 
 
*LOCATION   : ............................................................
*SITE NUMBER: 11704920
*FILE NUMBER:        8
*INTERVAL   :   15 MIN
*BATTERY    :    6.7 V
*RESTARTS   :        0
*CONFIG     :       12
*CHANNEL    :  2 OF  2
 
             MON    TUE    WED    THU    FRI    SAT    SUN    7-DAY
DATE    04/12/13     14     15     16     17     18     19   AVERAGE
 
START HOUR
 
    0          0      2      0      1      4      0      3       1
    1          2      0      0      2      0      0      3       1
    2          0      1      3      0      1      2      3       1
    3          0      0      0      0      0      1      2       0
    4          1      0      0      0      0      0      2       0
    5          0      0      0      0      0      2      1       0
    6         14     13      6      3     12      2      0       7
    7         32     29     20     11     15      0      0      15
    8         35     28     18     20     17      1      1      17
    9         15      8     15      9     11      2      1       9
   10         14     14      7     14      6     10      0       9
   11          9     12      6     10     15      5      8       9
   12         16     10      1      5     13      8      2       8
   13          3      9     12     16      9      7      3       8
   14         11      5     14     17     11     12      7      11
   15         32     26     15     20     14      6      4      17
   16         33     24     20     23     16     14     11      20
   17         22     20     18     25     19      4      3      16
   18         15     14      9      5      3      9      7       9
   19         11     11      4     13      7      3      2       7
   20         25      6      8     15      8      3      2      10
   21         15     12      5     16      9      8      3      10
   22         12      6      7      3      4      0      0       5
   23          2      1      0      1      4      3      0       2
 
TOTALS
 
12HR 7-19    237    199    155    175    149     78     47     149
16HR 6-22    302    241    178    222    185     94     54     182
18HR 6-24    316    248    185    226    193     97     54     188
24HR 0-24    319    251    188    229    198    102     68     194
 
 
 
 
*LOCATION   : ............................................................
*SITE NUMBER: 11704920
*FILE NUMBER:        8
*INTERVAL   :   15 MIN
*BATTERY    :    6.7 V
*RESTARTS   :        0
*CONFIG     :       12
*CHANNEL    :  2 OF  2
 
             MON    TUE    WED    THU    FRI    SAT    SUN    7-DAY
DATE    04/12/20     21     22     23     24     25     26   AVERAGE
 
START HOUR
 
    0          1      0      1      0      0      1      0       0
    1          0      0      0      0      0      0      0       0
    2          0      0      0      0      0      0      0       0
    3          0      0      0      0      0      0      0       0
    4          3      3      1      2      0      0      0       1
    5          2      6      5      3      0      0      0       2
    6          5      9      6      2      0      0      0       3
    7          9      6      4      0      0      0      0       3
    8         18     16     13      7      2      0      0       8
    9         12      7     12      7      4      2      1       6
   10          2      7     11      3      0      0      1       3
   11          5      4      4     11      1      2      6       5
   12          4     10      4      5      2      1      4       4
   13          7      3      5      8      6      9      2       6
   14          7      4      3      5      4      3      6       5
   15         11     22     14      7      4      2      4       9
   16         17     17      7      8      4      1      1       8
   17         11     12      4      1      2      3     21       8
   18          5     16      6      2      1      0      1       4
   19         12      6      2      5      4      0      8       5
   20          5     11      4      3      1      3      0       4
   21          9      4      5      2      0      2      2       3
   22          2      4      0      0      0      0      0       1
   23          2      1      0      1      0      0      0       1
 
TOTALS
 
12HR 7-19    108    124     87     64     30     23     47      69
16HR 6-22    139    154    104     76     35     28     57      85
18HR 6-24    143    159    104     77     35     28     57      86
24HR 0-24    149    168    111     82     35     29     57      90
 
 
 
 
*LOCATION   : ............................................................
*SITE NUMBER: 11704920
*FILE NUMBER:        8
*INTERVAL   :   15 MIN
*BATTERY    :    6.7 V
*RESTARTS   :        0
*CONFIG     :       12
*CHANNEL    :  2 OF  2
 
             MON    TUE    WED    THU    FRI    SAT    SUN    7-DAY
DATE    04/12/27     28     29     30     31     01     02   AVERAGE
 
START HOUR
 
    0          0      0      2      1      0      -      -       -
    1          0      0      0      0      0      -      -       -
    2          0      2      0      0      0      -      -       -
    3          0      0      0      1      0      -      -       -
    4          0      0      0      3      1      -      -       -
    5          4      3      2      3      0      -      -       -
    6          4      5      7      3      1      -      -       -
    7         11      6      7      5      3      -      -       -
    8          8      8     12      7      -      -      -       -
    9          5     11      5      5      -      -      -       -
   10          8      8      8      2      -      -      -       -
   11          3      2      4      4      -      -      -       -
   12          4     12      9      2      -      -      -       -
   13          4      5      5      1      -      -      -       -
   14         13      6     10      5      -      -      -       -
   15         18     13     10      7      -      -      -       -
   16         11      5      9     13      -      -      -       -
   17          7      3     12      4      -      -      -       -
   18          7      4     10      4      -      -      -       -
   19          5      3      5      3      -      -      -       -
   20          4      8      4      6      -      -      -       -
   21          6      8      5      2      -      -      -       -
   22          2      4      1      1      -      -      -       -
   23          0      0      2      0      -      -      -       -
 
TOTALS
 
12HR 7-19     99     83    101     59      -      -      -       -
16HR 6-22    118    107    122     73      -      -      -       -
18HR 6-24    120    111    125     74      -      -      -       -
24HR 0-24    124    116    129     82      -      -      -       -
 
