 
 
 
*LOCATION   : ............................................................
*SITE NUMBER: 10300135
*FILE NUMBER:        4
*INTERVAL   :   15 MIN
*BATTERY    :    6.8 V
*RESTARTS   :        0
*CONFIG     :        0
*CHANNEL    :  1 OF  1
 
             WED    THU    FRI    SAT    SUN    MON    TUE    7-DAY
DATE    08/01/02     03     04     05     06     07     08   AVERAGE
 
START HOUR
 
    0          -      4      1      5      0      1      1       -
    1          -      0      0      0      0      0      0       -
    2          -      0      0      0      1      1      0       -
    3          -      1      0      0      0      1      0       -
    4          -      2      1      0      0      0      3       -
    5          -      1      2      1      0      3      3       -
    6          -     15     13      2      0     12     13       -
    7          -     16     30      3      0     20     21       -
    8          -     18     21      0      2     19     19       -
    9          -     14     10      2      4     12     15       -
   10          -      0      8      2      6      3     11       -
   11         12      7     11      5      8      2      5       7
   12          3      4     10      2      7      4      3       5
   13         13      3      6      9     11      5      8       8
   14          6      9      6      8      9      7      5       7
   15         23     13     29      6      6      9     16      15
   16         26     13     22      7      3     16     18      15
   17         17     12     13      4      3     19     12      11
   18         12      9     12      1      4      6      9       8
   19          5      7      7      7      4      2      7       6
   20          5      9      5      1      1      4      4       4
   21          4      4      1      3      4      6      4       4
   22          1      2      5      5      2      2      3       3
   23          0      0      2      1      1      2      1       1
 
TOTALS
 
12HR 7-19      -    118    178     49     63    122    142       -
16HR 6-22      -    153    204     62     72    146    170       -
18HR 6-24      -    155    211     68     75    150    174       -
24HR 0-24      -    163    215     74     76    156    181       -
 
 
 
 
*LOCATION   : ............................................................
*SITE NUMBER: 10300135
*FILE NUMBER:        4
*INTERVAL   :   15 MIN
*BATTERY    :    6.8 V
*RESTARTS   :        0
*CONFIG     :        0
*CHANNEL    :  1 OF  1
 
             WED    THU    FRI    SAT    SUN    MON    TUE    7-DAY
DATE    08/01/09     10     11     12     13     14     15   AVERAGE
 
START HOUR
 
    0          1      1      2      0      0      0      0       1
    1          0      0      0      2      1      0      0       0
    2          0      0      1      0      2      0      0       0
    3          0      1      1      0      0      0      0       0
    4          0      0      0      0      0      1      0       0
    5          6      4      6      0      0      5      6       4
    6         13     11      8      4      2     21     20      11
    7         25     26     22      1      1     39     27      20
    8         19     17     13      4      4     24     33      16
    9         12     13     13      8      9     15     15      12
   10          5      6      8      5      5      4      8       6
   11          4      2      7     15      4      5     11       7
   12          6      1      1     10     22      9      3       7
   13          6      9      5     10      4      6      7       7
   14          5      3      4     11     14     12     11       9
   15         17     15     12      7     13     21     20      15
   16         19     17     19      7      4     26     31      18
   17         14     10     14     11      6     26     18      14
   18          5     15      5      3      6     18     11       9
   19          3     10      4      1      6     12      6       6
   20          6      2      2      0      6      8     16       6
   21          8      7      5      6      5      7      7       6
   22          4      1      5      0      1      1      1       2
   23          2      2      1      1      1      0      4       2
 
TOTALS
 
12HR 7-19    137    134    123     92     92    205    195     140
16HR 6-22    167    164    142    103    111    253    244     169
18HR 6-24    173    167    148    104    113    254    249     173
24HR 0-24    180    173    158    106    116    260    255     178
 
 
 
 
*LOCATION   : ............................................................
*SITE NUMBER: 10300135
*FILE NUMBER:        4
*INTERVAL   :   15 MIN
*BATTERY    :    6.8 V
*RESTARTS   :        0
*CONFIG     :        0
*CHANNEL    :  1 OF  1
 
             WED    THU    FRI    SAT    SUN    MON    TUE    7-DAY
DATE    08/01/16     17     18     19     20     21     22   AVERAGE
 
START HOUR
 
    0          3      1      2      2      1      3      0       2
    1          1      2      0      6      1      0      0       1
    2          0      0      2      2      0      0      0       1
    3          0      0      2      0      2      0      0       1
    4          0      0      0      2      0      1      0       0
    5          7      9      6      1      1      5      6       5
    6         19     14     20      1      1     14     14      12
    7         31     31     27      3      1     28     31      22
    8         29     20     23      3      5     30     19      18
    9         18     13     19      1      5     20     14      13
   10          4      6     17      6      5      9      5       7
   11          6      8     15      1     14      3      2       7
   12         11      6     12      2      9      3      4       7
   13          5      6     13      2     16      6      5       8
   14         12     11      8      4     20      5      4       9
   15         22     19     29      3     16     18     27      19
   16         38     26     20      3     13     20     25      21
   17         23     14     16      1      8     25     17      15
   18         16     11     16      3      3     13     13      11
   19         10      5      5      0     10      7      7       6
   20          4     11      7      1      3      9     10       6
   21          6      9      6      2      8      9      7       7
   22          6      9      4      1      2      6      2       4
   23          1      4      2      0      1      1      2       2
 
TOTALS
 
12HR 7-19    215    171    215     32    115    180    166     156
16HR 6-22    254    210    253     36    137    219    204     188
18HR 6-24    261    223    259     37    140    226    208     193
24HR 0-24    272    235    271     50    145    235    214     203
 
 
 
 
*LOCATION   : ............................................................
*SITE NUMBER: 10300135
*FILE NUMBER:        4
*INTERVAL   :   15 MIN
*BATTERY    :    6.8 V
*RESTARTS   :        0
*CONFIG     :        0
*CHANNEL    :  1 OF  1
 
             WED    THU    FRI    SAT    SUN    MON    TUE    7-DAY
DATE    08/01/23     24     25     26     27     28     29   AVERAGE
 
START HOUR
 
    0          1      2      1      1      1      3      0       1
    1          0      2      0      2      2      1      0       1
    2          0      0      2      0      0      0      0       0
    3          0      0      0      2      0      2      0       1
    4          1      0      0      0      0      0      0       0
    5          5      5      5      1      1      6      6       4
    6         20     16     11      1      2     10     12      10
    7         24     24     15      2      1     28     28      17
    8         17     19     22      1      3     23     21      15
    9         12     12     10      7      1      8     11       9
   10          4      6     10      3      3      7      3       5
   11          4      3      4      8      9      7      9       6
   12          8      2     11      7      7      5      5       6
   13          7      3      9      8     14      5      9       8
   14          8      3      9      4     12     11     12       8
   15         16     19     13      4      7     12     17      13
   16         18     25     26      5      6     22     23      18
   17         15      8     21      4      3     24     24      14
   18         10      7      9      4      5     13     10       8
   19          6      7      5      1      1      6      6       5
   20          8      3      5      2      5      8      9       6
   21         10      2      6      2      2      7      8       5
   22          6      4      0      2      1      2      7       3
   23          2      3      2      1      1      0      0       1
 
TOTALS
 
12HR 7-19    143    131    159     57     71    165    172     128
16HR 6-22    187    159    186     63     81    196    207     154
18HR 6-24    195    166    188     66     83    198    214     159
24HR 0-24    202    175    196     72     87    210    220     166
 
 
 
 
*LOCATION   : ............................................................
*SITE NUMBER: 10300135
*FILE NUMBER:        4
*INTERVAL   :   15 MIN
*BATTERY    :    6.8 V
*RESTARTS   :        0
*CONFIG     :        0
*CHANNEL    :  1 OF  1
 
             WED    THU    FRI    SAT    SUN    MON    TUE    7-DAY
DATE    08/01/30     31     01     02     03     04     05   AVERAGE
 
START HOUR
 
    0          0      -      -      -      -      -      -       -
    1          0      -      -      -      -      -      -       -
    2          0      -      -      -      -      -      -       -
    3          0      -      -      -      -      -      -       -
    4          0      -      -      -      -      -      -       -
    5          7      -      -      -      -      -      -       -
    6         13      -      -      -      -      -      -       -
    7         30      -      -      -      -      -      -       -
    8         21      -      -      -      -      -      -       -
    9         19      -      -      -      -      -      -       -
   10          -      -      -      -      -      -      -       -
   11          -      -      -      -      -      -      -       -
   12          -      -      -      -      -      -      -       -
   13          -      -      -      -      -      -      -       -
   14          -      -      -      -      -      -      -       -
   15          -      -      -      -      -      -      -       -
   16          -      -      -      -      -      -      -       -
   17          -      -      -      -      -      -      -       -
   18          -      -      -      -      -      -      -       -
   19          -      -      -      -      -      -      -       -
   20          -      -      -      -      -      -      -       -
   21          -      -      -      -      -      -      -       -
   22          