 
 
 
*LOCATION   : ............................................................
*SITE NUMBER: 11600101
*FILE NUMBER:        3
*INTERVAL   :   15 MIN
*BATTERY    :    6.4 V
*RESTARTS   :        0
*CONFIG     :        0
*CHANNEL    :  1 OF  1
 
             WED    THU    FRI    SAT    SUN    MON    TUE    7-DAY
DATE    08/01/02     03     04     05     06     07     08   AVERAGE
 
START HOUR
 
    0          -      0      0      0      0      0      0       -
    1          -      1      0      0      0      0      0       -
    2          -      0      0      0      0      0      0       -
    3          -      0      0      1      0      0      0       -
    4          -      0      0      1      0      1      0       -
    5          -     10      8      0      0      5      3       -
    6          -      9     10      1      3     10      9       -
    7          -     17     16      1      1     18     15       -
    8          -     13     15      2      2     11     13       -
    9          -      7     10      6      3      9      4       -
   10          -     16     22     12      3     11     10       -
   11          -     17     22     21      3     10     13       -
   12          -     17     22     28      4     11     14       -
   13          -     30     32     17      9     15     13       -
   14          -     17     29     14     11     16     13       -
   15         18     30     39     16      5     15     19      20
   16         27     24     33     17      3     20     20      21
   17         22     22     16      9      5     20     17      16
   18         28     16     10      9      4     11     10      13
   19          5      9      9      1      3      7     12       7
   20          6      4      5      2      4      7      3       4
   21          2      2      5      2      1      6      3       3
   22          1      1      3      2      1      0      2       1
   23          0      0      0      0      1      0      1       0
 
TOTALS
 
12HR 7-19      -    226    266    152     53    167    161       -
16HR 6-22      -    250    295    158     64    197    188       -
18HR 6-24      -    251    298    160     66    197    191       -
24HR 0-24      -    262    306    162     66    203    194       -
 
 
 
 
*LOCATION   : ............................................................
*SITE NUMBER: 11600101
*FILE NUMBER:        3
*INTERVAL   :   15 MIN
*BATTERY    :    6.4 V
*RESTARTS   :        0
*CONFIG     :        0
*CHANNEL    :  1 OF  1
 
             WED    THU    FRI    SAT    SUN    MON    TUE    7-DAY
DATE    08/01/09     10     11     12     13     14     15   AVERAGE
 
START HOUR
 
    0          2      0      0      0      1      0      0       0
    1          0      0      0      2      0      0      0       0
    2          0      0      0      1      1      0      1       0
    3          0      0      0      0      0      0      0       0
    4          0      0      1      0      0      1      0       0
    5          4      3      3      0      0      6      8       3
    6         15     12      8      0      3     10     15       9
    7         10     11     11      6      1     22     22      12
    8         16     18      9      8      1     27     23      15
    9          9     14      6     15      2     14     13      10
   10         13      9     12     23      4     19     19      14
   11          9      8     21     35      2     19     25      17
   12         16     20     16     34      8     17     20      19
   13         19     11     12     23     12     26     36      20
   14         26     16     16     23     14     24     25      21
   15         21     18     14     24      8     31     28      21
   16         24     21     24     15     12     34     30      23
   17         15     17     16     10     12     29     28      18
   18         14     18     19      1      7     22     18      14
   19          9     19     15      3      7     11     22      12
   20         10      5      3      1      2     17     10       7
   21          3      3      2      4      5      2      8       4
   22          3      1      0      0      1      3      4       2
   23          0      0      1      1      0      0      4       1
 
TOTALS
 
12HR 7-19    192    181    176    217     83    284    287     203
16HR 6-22    229    220    204    225    100    324    342     235
18HR 6-24    232    221    205    226    101    327    350     237
24HR 0-24    238    224    209    229    103    334    359     242
 
 
 
 
*LOCATION   : ............................................................
*SITE NUMBER: 11600101
*FILE NUMBER:        3
*INTERVAL   :   15 MIN
*BATTERY    :    6.4 V
*RESTARTS   :        0
*CONFIG     :        0
*CHANNEL    :  1 OF  1
 
             WED    THU    FRI    SAT    SUN    MON    TUE    7-DAY
DATE    08/01/16     17     18     19     20     21     22   AVERAGE
 
START HOUR
 
    0          0      0      0      0      0      1      0       0
    1          0      1      0      1      0      1      0       0
    2          0      1      1      1      0      0      1       1
    3          2      0      0      0      1      0      0       0
    4          1      0      0      0      0      0      0       0
    5          7     10      8      1      1      6      7       6
    6         11      7     15      3      2     12     15       9
    7         21     14     23      4      2     18     18      14
    8         25     21     26      6      1     17     19      16
    9         14     20     12      3      1     10     15      11
   10         16     32     24     15      4     13     12      17
   11         25     22     26     16      4      6     16      16
   12         33     23     40     13     16     10     30      24
   13         18     19     25     10     12     22     13      17
   14         33     26     30      9     12     22     23      22
   15         39     22     32     16     16     27     16      24
   16         35     25     41     12     11     29     26      26
   17         29     27     27      9     10     10     17      18
   18         22     13     18      4      6     24     13      14
   19         10     14      9      0      4     16     20      10
   20         13     11     11      1     11     10      6       9
   21          2      3      5      1      4      7      4       4
   22          4      2      3      1      0      1      5       2
   23          1      0      0      0      0      2      0       0
 
TOTALS
 
12HR 7-19    310    264    324    117     95    208    218     219
16HR 6-22    346    299    364    122    116    253    263     252
18HR 6-24    351    301    367    123    116    256    268     255
24HR 0-24    361    313    376    126    118    264    276     262
 
 
 
 
*LOCATION   : ............................................................
*SITE NUMBER: 11600101
*FILE NUMBER:        3
*INTERVAL   :   15 MIN
*BATTERY    :    6.4 V
*RESTARTS   :        0
*CONFIG     :        0
*CHANNEL    :  1 OF  1
 
             WED    THU    FRI    SAT    SUN    MON    TUE    7-DAY
DATE    08/01/23     24     25     26     27     28     29   AVERAGE
 
START HOUR
 
    0          0      0      1      0      0      0      0       0
    1          0      0      0      1      1      1      0       0
    2          0      0      1      1      1      0      0       0
    3          0      0      0      0      0      0      0       0
    4          0      1      1      0      0      1      1       1
    5          6      7      5      0      0      5      4       4
    6         11      7      5      5      3     10     14       8
    7         21     16     17      5      4     16     15      13
    8         18     14     16      3      1     23      8      12
    9         16     10     13      9      2     11     10      10
   10         18     14     17      9      3     11      7      11
   11         21     25     22     16      5     13     21      18
   12         27     22     26     26      5     16     19      20
   13         18     11     28     26     10     21     21      19
   14         22     13     35     24      7     26     27      22
   15         30     13     21     25     12     23     27      22
   16         26     11     29     15      4     31     33      21
   17         14     20     22     12      5     15     22      16
   18         24      9      6     12      2     16     19      13
   19         10      6     14      1      5      9     12       8
   20          7      6      9      2      0     13      7       6
   21          5      2      7      2      3      3      6       4
   22          5      5      2      0      0      0      1       2
   23          2      0      1      0      0      1      1       1
 
TOTALS
 
12HR 7-19    255    178    252    182     60    222    229     197
16HR 6-22    288    199    287    192     71    257    268     223
18HR 6-24    295    204    290    192     71    258    270     226
24HR 0-24    301    212    298    194     73    265    275     231
 
 
 
 
*LOCATION   : ............................................................
*SITE NUMBER: 11600101
*FILE NUMBER:        3
*INTERVAL   :   15 MIN
*BATTERY    :    6.4 V
*RESTARTS   :        0
*CONFIG     :        0
*CHANNEL    :  1 OF  1
 
             WED    THU    FRI    SAT    SUN    MON    TUE    7-DAY
DATE    08/01/30     31     01     02     03     04     05   AVERAGE
 
START HOUR
 
    0          0      0      0      -      -      -      -       -
    1          0      0      0      -      -      -      -       -
    2          0      1      0      -      -      -      -       -
    3          0      0      0      -      -      -      -       -
    4          0      1      0      -      -      -      -       -
    5          5      5      8      -      -      -      -       -
    6         10     15      7      -      -      -      -       -
    7         17     10     19      -      -      -      -       -
    8         17     10     14      -      -      -      -       -
    9         11     11     10      -      -      -      -       -
   10         15     12     24      -      -      -      -       -
   11         12     20     17      -      -      -      -       -
   12         28     26     17      -      -      -      -       -
   13         22     15     12      -      -      -      -       -
   14         22     18     18      -      -      -      -       -
   15         24     19      -      -      -      -      -       -
   16         17     17      -      -      -      -      -       -
   17         13     22      -      -      -      -      -       -
   18         17     14      -      -      -      -      -       -
   19          6      5      -      -      -      -      -       -
   20          4      4      -      -      -      -      -       -
   21          3      5      -      -      -      -      -       -
   22          