 
 
 
*LOCATION   : ............................................................
*SITE NUMBER: 11704817
*FILE NUMBER:        7
*INTERVAL   :   15 MIN
*BATTERY    :    6.0 V
*RESTARTS   :        0
*CONFIG     :       12
*CHANNEL    :  1 OF  2
 
             WED    THU    FRI    SAT    SUN    MON    TUE    7-DAY
DATE    09/11/25     26     27     28     29     30     01   AVERAGE
 
START HOUR
 
    0          -      0      0      0      0      0      0       -
    1          -      0      0      0      0      0      0       -
    2          -      0      0      0      0      0      0       -
    3          -      0      0      0      0      0      0       -
    4          -      0      0      0      0      0      0       -
    5          -      0      0      0      0      0      0       -
    6          -      0      0      0      0      0      0       -
    7          -      0      0      0      0      0      0       -
    8          -      0      0      0      0      0      0       -
    9          -      0      0      0      0      0      0       -
   10          0      0      0      0      0      0      0       0
   11          0      0      0      0      0      0      0       0
   12          0      0      0      0      0      0      0       0
   13          0      0      0      0      0      0      0       0
   14          0      0      0      0      0      0      0       0
   15          0      0      0      0      0      0      0       0
   16          0      0      0      0      0      0      0       0
   17          0      0      0      0      0      0      0       0
   18          0      0      0      0      0      0      0       0
   19          0      0      0      0      0      0      0       0
   20          0      0      0      0      0      0      0       0
   21          0      0      0      0      0      0      0       0
   22          0      0      0      0      0      0      0       0
   23          0      0      0      0      0      0      0       0
 
TOTALS
 
12HR 7-19      -      0      0      0      0      0      0       -
16HR 6-22      -      0      0      0      0      0      0       -
18HR 6-24      -      0      0      0      0      0      0       -
24HR 0-24      -      0      0      0      0      0      0       -
 
 
 
 
*LOCATION   : ............................................................
*SITE NUMBER: 11704817
*FILE NUMBER:        7
*INTERVAL   :   15 MIN
*BATTERY    :    6.0 V
*RESTARTS   :        0
*CONFIG     :       12
*CHANNEL    :  1 OF  2
 
             WED    THU    FRI    SAT    SUN    MON    TUE    7-DAY
DATE    09/12/02     03     04     05     06     07     08   AVERAGE
 
START HOUR
 
    0          0      0      0      0      0      0      0       0
    1          0      0      0      0      0      0      0       0
    2          0      0      0      0      0      0      0       0
    3          0      0      0      0      0      0      0       0
    4          0      0      0      0      0      0      0       0
    5          0      0      0      0      0      0      0       0
    6          0      0      0      0      0      0      0       0
    7          0      0      0      0      0      0      0       0
    8          0      0      0      0      0      0      0       0
    9          0      0      0      0      0      0      0       0
   10          0      0      0      0      0      0      0       0
   11          0      0      0      0      0      0      0       0
   12          0      0      0      0      0      0      0       0
   13          0      0      0      0      0      0      0       0
   14          0      0      0      0      0      0      0       0
   15          0      0      0      0      0      0      0       0
   16          0      0      0      0      0      0      0       0
   17          0      0      0      0      0      0      0       0
   18          0      0      0      0      0      0      0       0
   19          0      0      0      0      0      0      0       0
   20          0      0      0      0      0      0      0       0
   21          0      0      0      0      0      0      0       0
   22          0      0      0      0      0      0      0       0
   23          0      0      0      0      0      0      0       0
 
TOTALS
 
12HR 7-19      0      0      0      0      0      0      0       0
16HR 6-22      0      0      0      0      0      0      0       0
18HR 6-24      0      0      0      0      0      0      0       0
24HR 0-24      0      0      0      0      0      0      0       0
 
 
 
 
*LOCATION   : ............................................................
*SITE NUMBER: 11704817
*FILE NUMBER:        7
*INTERVAL   :   15 MIN
*BATTERY    :    6.0 V
*RESTARTS   :        0
*CONFIG     :       12
*CHANNEL    :  1 OF  2
 
             WED    THU    FRI    SAT    SUN    MON    TUE    7-DAY
DATE    09/12/09     10     11     12     13     14     15   AVERAGE
 
START HOUR
 
    0          0      0      0      0      0      0      0       0
    1          0      0      0      0      0      0      0       0
    2          0      0      0      0      0      0      0       0
    3          0      0      0      0      0      0      0       0
    4          0      0      0      0      0      0      0       0
    5          0      0      0      0      0      0      0       0
    6          0      0      0      0      0      0      0       0
    7          0      0      0      0      0      0      0       0
    8          0      0      0      0      0      0      0       0
    9          0      0      0      0      0      0      0       0
   10          0      0      0      0      0      0      0       0
   11          0      0      0      0      0      0      0       0
   12          0      0      0      0      0      0      0       0
   13          0      0      0      0      0      0      0       0
   14          0      0      0      0      0      0      0       0
   15          0      0      0      0      0      0      0       0
   16          0      0      0      0      0      0      0       0
   17          0      0      0      0      0      0      0       0
   18          0      0      0      0      0      0      0       0
   19          0      0      0      0      0      0      0       0
   20          0      0      0      0      0      0      0       0
   21          0      0      0      0      0      0      0       0
   22          0      0      0      0      0      0      0       0
   23          0      0      0      0      0      0      0       0
 
TOTALS
 
12HR 7-19      0      0      0      0      0      0      0       0
16HR 6-22      0      0      0      0      0      0      0       0
18HR 6-24      0      0      0      0      0      0      0       0
24HR 0-24      0      0      0      0      0      0      0       0
 
 
 
 
*LOCATION   : ............................................................
*SITE NUMBER: 11704817
*FILE NUMBER:        7
*INTERVAL   :   15 MIN
*BATTERY    :    6.0 V
*RESTARTS   :        0
*CONFIG     :       12
*CHANNEL    :  1 OF  2
 
             WED    THU    FRI    SAT    SUN    MON    TUE    7-DAY
DATE    09/12/16     17     18     19     20     21     22   AVERAGE
 
START HOUR
 
    0          0      0      0      0      0      0      0       0
    1          0      0      0      0      0      0      0       0
    2          0      0      0      0      0      0      0       0
    3          0      0      0      0      0      0      0       0
    4          0      0      0      0      0      0      0       0
    5          0      0      0      0      0      0      0       0
    6          0      0      0      0      0      0      0       0
    7          0      0      0      0      0      0      0       0
    8          0      0      0      0      0      0      0       0
    9          0      0      0      0      0      0      0       0
   10          0      0      0      0      0      0      0       0
   11          0      0      0      0      0      0      0       0
   12          0      0      0      0      0      0      0       0
   13          0      0      0      0      0      0      0       0
   14          0      0      0      0      0      0      0       0
   15          0      0      0      0      0      0      0       0
   16          0      0      0      0      0      0      0       0
   17          0      0      0      0      0      0      0       0
   18          0      0      0      0      0      0      0       0
   19          0      0      0      0      0      0      0       0
   20          0      0      0      0      0      0      0       0
   21          0      0      0      0      0      0      0       0
   22          0      0      0      0      0      0      0       0
   23          0      0      0      0      0      0      0       0
 
TOTALS
 
12HR 7-19      0      0      0      0      0      0      0       0
16HR 6-22      0      0      0      0      0      0      0       0
18HR 6-24      0      0      0      0      0      0      0       0
24HR 0-24      0      0      0      0      0      0      0       0
 
 
 
 
*LOCATION   : ............................................................
*SITE NUMBER: 11704817
*FILE NUMBER:        7
*INTERVAL   :   15 MIN
*BATTERY    :    6.0 V
*RESTARTS   :        0
*CONFIG     :       12
*CHANNEL    :  1 OF  2
 
             WED    THU    FRI    SAT    SUN    MON    TUE    7-DAY
DATE    09/12/23     24     25     26     27     28     29   AVERAGE
 
START HOUR
 
    0          0      -      -      -      -      -      -       -
    1          0      -      -      -      -      -      -       -
    2          0      -      -      -      -      -      -       -
    3          0      -      -      -      -      -      -       -
    4          0      -      -      -      -      -      -       -
    5          0      -      -      -      -      -      -       -
    6          0      -      -      -      -      -      -       -
    7          0      -      -      -      -      -      -       -
    8          0      -      -      -      -      -      -       -
    9          0      -      -      -      -      -      -       -
   10          0      -      -      -      -      -      -       -
   11          0      -      -      -      -      -      -       -
   12          -      -      -      -      -      -      -       -
   13          -      -      -      -      -      -      -       -
   14          -      -      -      -      -      -      -       -
   15          -      -      -      -      -      -      -       -
   16          -      -      -      -      -      -      -       -
   17          -      -      -      -      -      -      -       -
   18          -      -      -      -      -      -      -       -
   19          -      -      -      -      -      -      -       -
   20          -      -      -      -      -      -      -       -
   21          -      -      -      -      -      -      -       -
   22          -      -      -      -      -      -      -       -
   23          -      -      -      -      -      -      -       -
 
TOTALS
 
12HR 7-19      -      -      -      -      -      -      -       -
16HR 6-22      -      -      -      -      -      -      -       -
18HR 6-24      -      -      -      -      -      -      -       -
24HR 0-24      -      -      -      -      -      -      -       -
 
 
 
 
*LOCATION   : ............................................................
*SITE NUMBER: 11704817
*FILE NUMBER:        7
*INTERVAL   :   15 MIN
*BATTERY    :    6.0 V
*RESTARTS   :        0
*CONFIG     :       12
*CHANNEL    :  2 OF  2
 
             WED    THU    FRI    SAT    SUN    MON    TUE    7-DAY
DATE    09/11/25     26     27     28     29     30     01   AVERAGE
 
START HOUR
 
    0          -      1      1      2      2      1      0       -
    1          -      0      0      2      1      1      1       -
    2          -      0      3      2      3      1      2       -
    3          -      0      0      0      0      0      0       -
    4          -      0      0      1      1      2      0       -
    5          -      0      3      1      1      2      3       -
    6          -     15     14      3      4     19     14       -
    7          -     50     50      3      1     49     62       -
    8          -     59     40      3      0     69     81       -
    9          -     48     32      5      4     49     40       -
   10         24     22     17     10     14     23     19      18
   11         22     20     16     14     10     20     11      16
   12         18     20     15     27     26     22     31      23
   13         22     21     14     21     21     21     13      19
   14         22     25     18     26     19     23     15      21
   15         39     44     34      9     16     50     41      33
   16         72     46     39     11     18     52     55      42
   17         55     50     38     10     11     59     65      41
   18         51     42     26      6     10     40     34      30
   19         31     25     12     10     19     25     25      21
   20         15     16     10      6      4     16     17      12
   21         10     19      7      5      3      8     21      10
   22          4     12      5      5      5     11      9       7
   23          9      2      2      2      6      4      3       4
 
TOTALS
 
12HR 7-19      -    447    339    145    150    477    467       -
16HR 6-22      -    522    382    169    180    545    544       -
18HR 6-24      -    536    389    176    191    560    556       -
24HR 0-24      -    537    396    184    199    567    562       -
 
 
 
 
*LOCATION   : ............................................................
*SITE NUMBER: 11704817
*FILE NUMBER:        7
*INTERVAL   :   15 MIN
*BATTERY    :    6.0 V
*RESTARTS   :        0
*CONFIG     :       12
*CHANNEL    :  2 OF  2
 
             WED    THU    FRI    SAT    SUN    MON    TUE    7-DAY
DATE    09/12/02     03     04     05     06     07     08   AVERAGE
 
START HOUR
 
    0          3      2      2      0      5      1      0       2
    1          1      3      1      3      0      1      2       2
    2          0      1      1      3      1      0      0       1
    3          0      2      1      1      0      1      0       1
    4          1      1      0      2      0      1      0       1
    5          3      3      0      1      2      4      3       2
    6         18     17     16      1      2     16     19      13
    7         45     44     39      3      0     47     53      33
    8         74     60     57      5      1     64     76      48
    9         37     42     26      7      6     41     35      28
   10         22     25     23     11     18     22     16      20
   11         19     16     17     17     20     15     16      17
   12         20     12     18     24     21     27     14      19
   13         13     19     13     18     20     18     18      17
   14         20     21     23     20     14     21     23      20
   15         40     47     47     14     13     49     36      35
   16         67     49     28     13     15     44     56      39
   17         50     38     32      5      3     57     56      34
   18         34     35     19     12     13     29     36      25
   19         15     14      7      5     11     18     26      14
   20         17     14     10      5      6     15     16      12
   21         10     12      6      3     11      3     11       8
   22          8      5      4      2      4      7      7       5
   23          1      3      3      5      0      2      1       2
 
TOTALS
 
12HR 7-19    441    408    342    149    144    434    435     336
16HR 6-22    501    465    381    163    174    486    507     382
18HR 6-24    510    473    388    170    178    495    515     390
24HR 0-24    518    485    393    180    186    503    520     398
 
 
 
 
*LOCATION   : ............................................................
*SITE NUMBER: 11704817
*FILE NUMBER:        7
*INTERVAL   :   15 MIN
*BATTERY    :    6.0 V
*RESTARTS   :        0
*CONFIG     :       12
*CHANNEL    :  2 OF  2
 
             WED    THU    FRI    SAT    SUN    MON    TUE    7-DAY
DATE    09/12/09     10     11     12     13     14     15   AVERAGE
 
START HOUR
 
    0          2      1      0      3      2      2      0       1
    1          1      3      2      0      0      1      0       1
    2          0      0      0      0      1      0      0       0
    3          0      1      0      2      1      0      0       1
    4          0      3      2      1      3      0      0       1
    5          4      3      4      2      0      1      2       2
    6         19     15     12      0      1     13     11      10
    7         57     43     38      4      2     27     27      28
    8         56     58     51      2      1     35     34      34
    9         26     33     36      7      4     20     16      20
   10         15     20     18      6      5     11     10      12
   11         17     19     14     24      7     10     12      15
   12         14     18     16     17     12     11     12      14
   13         16     18     15     14     10     12     12      14
   14         20     28     18     13     16     13      5      16
   15         31     33     34     15      7     23     21      23
   16         47     48     39     11     12     25     18      29
   17         46     46     27      4      5     25     33      27
   18         35     29     20      9     12     13     12      19
   19         18     14     16      1      1      6      4       9
   20         19     15      9      5      6     11      6      10
   21          9     12      9      3      3      6      8       7
   22          7      4      5      4      2      2      7       4
   23          2      4      2      2      1      4      0       2
 
TOTALS
 
12HR 7-19    380    393    326    126     93    225    212     251
16HR 6-22    445    449    372    135    104    261    241     287
18HR 6-24    454    457    379    141    107    267    248     293
24HR 0-24    461    468    387    149    114    271    250     300
 
 
 
 
*LOCATION   : ............................................................
*SITE NUMBER: 11704817
*FILE NUMBER:        7
*INTERVAL   :   15 MIN
*BATTERY    :    6.0 V
*RESTARTS   :        0
*CONFIG     :       12
*CHANNEL    :  2 OF  2
 
             WED    THU    FRI    SAT    SUN    MON    TUE    7-DAY
DATE    09/12/16     17     18     19     20     21     22   AVERAGE
 
START HOUR
 
    0          1      1      1      1      2      1      0       1
    1          0      0      1      1      1      4      1       1
    2          0      1      0      3      0      0      1       1
    3          0      0      0      1      2      0      2       1
    4          0      4      0      1      1      0      0       1
    5          2      1      3      1      1      0      2       1
    6          8     11      6      2      0      3      2       5
    7         22     28     23      4      2     12     12      15
    8         35     36     23      1      2     25     19      20
    9         22     15     16      4      4     12     10      12
   10         11     11     10      1      2      8      1       6
   11         12     11      8      6      1      4      8       7
   12         12      6      8      9      6      6      5       7
   13         10     10     13      2      5      2      6       7
   14         11     11     10      4      2      7      6       7
   15         12     10     13      6      1     14     13      10
   16         25     23     20     10      4     11     12      15
   17         23     30     20      4      1     18     17      16
   18         19     14      9      5      1      8      9       9
   19         14      9      8      3      3      6      5       7
   20         11      4      3      4      0      7      6       5
   21          3      3      8      4      2      2      0       3
   22          2      5      1      1      1      4      2       2
   23          2      2      3      2      1      2      2       2
 
TOTALS
 
12HR 7-19    214    205    173     56     31    127    118     132
16HR 6-22    250    232    198     69     36    145    131     152
18HR 6-24    254    239    202     72     38    151    135     156
24HR 0-24    257    246    207     80     45    156    141     162
 
 
 
 
*LOCATION   : ............................................................
*SITE NUMBER: 11704817
*FILE NUMBER:        7
*INTERVAL   :   15 MIN
*BATTERY    :    6.0 V
*RESTARTS   :        0
*CONFIG     :       12
*CHANNEL    :  2 OF  2
 
             WED    THU    FRI    SAT    SUN    MON    TUE    7-DAY
DATE    09/12/23     24     25     26     27     28     29   AVERAGE
 
START HOUR
 
    0          1      -      -      -      -      -      -       -
    1          0      -      -      -      -      -      -       -
    2          0      -      -      -      -      -      -       -
    3          0      -      -      -      -      -      -       -
    4          0      -      -      -      -      -      -       -
    5          0      -      -      -      -      -      -       -
    6          2      -      -      -      -      -      -       -
    7          3      -      -      -      -      -      -       -
    8          7      -      -      -      -      -      -       -
    9          7      -      -      -      -      -      -       -
   10          3      -      -      -      -      -      -       -
   11          2      -      -      -      -      -      -       -
   12          -      -      -      -      -      -      -       -
   13          -      -      -      -      -      -      -       -
   14          -      -      -      -      -      -      -       -
   15          -      -      -      -      -      -      -       -
   16          -      -      -      -      -      -      -       -
   17          -      -      -      -      -      -      -       -
   18          -      -      -      -      -      -      -       -
   19          -      -      -      -      -      -      -       -
   20          -      -      -      -      -      -      -       -
   21          -      -      -      -      -      -      -       -
   22          -      -      -      -      -      -      -       -
   23          -      -      -      -      -      -      -       -
 
TOTALS
 
12HR 7-19      -      -      -      -      -      -      -       -
16HR 6-22      -      -      -      -      -      -      -       -
18HR 6-24      -      -      -      -      -      -      -       -
24HR 0-24      -      -      -      -      -      -      -       -
 
