 

 

 

*LOCATION   : ............................................................

*SITE NUMBER: 10702407

*FILE NUMBER:        2

*INTERVAL   :   15 MIN

*BATTERY    :    6.5 V

*RESTARTS   :        0

*CONFIG     :        0

*CHANNEL    :  1 OF  1

 

             MON    TUE    WED    THU    FRI    SAT    SUN    7-DAY

DATE    11/06/20     21     22     23     24     25     26   AVERAGE

 

START HOUR

 

    0          -      5     17     21      9     30      8       -

    1          -      5      5     11      5     27      4       -

    2          -      3      5      4      1      8      7       -

    3          -      5      2     10      4     12      2       -

    4          -      4      3      2      3      2      2       -

    5          -     10     10      9      4      1      2       -

    6          -     60     69     43     10      6      8       -

    7          -    199    193    122     11      5      9       -

    8          -    272    326    191     19      4     14       -

    9          -    152    182    107     31      5     19       -

   10          -     94    104     91     33     17     48       -

   11          -     92    117     69     31     34     57       -

   12          -    127    111     66     50     29     79       -

   13          -    123    141     64     39     28    103       -

   14        119    140    130     75     54     47     99      95

   15        180    164    208    147     56     44     77     125

   16        276    278    342    117     50     55     90     173

   17        250    250    267     78     44     58     87     148

   18        184    185    182     70     38     56     80     114

   19        132    124    144     56     40     35     59      84

   20         94    108     94     31     48     36     44      65

   21         73     87     84     19     47     36     40      55

   22         32     37     63     15     40     18     28      33

   23         20     29     29      7     36     12     20      22

 

TOTALS

 

12HR 7-19      -   2076   2303   1197    456    382    762       -

16HR 6-22      -   2455   2694   1346    601    495    913       -

18HR 6-24      -   2521   2786   1368    677    525    961       -

24HR 0-24      -   2553   2828   1425    703    605    986       -


 

 

 

 



































*LOCATION   : ............................................................

*SITE NUMBER: 10702407

*FILE NUMBER:        2

*INTERVAL   :   15 MIN

*BATTERY    :    6.5 V

*RESTARTS   :        0

*CONFIG     :        0

*CHANNEL    :  1 OF  1

 

             MON    TUE    WED    THU    FRI    SAT    SUN    7-DAY

DATE    11/06/27     28     29     30     01     02     03   AVERAGE

 

START HOUR

 

    0         14     17     19     21     25     34     31      23

    1          3     10     14     21     10     15     43      17

    2          5      3      7     19     11     11     22      11

    3          3      2      3      9      6     14     23       9

    4          6      2      4      6      2      7     30       8

    5         12     13     11     20     16     13     10      14

    6         65     76     76     81     60      7     11      54

    7        145    227    200    192    145     20      6     134

    8        291    350    312    311    244     23     10     220

    9        162    170    178    161    132     69     32     129

   10        112    105    125    103    100     85     36      95

   11        110    118    121    131    108     77     57     103

   12         94    152    103    115     94    127     60     106

   13        119    121    116    110    125    142     68     114

   14        156    147    164    128    164    170     99     147

   15        217    213    218    199    223    163    103     191

   16        277    359    310    305    265    120     96     247

   17        276    296    295    270    192    135    103     224

   18        211    220    227    186    152    177     79     179

   19        149    171    193    154    103    104     76     136

   20        130    146    135    124     92     92     75     113

   21         94    101    124    107    100     75     49      93

   22         61     68     71     65     63     87     34      64

   23         32     39     41     39     43     59     20      39

 

TOTALS

 

12HR 7-19   2170   2478   2369   2211   1944   1308    749    1890

16HR 6-22   2608   2972   2897   2677   2299   1586    960    2286

18HR 6-24   2701   3079   3009   2781   2405   1732   1014    2389

24HR 0-24   2744   3126   3067   2877   2475   1826   1173    2470


 

 

 

 

































*LOCATION   : ............................................................

*SITE NUMBER: 10702407

*FILE NUMBER:        2

*INTERVAL   :   15 MIN

*BATTERY    :    6.5 V

*RESTARTS   :        0

*CONFIG     :        0

*CHANNEL    :  1 OF  1

 

             MON    TUE    WED    THU    FRI    SAT    SUN    7-DAY

DATE    11/07/04     05     06     07     08     09     10   AVERAGE

 

START HOUR

 

    0         12      5     13     19     28     22     17      17

    1          4      8      2     11     10     28     18      12

    2          2      4      9     20     12     21     17      12

    3          9      1      3      7     11     17     14       9

    4          5      2      3      8      6     11      9       6

    5          9      4     15     10      8     12     13      10

    6         55     64     71     51     67     15      8      47

    7        159    157    155    170    138     18     11     115

    8        247    234    250    246    191     22     12     172

    9        119    134    144    144    117     51     24     105

   10         92     93     77     77     81     56     44      74

   11         70    110    101     95     80     79     66      86

   12         87     86     93     97     86     68     87      86

   13         82     91    115    107     89    105    104      99

   14        112    113    133    132    127    122     97     119

   15        176    196    240    202    210     95     99     174

   16        209    272    267    251    221    103    116     206

   17        182    217    255    223    164    101     92     176

   18        157    180    185    187    116    111     80     145

   19        110    131    153    148    116     71     79     115

   20         85     87    113    128     76     59     80      90

   21         47     78    100     92     58     63     47      69

   22         25     40     57     48     48     46     32      42

   23         17     25     41     29     41     41     18      30

 

TOTALS

 

12HR 7-19   1692   1883   2015   1931   1620    931    832    1558

16HR 6-22   1989   2243   2452   2350   1937   1139   1046    1879

18HR 6-24   2031   2308   2550   2427   2026   1226   1096    1952

24HR 0-24   2072   2332   2595   2502   2101   1337   1184    2018


 

 

 
































 

*LOCATION   : ............................................................

*SITE NUMBER: 10702407

*FILE NUMBER:        2

*INTERVAL   :   15 MIN

*BATTERY    :    6.5 V

*RESTARTS   :        0

*CONFIG     :        0

*CHANNEL    :  1 OF  1

 

             MON    TUE    WED    THU    FRI    SAT    SUN    7-DAY

DATE    11/07/11     12     13     14     15     16     17   AVERAGE

 

START HOUR

 

    0          6      8     10     17     11     11     21      12

    1         10      6      8     12      8     11      7       9

    2          2      1      7      9      4      5      9       5

    3          4      2      2      8      5      8     19       7

    4          6      4      5      7      5      4     14       6

    5         13     10      7     10      6      6      8       9

    6         54     29     53     57     39      7      2      34

    7        128     32    148    130     50     13      7      73

    8        214     94    223    189     65     15     17     117

    9        125     85    110    119     58     26     17      77

   10         78     39     89     94     35     40     78      65

   11        106     38    103    109     51     54     49      73

   12        111     40     97    110     33     70     44      72

   13        108     60    110    101     39     73     71      80

   14        113     56    106    125     52     82     88      89

   15        162     90    179    177     61     87    118     125

   16        253    135    240    268     93     88     86     166

   17        228    176    215    210     51     83     79     149

   18        189    112    171    174     53     85     89     125

   19        122    114    120    129     45     69     77      97

   20         99    103    110    105     29     57     64      81

   21         59     86     88     77     32     50     34      61

   22         32     27     60     39     20     34     31      35

   23         26     25     31     31      7     24     22      24

 

TOTALS

 

12HR 7-19   1815    957   1791   1806    641    716    743    1210

16HR 6-22   2149   1289   2162   2174    786    899    920    1483

18HR 6-24   2207   1341   2253   2244    813    957    973    1541

24HR 0-24   2248   1372   2292   2307    852   1002   1051    1589


 

 

 

































 

*LOCATION   : ............................................................

*SITE NUMBER: 10702407

*FILE NUMBER:        2

*INTERVAL   :   15 MIN

*BATTERY    :    6.5 V

*RESTARTS   :        0

*CONFIG     :        0

*CHANNEL    :  1 OF  1

 

             MON    TUE    WED    THU    FRI    SAT    SUN    7-DAY

DATE    11/07/18     19     20     21     22     23     24   AVERAGE

 

START HOUR

 

    0         11     17     12     16     30     19     21      18

    1         11      8      7      9     17     15     14      12

    2          4      5      4     14      8     17     20      10

    3          4      5      2      7      5     14     11       7

    4          3      5      8     13      7     11      9       8

    5          9     10     12     16     11      5      5      10

    6         51     37     43     48     40     16      6      34

    7        118     93    128     98     94     22     13      81

    8        198    157    188    176    123     17     10     124

    9        110     83    108     92     91     29     24      77

   10         79     66     84     87     73     40     39      67

   11         92     63     91     97     89     56     66      79

   12        115     59    109    114    153     63     62      96

   13        104     42    126    128    103    109     87     100

   14        104     45    131    128    163     91     92     108

   15        208    118    183    160    184     87    117     151

   16        231    189    220    250    167     68    118     178

   17        208    162    188    172    129     69     81     144

   18        115    120    179    136    125     80     89     121

   19        143    118    127    156     99     52     60     108

   20        110     84    105    110     82     56     61      87

   21         52     74     98     75     62     49     53      66

   22         45     39     48     52     58     31     37      44

   23         22     25     28     37     38     25     23      28

 

TOTALS

 

12HR 7-19   1682   1197   1735   1638   1494    731    798    1325

16HR 6-22   2038   1510   2108   2027   1777    904    978    1620

18HR 6-24   2105   1574   2184   2116   1873    960   1038    1693

24HR 0-24   2147   1624   2229   2191   1951   1041   1118    1757


 

 

 



































 

*LOCATION   : ............................................................

*SITE NUMBER: 10702407

*FILE NUMBER:        2

*INTERVAL   :   15 MIN

*BATTERY    :    6.5 V

*RESTARTS   :        0

*CONFIG     :        0

*CHANNEL    :  1 OF  1

 

             MON    TUE    WED    THU    FRI    SAT    SUN    7-DAY

DATE    11/07/25     26     27     28     29     30     31   AVERAGE

 

START HOUR

 

    0         12     13     17     25     13     28     17      18

    1          5      9      6     20     10     13     19      12

    2          3      2      5     12      6     11     19       8

    3          3      3      7      9      4     11     15       7

    4          3      2      9      8      3      8      4       5

    5         13      9     19     18     11      9      8      12

    6         48     47     45     37     24     14      8      32

    7        110    121    107    108     97     13      9      81

    8        203    207    199    163    140     30     15     137

    9        108    120    144    119    115     38     24      95

   10         94     85    104     67    108     49     47      79

   11        111    114    105     33     94     68     79      86

   12         98    115    115     24     77    112     79      89

   13        102     87    108     38    112     84     83      88

   14        117    109    140     47    128    120    115     111

   15        184    193    204    110    148     87    138     152

   16        242    267    245    185    141    101    140     189

   17        206    200    212    153    130    102    122     161

   18        167    148    169    133    115     99    116     135

   19        126    150    106     71     89     64    101     101

   20         87     93    101     66     68     66     88      81

   21         83     76     98     47     57     69     51      69

   22         57     54     66     30     35     48     34      46

   23         22     23     28     26     36     43     21      28

 

TOTALS

 

12HR 7-19   1742   1766   1852   1180   1405    903    967    1402

16HR 6-22   2086   2132   2202   1401   1643   1116   1215    1685

18HR 6-24   2165   2209   2296   1457   1714   1207   1270    1760

24HR 0-24   2204   2247   2359   1549   1761   1287   1352    1823


 

 

 

































 

*LOCATION   : ............................................................

*SITE NUMBER: 10702407

*FILE NUMBER:        2

*INTERVAL   :   15 MIN

*BATTERY    :    6.5 V

*RESTARTS   :        0

*CONFIG     :        0

*CHANNEL    :  1 OF  1

 

             MON    TUE    WED    THU    FRI    SAT    SUN    7-DAY

DATE    11/08/01     02     03     04     05     06     07   AVERAGE

 

START HOUR

 

    0         16      -      -      -      -      -      -       -

    1          7      -      -      -      -      -      -       -

    2          8      -      -      -      -      -      -       -

    3          3      -      -      -      -      -      -       -

    4          6      -      -      -      -      -      -       -

    5         19      -      -      -      -      -      -       -

    6         60      -      -      -      -      -      -       -

    7        170      -      -      -      -      -      -       -

    8        304      -      -      -      -      -      -       -

    9        151      -      -      -      -      -      -       -

   10          -      -      -      -      -      -      -       -

   11          -      -      -      -      -      -      -       -

   12          -      -      -      -      -      -      -       -

   13          -      -      -      -      -      -      -       -

   14          -      -      -      -      -      -      -       -

   15          -      -      -      -      -      -      -       -

   16          -      -      -      -      -      -      -       -

   17          -      -      -      -      -      -      -       -

   18          -      -      -      -      -      -      -       -

   19          -      -      -      -      -      -      -       -

   20          -      -      -      -      -      -      -       -

   21          -      -      -      -      -      -      -       -

   22          -      -      -      -      -      -      -       -

   23          -      -      -      -      -      -      -       -

 

TOTALS

 

12HR 7-19      -      -      -      -      -      -      -       -

16HR 6-22      -      -      -      -      -      -      -       -

18HR 6-24      -      -      -      -      -      -      -       -

24HR 0-24      -      -      -      -      -      -      -       -
