 

 

 

*LOCATION   : ............................................................

*SITE NUMBER: 11502502

*FILE NUMBER:        1

*INTERVAL   :   15 MIN

*BATTERY    :    6.4 V

*RESTARTS   :        0

*CONFIG     :        0

*CHANNEL    :  1 OF  1

 

             MON    TUE    WED    THU    FRI    SAT    SUN    7-DAY

DATE    11/06/20     21     22     23     24     25     26   AVERAGE

 

START HOUR

 

    0          -      9     20     21      7     11     15       -

    1          -      9     18     11      4     18     10       -

    2          -      3      4     10      9     10      5       -

    3          -      4      2      6      2      4      4       -

    4          -      1      4      4      3      4      5       -

    5          -      8      8      6      7      3      1       -

    6          -     59     58     44      9      4      5       -

    7          -    149    158    110     12      4      6       -

    8          -    255    307    190     17      0     15       -

    9          -    182    197    132     28      3     20       -

   10          -     91    126     88     41     22     34       -

   11          -     98    129     83     35     18     63       -

   12          -    139    132     80     44     31     66       -

   13          -    121    147     67     32     64     89       -

   14        154    138    188     89     51     42     88     107

   15        184    138    220    121     48     47     70     118

   16        243    257    294    145     55     40     69     158

   17        233    225    287     72     51     58     97     146

   18        181    170    194     53     47     44     84     110

   19        123    137    146     29     42     38     69      83

   20        105    100     99     17     30     35     63      64

   21         58     55     87     11     25     25     41      43

   22         35     42     59     10     20     21     27      31

   23         23     34     35     12     36     16     44      29

 

TOTALS

 

12HR 7-19      -   1963   2379   1230    461    373    701       -

16HR 6-22      -   2314   2769   1331    567    475    879       -

18HR 6-24      -   2390   2863   1353    623    512    950       -

24HR 0-24      -   2424   2919   1411    655    562    990       -


 

 

 

 


































*LOCATION   : ............................................................

*SITE NUMBER: 11502502

*FILE NUMBER:        1

*INTERVAL   :   15 MIN

*BATTERY    :    6.4 V

*RESTARTS   :        0

*CONFIG     :        0

*CHANNEL    :  1 OF  1

 

             MON    TUE    WED    THU    FRI    SAT    SUN    7-DAY

DATE    11/06/27     28     29     30     01     02     03   AVERAGE

 

START HOUR

 

    0         14     13     21     19     46     42     63      31

    1          4     13     10     16     25     47     44      23

    2          5      6      3      3     14     30     33      13

    3          3      1      6     14      7     13     29      10

    4          0      1      3      2      6     14     13       6

    5         13      8      8     10     10      8      8       9

    6         49     67     70     67     71     14      9      50

    7        135    189    183    169    124     21     13     119

    8        259    337    321    264    241     35     25     212

    9        177    218    231    180    191     70     38     158

   10        115    137    134    125    133     86     63     113

   11        103    172    139    139     99    110     92     122

   12        135    141    141    158    159    179     93     144

   13        141    148    174    143    148    155    121     147

   14        129    156    149    168    194    173    114     155

   15        203    252    224    221    212    127    112     193

   16        314    330    341    340    280    154    121     269

   17        283    275    287    283    227    127    103     226

   18        201    223    218    182    152    108     95     168

   19        151    182    151    158    121    112     81     137

   20        105    142    133    137    120     93     60     113

   21         82     95    106     89    100     78     61      87

   22         42     58     81     64     76     86     34      63

   23         32     37     48     49     58     63     21      44

 

TOTALS

 

12HR 7-19   2195   2578   2542   2372   2160   1345    990    2026

16HR 6-22   2582   3064   3002   2823   2572   1642   1201    2412

18HR 6-24   2656   3159   3131   2936   2706   1791   1256    2519

24HR 0-24   2695   3201   3182   3000   2814   1945   1446    2612


 

 

 

 




































*LOCATION   : ............................................................

*SITE NUMBER: 11502502

*FILE NUMBER:        1

*INTERVAL   :   15 MIN

*BATTERY    :    6.4 V

*RESTARTS   :        0

*CONFIG     :        0

*CHANNEL    :  1 OF  1

 

             MON    TUE    WED    THU    FRI    SAT    SUN    7-DAY

DATE    11/07/04     05     06     07     08     09     10   AVERAGE

 

START HOUR

 

    0          9     14     12     27     37     56     61      31

    1          7      7      9     23     19     41     35      20

    2          2      5      5     12     10     23     27      12

    3          3      3      3     16      9     17     23      11

    4          1      1      4      4      5      9      7       4

    5         13     10     12     11     10     11      3      10

    6         56     54     55     56     50     14      8      42

    7        135    136    118    145    100     21      9      95

    8        217    219    237    221    198     37     18     164

    9        151    153    167    161    158     52     39     126

   10        104    104    124    100    109     87     68      99

   11         80    117    134    134    109    116     79     110

   12         98    107    143    148    136    121     93     121

   13        109    134    153    130    136    135    110     130

   14        119    147    139    146    175    136    119     140

   15        178    198    242    201    217    116     94     178

   16        267    274    290    323    243    110     91     228

   17       2254    241    238    258   1219     99     99     630

   18        124    185    184    183    126     92     87     140

   19         95    134    163    142     91     90     80     114

   20         67     88    115    142     95     92     68      95

   21         57     67    111     87     79     59     40      71

   22         29     62     94     71     73     69     46      63

   23         17     43     44     46     51     51     22      39

 

TOTALS

 

12HR 7-19   3836   2015   2169   2150   2926   1122    906    2161

16HR 6-22   4111   2358   2613   2577   3241   1377   1102    2483

18HR 6-24   4157   2463   2751   2694   3365   1497   1170    2585

24HR 0-24   4192   2503   2796   2787   3455   1654   1326    2673


 

 

 

 

































*LOCATION   : ............................................................

*SITE NUMBER: 11502502

*FILE NUMBER:        1

*INTERVAL   :   15 MIN

*BATTERY    :    6.4 V

*RESTARTS   :        0

*CONFIG     :        0

*CHANNEL    :  1 OF  1

 

             MON    TUE    WED    THU    FRI    SAT    SUN    7-DAY

DATE    11/07/11     12     13     14     15     16     17   AVERAGE

 

START HOUR

 

    0          8     20     14     24     25     11     34      19

    1          1      8     13     16     15     12     26      13

    2          3      3     16      7     13      8     17      10

    3          0      2      6      5      7      3     14       5

    4          0      3      3      2      4      1      8       3

    5          7      3      7      7     10      6      1       6

    6         58     22     43     42     28      9      9      30

    7        105     26    118     94     44     13     11      59

    8        185     93    181    186     55     19     15     105

    9        156     82    143    135     50     35     36      91

   10        103     58    134    105     39     65     52      79

   11        122     41    104    104     24     74     72      77

   12        114     52    117    141     45     83     81      90

   13        116     51    137    148     49    110     85      99

   14        157     81    121    161     68    100    102     113

   15        217    131    183    185     75    129     94     145

   16        238    160    237    240     95     94     83     164

   17        217    158    209    214     66     90     87     149

   18        146    127    176    180     57     60     74     117

   19        136    118     89    125     32     60     74      91

   20         76    105     93    105     36     51     71      77

   21         68     56     81     76     28     55     42      58

   22         44     50     60     51     20     32     31      41

   23         30     27     27     37     17     46     22      29

 

TOTALS

 

12HR 7-19   1876   1060   1860   1893    667    872    792    1289

16HR 6-22   2214   1361   2166   2241    791   1047    988    1544

18HR 6-24   2288   1438   2253   2329    828   1125   1041    1615

24HR 0-24   2307   1477   2312   2390    902   1166   1141    1671


 

 

 

 
































*LOCATION   : ............................................................

*SITE NUMBER: 11502502

*FILE NUMBER:        1

*INTERVAL   :   15 MIN

*BATTERY    :    6.4 V

*RESTARTS   :        0

*CONFIG     :        0

*CHANNEL    :  1 OF  1

 

             MON    TUE    WED    THU    FRI    SAT    SUN    7-DAY

DATE    11/07/18     19     20     21     22     23     24   AVERAGE

 

START HOUR

 

    0         12     11     15     30     38     51     37      28

    1          9      6     11     23     24     32     25      19

    2          3      2      3     11     21     38     17      14

    3          4      1      4     14      4     10     13       7

    4          2      2      1     11     10      6     17       7

    5         15     12     11     12     16      5      5      11

    6         50     42     46     45     40     14     13      36

    7         94     93    102     65     76     16      7      65

    8        145    143    193    166    142     11     10     116

    9        127    125    129    124    113     41     40     100

   10        118     83     98     92    106     59     63      88

   11         98     76    131    137    137     82     98     108

   12        122     69    125    150    135    130     64     114

   13        130     67    167    147    142    128     62     120

   14        168     80    162    127    153    142     68     129

   15        192    120    195    200    228     90     82     158

   16        257    210    250    227    189     63     81     182

   17        209    170    236    221    175     78     76     166

   18        161    121    182    152    118     62     74     124

   19        126     87    136    151    123     65     75     109

   20        108     87    117    105     87     74     67      92

   21         75     73     79     72     72     55     55      69

   22         39     49     64     68     61     51     38      53

   23         20     31     65     48     55     34     15      38

 

TOTALS

 

12HR 7-19   1821   1357   1970   1808   1714    902    725    1471

16HR 6-22   2180   1646   2348   2181   2036   1110    935    1777

18HR 6-24   2239   1726   2477   2297   2152   1195    988    1868

24HR 0-24   2284   1760   2522   2398   2265   1337   1102    1953


 

 

 

 





























*LOCATION   : ............................................................

*SITE NUMBER: 11502502

*FILE NUMBER:        1

*INTERVAL   :   15 MIN

*BATTERY    :    6.4 V

*RESTARTS   :        0

*CONFIG     :        0

*CHANNEL    :  1 OF  1

 

             MON    TUE    WED    THU    FRI    SAT    SUN    7-DAY

DATE    11/07/25     26     27     28     29     30     31   AVERAGE

 

START HOUR

 

    0         15     14     22     45     26     42     42      29

    1          5      7     15     24     15     30     32      18

    2          6      5     14     19     15     15     33      15

    3          0      1      4      9     11     16     20       9

    4          2      1      4     10      8     11     18       8

    5         11     15     16     14     21      9      4      13

    6         48     45     58     51     48     12      7      38

    7         93    110    112     89     74     11     18      72

    8        194    203    185    187    137     24     19     136

    9        109    148    137    127    132     37     42     105

   10         99    115    119     98    116     75     52      96

   11        153    150    120     36    126     79     79     106

   12        145    151    139     44    127    115     75     114

   13        138    147    146     52    127    142    103     122

   14        147    150    153     70    149    123    106     128

   15        198    255    218    116    183    125    125     174

   16        282    270    230    199    183    129    114     201

   17        232    235    234    163    139    101    113     174

   18        164    180    182    131    111     86     91     135

   19        125    142    149    108     98     71     68     109

   20        103    145    117     89     79     64     69      95

   21         64     70    109     55     55     48     27      61

   22         54     62     83     43     54     58     43      57

   23         32     39     54     39     51     48     29      42

 

TOTALS

 

12HR 7-19   1954   2114   1975   1312   1604   1047    937    1563

16HR 6-22   2294   2516   2408   1615   1884   1242   1108    1867

18HR 6-24   2380   2617   2545   1697   1989   1348   1180    1965

24HR 0-24   2419   2660   2620   1818   2085   1471   1329    2057


 

 

 

 





































*LOCATION   : ............................................................

*SITE NUMBER: 11502502

*FILE NUMBER:        1

*INTERVAL   :   15 MIN

*BATTERY    :    6.4 V

*RESTARTS   :        0

*CONFIG     :        0

*CHANNEL    :  1 OF  1

 

             MON    TUE    WED    THU    FRI    SAT    SUN    7-DAY

DATE    11/08/01     02     03     04     05     06     07   AVERAGE

 

START HOUR

 

    0         12      -      -      -      -      -      -       -

    1          3      -      -      -      -      -      -       -

    2          2      -      -      -      -      -      -       -

    3          3      -      -      -      -      -      -       -

    4          2      -      -      -      -      -      -       -

    5         15      -      -      -      -      -      -       -

    6         51      -      -      -      -      -      -       -

    7        142      -      -      -      -      -      -       -

    8        276      -      -      -      -      -      -       -

    9        171      -      -      -      -      -      -       -

   10          -      -      -      -      -      -      -       -

   11          -      -      -      -      -      -      -       -

   12          -      -      -      -      -      -      -       -

   13          -      -      -      -      -      -      -       -

   14          -      -      -      -      -      -      -       -

   15          -      -      -      -      -      -      -       -

   16          -      -      -      -      -      -      -       -

   17          -      -      -      -      -      -      -       -

   18          -      -      -      -      -      -      -       -

   19          -      -      -      -      -      -      -       -

   20          -      -      -      -      -      -      -       -

   21          -      -      -      -      -      -      -       -

   22          -      -      -      -      -      -      -       -

   23          -      -      -      -      -      -      -       -

 

TOTALS

 

12HR 7-19      -      -      -      -      -      -      -       -

16HR 6-22      -      -      -      -      -      -      -       -

18HR 6-24      -      -      -      -      -      -      -       -

24HR 0-24      -      -      -      -      -      -      -       -
