 
 
 
*LOCATION   : ............................................................
*SITE NUMBER: 10303125
*FILE NUMBER:        2
*INTERVAL   :   15 MIN
*BATTERY    :    6.0 V
*RESTARTS   :        0
*CONFIG     :        0
*CHANNEL    :  1 OF  1
 
             MON    TUE    WED    THU    FRI    SAT    SUN    7-DAY
DATE    08/07/28     29     30     31     01     02     03   AVERAGE
 
START HOUR
 
    0          -      7     11     17     14     11      7       -
    1          -      6      8      6      9      7      5       -
    2          -      1      4      9      6      1      3       -
    3          -      3      7      2      1      3      7       -
    4          -      2      1      4      5      4      1       -
    5          -     16     15     19     14      4      4       -
    6          -    105    101    105     55     12      4       -
    7          -    210    184    173    123     12     11       -
    8          -    209    203    204    146     22     10       -
    9          -    127    116    126     82     37      8       -
   10          -     83     84    104     52     57     22       -
   11          -    117    101    101     53     52     36       -
   12          -     93     97    107     57     68     31       -
   13          -    100     96    111     82     71     46       -
   14          -    113    127    152     80     83     25       -
   15          -    250    203    206    158     88     31       -
   16        254    292    286    319    114     94     47     201
   17        215    229    199    219     78     59     48     150
   18        137    191    177    162     58     64     27     117
   19        142    112    112    125     28     49     20      84
   20         84    105    113    102     32     31     13      69
   21         51     60     73     87     39     17     14      49
   22         41     33     49     51     26     11     11      32
   23         12     22     21     23     17      8     11      16
 
TOTALS
 
12HR 7-19      -   2014   1873   1984   1083    707    342       -
16HR 6-22      -   2396   2272   2403   1237    816    393       -
18HR 6-24      -   2451   2342   2477   1280    835    415       -
24HR 0-24      -   2486   2388   2534   1329    865    442       -
 
 
 
 
*LOCATION   : ............................................................
*SITE NUMBER: 10303125
*FILE NUMBER:        2
*INTERVAL   :   15 MIN
*BATTERY    :    6.0 V
*RESTARTS   :        0
*CONFIG     :        0
*CHANNEL    :  1 OF  1
 
             MON    TUE    WED    THU    FRI    SAT    SUN    7-DAY
DATE    08/08/04     05     06     07     08     09     10   AVERAGE
 
START HOUR
 
    0          3      6      4      8      7      9     13       7
    1          2      1      4      6      3      4     10       4
    2          5      3      0      1      3      1      5       3
    3          1      1      3      3      4      3      3       3
    4          2      0      0      6      0      2      1       2
    5         12     11     21     14      9      5      7      11
    6         66     48     84     92     45      7     12      51
    7        121    107    207    177     65      8     11      99
    8        135    103    218    186     63     22     16     106
    9         38     41    102     92     31     28     25      51
   10         26     17     49     53      8     40     26      31
   11         30     23     63     61     13     91     38      46
   12         27     30     75     80     28     79     47      52
   13         44     28     69     72     30     84     62      56
   14         46     35     84     79     45     79     76      63
   15        107     84    172    143     76     70     98     107
   16        163    156    272    191     83     51     79     142
   17        130     96    206    152     48     57     69     108
   18         84     79    126    101     48     56     99      85
   19         68     66    105     64     27     47     69      64
   20         43     47     94     54     25     46     46      51
   21         32     34     74     53     18     32     29      39
   22         16     23     29     24     15     18     23      21
   23          4     14     10     16      9     10      6      10
 
TOTALS
 
12HR 7-19    951    799   1643   1387    538    665    646     947
16HR 6-22   1160    994   2000   1650    653    797    802    1151
18HR 6-24   1180   1031   2039   1690    677    825    831    1182
24HR 0-24   1205   1053   2071   1728    703    849    870    1211
 
 
 
 
*LOCATION   : ............................................................
*SITE NUMBER: 10303125
*FILE NUMBER:        2
*INTERVAL   :   15 MIN
*BATTERY    :    6.0 V
*RESTARTS   :        0
*CONFIG     :        0
*CHANNEL    :  1 OF  1
 
             MON    TUE    WED    THU    FRI    SAT    SUN    7-DAY
DATE    08/08/11     12     13     14     15     16     17   AVERAGE
 
START HOUR
 
    0          2      4      7      6      4     11      2       5
    1          3      6      4      5      9      9      3       6
    2          3      5      0      4      1      6      4       3
    3          1      1      0      1      0      4      5       2
    4          3      4      1      1      0      5      2       2
    5         16     17     10     13     13      3      5      11
    6         86     99     71     84     71      7      9      61
    7        149    220    193    193    162     11      7     134
    8        150    230    192    205    163     20      5     138
    9         49    113     84     63     85     15     22      62
   10         30     55     33     46     36     20     29      36
   11         31     60     49     31     61     15     79      47
   12         26     51     35     41     46     31     71      43
   13         33     71     41     51     76     22     95      56
   14         60    103     65     80    108     20     66      72
   15        113    198    123    184    170     26     66     126
   16        208    261    168    241    188     21     61     164
   17        139    223    115    153    141     30     67     124
   18        127    169     67    122    103     16     61      95
   19         87    115     45     81     76     23     45      67
   20         74    113     40     79     53     14     56      61
   21         51     49     35     35     45     12     40      38
   22         21     22     18     16     30      4     16      18
   23         18      9     10     12     14      4      6      10
 
TOTALS
 
12HR 7-19   1115   1754   1165   1410   1339    247    629    1094
16HR 6-22   1413   2130   1356   1689   1584    303    779    1322
18HR 6-24   1452   2161   1384   1717   1628    311    801    1351
24HR 0-24   1480   2198   1406   1747   1655    349    822    1380
 
 
 
 
*LOCATION   : ............................................................
*SITE NUMBER: 10303125
*FILE NUMBER:        2
*INTERVAL   :   15 MIN
*BATTERY    :    6.0 V
*RESTARTS   :        0
*CONFIG     :        0
*CHANNEL    :  1 OF  1
 
             MON    TUE    WED    THU    FRI    SAT    SUN    7-DAY
DATE    08/08/18     19     20     21     22     23     24   AVERAGE
 
START HOUR
 
    0          6      8     13      6      6     11      8       8
    1          1      3      2      5      3     16      6       5
    2          3      2      1      2      1      5      6       3
    3          0      1      0      0      2      2      4       1
    4          2      1      2      2      3      4      2       2
    5         16     17     20     13     15      3      2      12
    6         86    109     87     85     85     15      9      68
    7        236    189    217    186    175     19     10     147
    8        205    191    191    185    179     27     16     142
    9         92     71    117     79     83     30      7      68
   10         49     29     38     42     37     76     17      41
   11         39     31     30     47     52     85     13      42
   12         59     29     34     42     65     84     20      48
   13         67     36     41     51     58     86     44      55
   14         83     70     74     68     87     73     48      72
   15        161    140    154    143    172     62     39     124
   16        267    219    210    180    138     69     29     159
   17        179    156    142    169    113     64     34     122
   18        103    116    120    120     74     69     12      88
   19         83     79    103     77     60     39     12      65
   20         60     85     74     64     42     35     14      53
   21         32     42     33     47     33     23     15      32
   22         16     20     26     23     27     17      8      20
   23          4      5      4     15     21     11      2       9
 
TOTALS
 
12HR 7-19   1540   1277   1368   1312   1233    744    289    1109
16HR 6-22   1801   1592   1665   1585   1453    856    339    1327
18HR 6-24   1821   1617   1695   1623   1501    884    349    1356
24HR 0-24   1849   1649   1733   1651   1531    925    377    1388
 
 
 
 
*LOCATION   : ............................................................
*SITE NUMBER: 10303125
*FILE NUMBER:        2
*INTERVAL   :   15 MIN
*BATTERY    :    6.0 V
*RESTARTS   :        0
*CONFIG     :        0
*CHANNEL    :  1 OF  1
 
             MON    TUE    WED    THU    FRI    SAT    SUN    7-DAY
DATE    08/08/25     26     27     28     29     30     31   AVERAGE
 
START HOUR
 
    0          0      5      2      3      6     13      5       5
    1          2      4      4      1      2      5      2       3
    2          3      5      4      4      3      3      9       4
    3          2      2      0      1      0      2      3       1
    4          0      0      4      1      1      2      5       2
    5         19     17     16      9     14      2      1      11
    6         84    103    100     61     64      6      4      60
    7        191    206    195     70    131     11      9     116
    8        181    260    209     70    143     20     17     129
    9         81     92     87     33     64     35     20      59
   10         42     55     46     10     44     33     41      39
   11         37     52     45     22     44     53     43      42
   12         44     52     42     22     54     46     57      45
   13         45     65     36     18     51     49     76      49
   14         57     59     59     33     84     53     78      60
   15        152    168    165     73    119     59     48     112
   16        235    245    188     94    127     41     55     141
   17        142    168    121     76     89     35     46      97
   18        127    142     92     58     65     42     37      80
   19         88     83     61     39     44     36     40      56
   20         71     82     53     34     37     39     46      52
   21         57     42     30     23     31     25     18      32
   22         21     24     16     20     23     12      5      17
   23          2      8      4      8      3      5      1       4
 
TOTALS
 
12HR 7-19   1334   1564   1285    579   1015    477    527     969
16HR 6-22   1634   1874   1529    736   1191    583    635    1169
18HR 6-24   1657   1906   1549    764   1217    600    641    1191
24HR 0-24   1683   1939   1579    783   1243    627    666    1217
 
 
 
 
*LOCATION   : ............................................................
*SITE NUMBER: 10303125
*FILE NUMBER:        2
*INTERVAL   :   15 MIN
*BATTERY    :    6.0 V
*RESTARTS   :        0
*CONFIG     :        0
*CHANNEL    :  1 OF  1
 
             MON    TUE    WED    THU    FRI    SAT    SUN    7-DAY
DATE    08/09/01     02     03     04     05     06     07   AVERAGE
 
START HOUR
 
    0          2      -      -      -      -      -      -       -
    1          1      -      -      -      -      -      -       -
    2          3      -      -      -      -      -      -       -
    3          1      -      -      -      -      -      -       -
    4          0      -      -      -      -      -      -       -
    5         18      -      -      -      -      -      -       -
    6         70      -      -      -      -      -      -       -
    7        169      -      -      -      -      -      -       -
    8        205      -      -      -      -      -      -       -
    9         84      -      -      -      -      -      -       -
   10          -      -      -      -      -      -      -       -
   11          -      -      -      -      -      -      -       -
   12          -      -      -      -      -      -      -       -
   13          -      -      -      -      -      -      -       -
   14          -      -      -      -      -      -      -       -
   15          -      -      -      -      -      -      -       -
   16          -      -      -      -      -      -      -       -
   17          -      -      -      -      -      -      -       -
   18          -      -      -      -      -      -      -       -
   19          -      -      -      -      -      -      -       -
   20          -      -      -      -      -      -      -       -
   21          -      -      -      -      -      -      -       -
   22          -      -      -      -      -      -      -       -
   23          -      -      -      -      -      -      -       -
 
TOTALS
 
12HR 7-19      -      -      -      -      -      -      -       -
16HR 6-22      -      -      -      -      -      -      -       -
18HR 6-24      -      -      -      -      -      -      -       -
24HR 0-24      -      -      -      -      -      -      -       -
 
