*LOCATION	:	..	........	.......	.......	.......	.......	.......	...............
*SITE NUMB	ER:	11	603101						
*FILE NUMB	ER:		5						
*INTERVAL	:		15 MIN						
*BATTERY	:		6.4 V						
*RESTARTS	:		0						
*CONFIG	:		0						
*CHANNEL	:	1	OF  1						

		TUE	WED	THU	FRI	SAT	SUN	MON	7-DAY
DATE    08	/07	/29	30	31	1	2	3	4	AVERAGE

START HOUR									

0		-	7	3	1	4	4	3	-
1		-	4	2	4	0	4	2	-
2		-	4	2	2	4	4	2	-
3		-	1	1	2	3	1	1	-
4		-	0	1	2	2	1	2	-
5		-	10	14	8	4	1	9	-
6		-	37	36	28	5	3	33	-
7		-	71	80	57	10	6	70	-
8		-	63	71	53	22	1	62	-
9		-	43	36	52	48	11	26	-
10		-	62	51	53	73	19	38	-
11		-	46	64	85	65	41	53	-
12		-	89	78	81	78	58	75	-
13		-	77	66	82	90	46	45	-
14		64	66	77	90	92	37	75	72
15		115	107	110	77	77	45	94	89
16		146	139	32	76	93	44	108	91
17		106	114	79	47	82	48	82	80
18		78	83	79	62	34	28	75	63
19		89	69	73	37	13	20	72	53
20		53	52	65	47	16	22	52	44
21		32	32	29	20	21	14	27	25
22		18	19	12	15	8	5	15	13
23		3	7	16	6	10	3	4	7

TOTALS									

12HR 7-19		-	960	823	815	764	384	803	-
16HR 6-22		-	1150	1026	947	819	443	987	-
18HR 6-24		-	1176	1054	968	837	451	1006	-
24HR 0-24		-	1202	1077	987	854	466	1025	-
									



*LOCATION	:	..	........	.......	.......	.......	.......	.......	...............
*SITE NUMB	ER:	11	603101						
*FILE NUMB	ER:		5						
*INTERVAL	:		15 MIN						
*BATTERY	:		6.4 V						
*RESTARTS	:		0						
*CONFIG	:		0						
*CHANNEL	:	1	OF  1						

		TUE	WED	THU	FRI	SAT	SUN	MON	7-DAY
DATE    08	/08	/05	6	7	8	9	10	11	AVERAGE

START HOUR									

0		5	2	5	6	6	1	3	4
1		2	0	5	2	4	6	1	3
2		2	4	0	1	4	5	2	3
3		1	0	0	0	1	1	0	0
4		0	1	4	0	2	1	2	1
5		10	10	11	7	3	4	7	7
6		37	49	46	29	5	7	39	30
7		68	88	82	41	10	6	81	54
8		50	86	77	35	23	8	72	50
9		29	52	48	23	41	15	16	32
10		33	63	74	10	50	18	15	38
11		39	52	60	24	65	36	28	43
12		37	54	70	45	78	57	22	52
13		48	72	76	49	73	83	42	63
14		76	96	65	67	64	68	82	74
15		77	105	81	68	76	78	95	83
16		104	135	126	89	59	53	123	98
17		73	102	93	69	83	75	102	85
18		87	90	67	57	40	65	100	72
19		64	62	54	35	18	59	83	54
20		51	55	54	21	26	56	50	45
21		27	29	28	20	13	17	38	25
22		22	13	9	14	14	8	14	13
23		6	11	4	1	9	6	2	6

TOTALS									

12HR 7-19		721	995	919	577	662	562	778	745
16HR 6-22		900	1190	1101	682	724	701	988	898
18HR 6-24		928	1214	1114	697	747	715	1004	917
24HR 0-24		948	1231	1139	713	767	733	1019	936
									



*LOCATION	:	..	........	.......	.......	.......	.......	.......	...............
*SITE NUMB	ER:	11	603101						
*FILE NUMB	ER:		5						
*INTERVAL	:		15 MIN						
*BATTERY	:		6.4 V						
*RESTARTS	:		0						
*CONFIG	:		0						
*CHANNEL	:	1	OF  1						

		TUE	WED	THU	FRI	SAT	SUN	MON	7-DAY
DATE    08	/08	/12	13	14	15	16	17	18	AVERAGE

START HOUR									

0		3	1	1	1	6	1	2	2
1		3	3	2	2	8	3	0	3
2		2	2	2	2	4	4	3	3
3		0	0	0	0	3	2	0	1
4		1	0	0	1	1	0	3	1
5		11	8	10	7	3	3	14	8
6		48	48	42	53	8	3	43	35
7		104	84	110	90	13	13	106	74
8		104	78	89	60	24	3	97	65
9		70	45	53	57	31	18	56	47
10		48	45	45	44	40	31	46	43
11		61	34	45	66	53	38	70	52
12		70	56	59	56	36	75	64	59
13		87	63	69	95	29	62	65	67
14		92	49	80	92	32	64	87	71
15		105	94	116	121	41	66	117	94
16		142	100	146	121	39	71	142	109
17		111	61	94	84	40	50	92	76
18		116	32	83	48	24	43	70	59
19		97	33	97	59	10	66	49	59
20		55	35	55	55	14	38	39	42
21		27	17	19	26	12	20	24	21
22		12	12	13	9	4	7	17	11
23		2	0	6	5	1	3	1	3

TOTALS									

12HR 7-19		1110	741	989	934	402	534	1012	817
16HR 6-22		1337	874	1202	1127	446	661	1167	973
18HR 6-24		1351	886	1221	1141	451	671	1185	987
24HR 0-24	37	1371	900	1236	1154	476	684	1207	1004
									



*LOCATION	:	..	........	.......	.......	.......	.......	.......	...............
*SITE NUMB	ER:	11	603101						
*FILE NUMB	ER:		5						
*INTERVAL	:		15 MIN						
*BATTERY	:		6.4 V						
*RESTARTS	:		0						
*CONFIG	:		0						
*CHANNEL	:	1	OF  1						

		TUE	WED	THU	FRI	SAT	SUN	MON	7-DAY
DATE    08	/08	/19	20	21	22	23	24	25	AVERAGE

START HOUR									

0		1	0	2	1	4	13	0	3
1		2	1	0	1	7	2	1	2
2		2	2	3	2	4	0	3	2
3		0	0	0	0	0	0	0	0
4		1	3	1	1	1	0	2	1
5		12	15	14	22	2	3	11	11
6		42	49	47	42	10	4	41	34
7		109	100	95	92	8	8	94	72
8		85	93	84	84	19	7	68	63
9		45	50	55	51	50	12	60	46
10		37	47	59	52	65	10	46	45
11		35	43	52	66	82	8	57	49
12		43	54	45	53	105	30	61	56
13		36	57	65	85	121	46	50	66
14		84	62	82	112	75	44	67	75
15		88	108	94	123	68	53	91	89
16		103	132	133	132	77	37	119	105
17		97	84	95	96	78	50	103	86
18		95	83	101	72	40	33	81	72
19		93	62	95	55	22	12	67	58
20		65	53	47	39	13	14	44	39
21		27	30	23	19	16	6	26	21
22		15	12	10	11	11	3	11	10
23		3	2	3	7	3	2	5	4

TOTALS									

12HR 7-19		857	913	960	1018	788	338	897	824
16HR 6-22	1	84	1107	1172	1173	849	374	1075	976
18HR 6-24	1	102	1121	1185	1191	863	379	1091	990
24HR 0-24	1	1120	1142	1205	1218	881	397	1108	1010
									



*LOCATION	:	..	........	.......	.......	.......	.......	.......	...............
*SITE NUMB	ER:	11	603101						
*FILE NUMB	ER:		5						
*INTERVAL	:		15 MIN						
*BATTERY	:		6.4 V						
*RESTARTS	:		0						
*CONFIG	:		0						
*CHANNEL	:	1	OF  1						

		TUE	WED	THU	FRI	SAT	SUN	MON	7-DAY
DATE    08	/08	/26	27	28	29	30	31	1	AVERAGE

START HOUR									

0		2	1	4	3	6	1	0	2
1		1	2	3	0	2	2	2	2
2		3	2	2	3	4	2	3	3
3		1	1	0	0	1	1	0	1
4		0	1	2	2	0	1	2	1
5		19	19	16	12	2	3	13	12
6		45	53	27	41	7	5	33	30
7		109	102	55	80	10	4	87	64
8		89	102	42	74	31	8	79	61
9		57	56	22	52	35	14	62	43
10		42	38	31	52	64	28	42	42
11		49	48	26	54	93	31	50	50
12		61	51	27	50	92	82	61	61
13		51	54	27	55	76	69	69	57
14		77	82	37	89	66	69	75	71
15		109	96	71	106	45	69	107	86
16		123	109	65	95	65	58	122	91
17		104	73	62	76	93	61	105	82
18		70	61	52	64	29	47	75	57
19		77	43	38	57	17	48	63	49
20		53	52	35	57	21	47	35	43
21		33	17	23	12	14	6	12	17
22		15	13	6	9	7	1	11	9
23		7	2	0	7	9	3	3	4

TOTALS									

12HR 7-19		941	872	517	847	699	540	934	764
16HR 6-22	1	149	1037	640	1014	758	646	1077	903
18HR 6-24	1	171	1052	646	1030	774	650	1091	916
24HR 0-24	1	1197	1078	673	1050	789	660	1111	937
									



*LOCATION	:	..	........	.......	.......	.......	.......	.......	...............
*SITE NUMB	ER:	11	603101						
*FILE NUMB	ER:		5						
*INTERVAL	:		15 MIN						
*BATTERY	:		6.4 V						
*RESTARTS	:		0						
*CONFIG	:		0						
*CHANNEL	:	1	OF  1						

		TUE	WED	THU	FRI	SAT	SUN	MON	7-DAY
DATE    08	/09	/02	3	4	5	6	7	8	AVERAGE

START HOUR									

0		1	1	-	-	-	-	-	-
1		3	0	-	-	-	-	-	-
2		0	1	-	-	-	-	-	-
3		1	1	-	-	-	-	-	-
4		0	0	-	-	-	-	-	-
5		14	14	-	-	-	-	-	-
6		39	37	-	-	-	-	-	-
7		92	98	-	-	-	-	-	-
8		68	62	-	-	-	-	-	-
9		33	41	-	-	-	-	-	-
10		27	-	-	-	-	-	-	-
11		33	-	-	-	-	-	-	-
12		20	-	-	-	-	-	-	-
13		33	-	-	-	-	-	-	-
14		48	-	-	-	-	-	-	-
15		75	-	-	-	-	-	-	-
16		82	-	-	-	-	-	-	-
17		54	-	-	-	-	-	-	-
18		25	-	-	-	-	-	-	-
19		28	-	-	-	-	-	-	-
20		19	-	-	-	-	-	-	-
21		9	-	-	-	-	-	-	-
22		7	-	-	-	-	-	-	-
23		1	-	-	-	-	-	-	-

TOTALS									
			255						
12HR 7-19		590	-	-	-	-	-	-	-
16HR 6-22		685							
		712							
