 
 
 
*LOCATION   : ............................................................
*SITE NUMBER: 11803116
*FILE NUMBER:        3
*INTERVAL   :   15 MIN
*BATTERY    :    6.3 V
*RESTARTS   :        0
*CONFIG     :        0
*CHANNEL    :  1 OF  1
 
             WED    THU    FRI    SAT    SUN    MON    TUE    7-DAY
DATE    08/07/30     31     01     02     03     04     05   AVERAGE
 
START HOUR
 
    0          -      3      1      1      4      3      1       -
    1          -      2      6      4      0      3      3       -
    2          -      0      2      1      1      0      0       -
    3          -      0      0      0      0      0      0       -
    4          -      0      1      1      0      3      1       -
    5          -     16      7      1      0      8     12       -
    6          -     58     43      8      1     39     38       -
    7          -     92     53     17      6     54     70       -
    8          -     56     48     25     10     41     43       -
    9          -     40     34     47     12     15     24       -
   10          -     52     47     46     21     17     21       -
   11         73     73     32     58     37     22     22      45
   12         85     67     60     46     26     42     39      52
   13         79     82     95     54     28     30     42      59
   14         73    113    100     88     41     62     53      76
   15        119    125    104     44     33     70     77      82
   16        147    139     71     80     27     95     92      93
   17        104    113     46     86     48     76     72      78
   18        106    114     36     63     21     55     65      66
   19         92    120     31     23     17     50     89      60
   20         70     70     24     20     13     32     43      39
   21         56     41     20      7     20     27     39      30
   22         43     31     15     21      2      8     14      19
   23          8      4     14      8      2      3      9       7
 
TOTALS
 
12HR 7-19      -   1066    726    654    310    579    620       -
16HR 6-22      -   1355    844    712    361    727    829       -
18HR 6-24      -   1390    873    741    365    738    852       -
24HR 0-24      -   1411    890    749    370    755    869       -
 
 
 
 
*LOCATION   : ............................................................
*SITE NUMBER: 11803116
*FILE NUMBER:        3
*INTERVAL   :   15 MIN
*BATTERY    :    6.3 V
*RESTARTS   :        0
*CONFIG     :        0
*CHANNEL    :  1 OF  1
 
             WED    THU    FRI    SAT    SUN    MON    TUE    7-DAY
DATE    08/08/06     07     08     09     10     11     12   AVERAGE
 
START HOUR
 
    0          4      0      1      2      4      4      2       2
    1          1      1      3      6      3      2      1       2
    2          1      0      0      3      3      2      0       1
    3          4      0      0      4      5      2      2       2
    4          5      1      1      1      1      2      3       2
    5         13     12      5      1      2      7     12       7
    6         67     55     22      6     14     60     75      43
    7         97     70     37      8     13     77    121      60
    8         47     68     23     19     26     41     71      42
    9         61     43     17     41     44     25     56      41
   10         50     45      4     51     55     14     36      36
   11         57     51     14     59     41     19     43      41
   12         65     43     27     61     57     18     52      46
   13         66     50     54     65     69     24     51      54
   14         71     40     31     69     75     59     82      61
   15        121     83     64     58    102     79    133      91
   16        143     95     42     63     81    104    157      98
   17        105     69     44     64     77    102    146      87
   18         95     60     32     68     96    116    107      82
   19         82     63     42     59     84     90    103      75
   20         71     41     19     37     64     71     70      53
   21         28     34     18     34     34     36     35      31
   22          8     10     12      8     18     14      6      11
   23          8     10      5      3     11      5      4       7
 
TOTALS
 
12HR 7-19    978    717    389    626    736    678   1055     740
16HR 6-22   1226    910    490    762    932    935   1338     942
18HR 6-24   1242    930    507    773    961    954   1348     959
24HR 0-24   1270    944    517    790    979    973   1368     977
 
 
 
 
*LOCATION   : ............................................................
*SITE NUMBER: 11803116
*FILE NUMBER:        3
*INTERVAL   :   15 MIN
*BATTERY    :    6.3 V
*RESTARTS   :        0
*CONFIG     :        0
*CHANNEL    :  1 OF  1
 
             WED    THU    FRI    SAT    SUN    MON    TUE    7-DAY
DATE    08/08/13     14     15     16     17     18     19   AVERAGE
 
START HOUR
 
    0          2      1      0      4      4      3      2       2
    1          1      2      1      4      2      2      2       2
    2          1      0      1      8      0      1      1       2
    3          0      0      1      2      1      1      0       1
    4          0      1      2      3      0      3      4       2
    5          8     10     10      1      0     13     12       8
    6         46     65     58      5      5     62     54      42
    7        101    105     88      7     12    102    100      74
    8         44     56     58     13     12     66     58      44
    9         30     53     38     27     24     37     32      34
   10         31     34     40     24     49     29     24      33
   11         32     32     54     21     70     44     18      39
   12         36     47     37     25     84     54     26      44
   13         38     46     61     10     63     57     38      45
   14         43     71     87     27     84     68     67      64
   15         75     89     85     25     66     93     86      74
   16         79    123    125     21     64    125    107      92
   17         59    104    100     22     65     91     91      76
   18         39     91     91     24     59     54     95      65
   19         34     67     87     18     73     38     98      59
   20         19     41     51     15     35     37     77      39
   21         24     26     34     10     35     18     21      24
   22          3      7     18      4     10      3     14       8
   23          5      3      7      4      6      5      8       5
 
TOTALS
 
12HR 7-19    607    851    864    246    652    820    742     683
16HR 6-22    730   1050   1094    294    800    975    992     848
18HR 6-24    738   1060   1119    302    816    983   1014     862
24HR 0-24    750   1074   1134    324    823   1006   1035     878
 
 
 
 
*LOCATION   : ............................................................
*SITE NUMBER: 11803116
*FILE NUMBER:        3
*INTERVAL   :   15 MIN
*BATTERY    :    6.3 V
*RESTARTS   :        0
*CONFIG     :        0
*CHANNEL    :  1 OF  1
 
             WED    THU    FRI    SAT    SUN    MON    TUE    7-DAY
DATE    08/08/20     21     22     23     24     25     26   AVERAGE
 
START HOUR
 
    0          1      3      8      7      3      1      0       3
    1          1      0      1      0      2      0      1       1
    2          0      0      3      2      0      0      1       1
    3          2      0      3      1      0      0      2       1
    4          3      2      1      2      0      1      2       2
    5         12     10      4      3      3      7     10       7
    6         53     63     57     11      7     46     65      43
    7        102     81     91     12      3     78    110      68
    8         59     62     60     30     12     68     65      51
    9         49     34     31     47     25     44     57      41
   10         35     35     31     65      6     34     33      34
   11         29     35     42     84      9     28     32      37
   12         44     44     55     79     13     43     53      47
   13         42     46     68     89     25     57     44      53
   14         62     65     85     79     47     51     82      67
   15         90     91     98     53     25    108    111      82
   16        118    127    109     64     24    116    123      97
   17         90     98     70     58     25     86    110      77
   18         93     94     82     55     34     68     82      73
   19         82     75     60     65     13     48     62      58
   20         46     42     26     39      9     51     51      38
   21         27     26     17     24      9     33     21      22
   22          7      7     10     20      5     15     15      11
   23          7      6      7      7      0      8      3       5
 
TOTALS
 
12HR 7-19    813    812    822    715    248    781    902     728
16HR 6-22   1021   1018    982    854    286    959   1101     889
18HR 6-24   1035   1031    999    881    291    982   1119     905
24HR 0-24   1054   1046   1019    896    299    991   1135     920
 
 
 
 
*LOCATION   : ............................................................
*SITE NUMBER: 11803116
*FILE NUMBER:        3
*INTERVAL   :   15 MIN
*BATTERY    :    6.3 V
*RESTARTS   :        0
*CONFIG     :        0
*CHANNEL    :  1 OF  1
 
             WED    THU    FRI    SAT    SUN    MON    TUE    7-DAY
DATE    08/08/27     28     29     30     31     01     02   AVERAGE
 
START HOUR
 
    0          0      0      2      2      3      0      0       1
    1          0      1      0      2      8      0      0       2
    2          0      2      1      2      5      0      1       2
    3          1      2      0      0      2      3      0       1
    4          2      1      2      0      2      2      2       2
    5          8      9      2      2      4      6      7       5
    6         54     36     29      2      6     50     45      32
    7        108     45     76     11     12     83     76      59
    8         62     25     47     17     13     60     58      40
    9         50     23     42     27     20     43     27      33
   10         36     15     31     63     39     38     19      34
   11         47     10     23     43     44     38     17      32
   12         47     14     31     45     65     52     25      40
   13         51     19     45     48     63     50     17      42
   14         61     27     58     60     69     48     27      50
   15         74     37     66     66     65     93     52      65
   16        104     51     70     49     71     86     47      68
   17         48     47     69     43     35     73     53      53
   18         71     15     57     35     50     60     15      43
   19         37     23     29     27     42     40     25      32
   20         47     27     30     27     27     44     11      30
   21         15     14     14     28     13     12     12      15
   22         12      8      5      8      1      5      4       6
   23          2      3      2      6      0      4      6       3
 
TOTALS
 
12HR 7-19    759    328    615    507    546    724    433     559
16HR 6-22    912    428    717    591    634    870    526     668
18HR 6-24    926    439    724    605    635    879    536     678
24HR 0-24    937    454    731    613    659    890    546     690
 
 
 
 
*LOCATION   : ............................................................
*SITE NUMBER: 11803116
*FILE NUMBER:        3
*INTERVAL   :   15 MIN
*BATTERY    :    6.3 V
*RESTARTS   :        0
*CONFIG     :        0
*CHANNEL    :  1 OF  1
 
             WED    THU    FRI    SAT    SUN    MON    TUE    7-DAY
DATE    08/09/03     04     05     06     07     08     09   AVERAGE
 
START HOUR
 
    0          1      -      -      -      -      -      -       -
    1          0      -      -      -      -      -      -       -
    2          1      -      -      -      -      -      -       -
    3          0      -      -      -      -      -      -       -
    4          2      -      -      -      -      -      -       -
    5          5      -      -      -      -      -      -       -
    6         44      -      -      -      -      -      -       -
    7         67      -      -      -      -      -      -       -
    8         56      -      -      -      -      -      -       -
    9         27      -      -      -      -      -      -       -
   10          -      -      -      -      -      -      -       -
   11          -      -      -      -      -      -      -       -
   12          -      -      -      -      -      -      -       -
   13          -      -      -      -      -      -      -       -
   14          -      -      -      -      -      -      -       -
   15          -      -      -      -      -      -      -       -
   16          -      -      -      -      -      -      -       -
   17          -      -      -      -      -      -      -       -
   18          -      -      -      -      -      -      -       -
   19          -      -      -      -      -      -      -       -
   20          -      -      -      -      -      -      -       -
   21          -      -      -      -      -      -      -       -
   22          -      -      -      -      -      -      -       -
   23          -      -      -      -      -      -      -       -
 
TOTALS
 
12HR 7-19      -      -      -      -      -      -      -       -
16HR 6-22      -      -      -      -      -      -      -       -
18HR 6-24      -      -      -      -      -      -      -       -
24HR 0-24      -      -      -      -      -      -      -       -
 
