 
 
 
*LOCATION   : ............................................................
*SITE NUMBER: 12103115
*FILE NUMBER:        3
*INTERVAL   :   15 MIN
*BATTERY    :    6.5 V
*RESTARTS   :        0
*CONFIG     :       12
*CHANNEL    :  1 OF  2
 
             WED    THU    FRI    SAT    SUN    MON    TUE    7-DAY
DATE    08/07/30     31     01     02     03     04     05   AVERAGE
 
START HOUR
 
    0          -      4      7      4      9      0      4       -
    1          -      8      5      1      2      0      2       -
    2          -      8      3      5      0      0      3       -
    3          -      2      4      1      0      2      3       -
    4          -      4      4      0      0      2      7       -
    5          -     24     16      4      5     16     18       -
    6          -     70     58      3      4     47     38       -
    7          -    102     75     11      7     51     55       -
    8          -     77     72     19      6     40     37       -
    9          -     62     47     34      5      7     12       -
   10         55     67     53     65     15     20     13      41
   11        117     91     65     78     51     29     28      66
   12        109    110     84     88     46     42     34      73
   13        114    117     79    102     51     21     35      74
   14        122    106     91    137     49     37     56      85
   15        157    157    130    115     31     67     70     104
   16        171    176     67    109     35     92     84     105
   17        178    201     47     92     49     90     73     104
   18        173    142     36     61     41     66     69      84
   19        158    157     43     30     31     50     61      76
   20         89    116     40     18     26     45     40      53
   21         71     54     21     19     11     36     30      35
   22         31     35     14     17      4      8     10      17
   23         16     15      4      5     10      2      2       8
 
TOTALS
 
12HR 7-19      -   1408    846    911    386    562    566       -
16HR 6-22      -   1805   1008    981    458    740    735       -
18HR 6-24      -   1855   1026   1003    472    750    747       -
24HR 0-24      -   1905   1065   1018    488    770    784       -
 
 
 
 
*LOCATION   : ............................................................
*SITE NUMBER: 12103115
*FILE NUMBER:        3
*INTERVAL   :   15 MIN
*BATTERY    :    6.5 V
*RESTARTS   :        0
*CONFIG     :       12
*CHANNEL    :  1 OF  2
 
             WED    THU    FRI    SAT    SUN    MON    TUE    7-DAY
DATE    08/08/06     07     08     09     10     11     12   AVERAGE
 
START HOUR
 
    0          5     11      7      8      4      2      3       6
    1          2      1      4      6      2      3      2       3
    2          0      2      4      3      6      4      4       3
    3          0      2      1      4      2      1      4       2
    4          2      3      3      0      1      2      4       2
    5         35     19     15      9      2     18     23      17
    6         95     80     32      5     10     71     93      55
    7        106     77     36      6     10     71    110      59
    8         76     64     20      9     29     45     91      48
    9         41     38      5     36     44     20     37      32
   10         66     48      9     55     27     21     40      38
   11         70    104     19     86     69     31     60      63
   12         87     91     15     68     79     19     76      62
   13        100     71     25     96    134     26     77      76
   14        118     82     45     84    124     49    102      86
   15        147    113     50     51    142     88    140     104
   16        172    113     45     79     86    114    197     115
   17        150    108     49     60    112    116    182     111
   18        138     83     46     63     97    109    160      99
   19         96     58     45     49     96    117     98      80
   20         65     46     41     48     61     98    109      67
   21         33     34     17     48     50     57     53      42
   22         29     25      9      9     15     30     17      19
   23          9     12      4     16      8      5      2       8
 
TOTALS
 
12HR 7-19   1271    992    364    693    953    709   1272     893
16HR 6-22   1560   1210    499    843   1170   1052   1625    1137
18HR 6-24   1598   1247    512    868   1193   1087   1644    1164
24HR 0-24   1642   1285    546    898   1210   1117   1684    1197
 
 
 
 
*LOCATION   : ............................................................
*SITE NUMBER: 12103115
*FILE NUMBER:        3
*INTERVAL   :   15 MIN
*BATTERY    :    6.5 V
*RESTARTS   :        0
*CONFIG     :       12
*CHANNEL    :  1 OF  2
 
             WED    THU    FRI    SAT    SUN    MON    TUE    7-DAY
DATE    08/08/13     14     15     16     17     18     19   AVERAGE
 
START HOUR
 
    0          2      0      0      7      2      1      2       2
    1          3      4      6      4      4      2      3       4
    2          1      2      1      4      4      2      0       2
    3          0      0      4      3      1      0      0       1
    4          1      2      0      2      1      0      0       1
    5         16     27     20     12      2     24     24      18
    6         66     88     65      3      1     71     69      52
    7         89     84     75      1      7    140    120      74
    8         68     62     73      9     17     72     69      53
    9         38     32     33     20     27     49     25      32
   10         23     18     43     12     43     41     21      29
   11         45     33     65     16     75     38     44      45
   12         51     57     63     21    100     41     22      51
   13         34     73     73     11    110     67     38      58
   14         30     68     78     18     79     77     87      62
   15         84    105    108     25     62    136     78      85
   16         66    128    143     19     93    138    102      98
   17         60    106     99     34     88    113     73      82
   18         38    112     67     13     53     70     83      62
   19         32     62     79     22     63     72     73      58
   20         44     83     63      8     52     40     72      52
   21         26     26     27      5     19     25     31      23
   22         10     19     15      5     10      6     13      11
   23          6      4      4      0      6      3     12       5
 
TOTALS
 
12HR 7-19    626    878    920    199    754    982    762     732
16HR 6-22    794   1137   1154    237    889   1190   1007     915
18HR 6-24    810   1160   1173    242    905   1199   1032     932
24HR 0-24    833   1195   1204    274    919   1228   1061     959
 
 
 
 
*LOCATION   : ............................................................
*SITE NUMBER: 12103115
*FILE NUMBER:        3
*INTERVAL   :   15 MIN
*BATTERY    :    6.5 V
*RESTARTS   :        0
*CONFIG     :       12
*CHANNEL    :  1 OF  2
 
             WED    THU    FRI    SAT    SUN    MON    TUE    7-DAY
DATE    08/08/20     21     22     23     24     25     26   AVERAGE
 
START HOUR
 
    0          3      2      2      3      8      0      1       3
    1          2      2      2     14      5      1      5       4
    2          3      0      1      3      4      0      4       2
    3          0      1      0      3      7      1      0       2
    4          1      0      0      2      0      0      1       1
    5         17     19     22     10      3     26     22      17
    6         74     71     65     11      5     71     91      55
    7        106     93     83     13      7    103    102      72
    8         79     57     68     14      4     62     83      52
    9         39     39     36     37     18     44     46      37
   10         27     45     43     67     15     29     41      38
   11         24     36     49     83     14     73     44      46
   12         33     47     75    103     52     37     51      57
   13         51     52     67     76     59     47     53      58
   14         73     71     93     68     58     64     77      72
   15         93     86    112     85     53    102    127      94
   16        111    117     99     66     34    144    169     106
   17         66    110     84     80     26    125     99      84
   18         84     77     59     64     23     94    105      72
   19         78     83     49     42     18     77     75      60
   20         43     57     35     31     20     60     53      43
   21         28     32     29     13      6     30     30      24
   22          9     21      9     18      1      7     10      11
   23          6      5      9      3      2     11      9       6
 
TOTALS
 
12HR 7-19    786    830    868    756    363    924    997     789
16HR 6-22   1009   1073   1046    853    412   1162   1246     972
18HR 6-24   1024   1099   1064    874    415   1180   1265     989
24HR 0-24   1050   1123   1091    909    442   1208   1298    1017
 
 
 
 
*LOCATION   : ............................................................
*SITE NUMBER: 12103115
*FILE NUMBER:        3
*INTERVAL   :   15 MIN
*BATTERY    :    6.5 V
*RESTARTS   :        0
*CONFIG     :       12
*CHANNEL    :  1 OF  2
 
             WED    THU    FRI    SAT    SUN    MON    TUE    7-DAY
DATE    08/08/27     28     29     30     31     01     02   AVERAGE
 
START HOUR
 
    0          6      3      7      4     12      0      -       -
    1          1      1      2      4      4      3      -       -
    2          5      1      1      8      4      1      -       -
    3          0      0      0      5      7      3      -       -
    4          1      1      3      1      2      1      -       -
    5         23     14     17      8      8     12      -       -
    6         64     43     47      6      6     69      -       -
    7        114     30     82      6      6     97      -       -
    8         70     24     64     13     11     51      -       -
    9         43     13     35     36     20     41      -       -
   10         60     15     32     36     43      -      -       -
   11         49     15     46     72    127      -      -       -
   12         47     20     44     44     75      -      -       -
   13         51     14     52     74     78      -      -       -
   14         61     27     61     63     97      -      -       -
   15         71     39     89     45     95      -      -       -
   16        106     61     84     75     78      -      -       -
   17         77     47     72     53     35      -      -       -
   18         57     37     32     57     40      -      -       -
   19         58     20     44     48     48      -      -       -
   20         30     34     23     29     36      -      -       -
   21         14     14     16     12     13      -      -       -
   22         12      9     17      4      1      -      -       -
   23          8      3      3      1      1      -      -       -
 
TOTALS
 
12HR 7-19    806    342    693    574    705      -      -       -
16HR 6-22    972    453    823    669    808      -      -       -
18HR 6-24    992    465    843    674    810      -      -       -
24HR 0-24   1028    485    873    704    847      -      -       -
 
 
 
 
*LOCATION   : ............................................................
*SITE NUMBER: 12103115
*FILE NUMBER:        3
*INTERVAL   :   15 MIN
*BATTERY    :    6.5 V
*RESTARTS   :        0
*CONFIG     :       12
*CHANNEL    :  2 OF  2
 
             WED    THU    FRI    SAT    SUN    MON    TUE    7-DAY
DATE    08/07/30     31     01     02     03     04     05   AVERAGE
 
START HOUR
 
    0          -     16      5      4      7      1      5       -
    1          -      3      9      4      2      0      4       -
    2          -      3      1      6      0      0      2       -
    3          -      0      3      5      3      1      0       -
    4          -      0      5      0      3      0      0       -
    5          -     26     24      9      3     27     22       -
    6          -     77     48     15      4     46     43       -
    7          -     87     60     21     18     56     63       -
    8          -     90     45     16     11     50     41       -
    9          -     94     47     42      5     14     11       -
   10         85     98     53     77     20     22     20      54
   11        117    120     77     57     45     19     21      65
   12        136    121     73     92     22     39     42      75
   13        120    129     84    119     28     42     15      77
   14        123    133    123    123     34     66     65      95
   15        142    190    103    124     45    114     89     115
   16        173    191     85     99     30    100    122     114
   17        155    227     44    118     50    105     88     112
   18        141    165     45     53     42    106     70      89
   19        176    118     46     28     41    121     96      89
   20        133    106     34     24     29     80     76      69
   21        104     69     51     41     19     39     31      51
   22         36     55     25      7     14     17     17      24
   23          6     29     26      8      0     10     10      13
 
TOTALS
 
12HR 7-19      -   1645    839    941    350    733    647       -
16HR 6-22      -   2015   1018   1049    443   1019    893       -
18HR 6-24      -   2099   1069   1064    457   1046    920       -
24HR 0-24      -   2147   1116   1092    475   1075    953       -
 
 
 
 
*LOCATION   : ............................................................
*SITE NUMBER: 12103115
*FILE NUMBER:        3
*INTERVAL   :   15 MIN
*BATTERY    :    6.5 V
*RESTARTS   :        0
*CONFIG     :       12
*CHANNEL    :  2 OF  2
 
             WED    THU    FRI    SAT    SUN    MON    TUE    7-DAY
DATE    08/08/06     07     08     09     10     11     12   AVERAGE
 
START HOUR
 
    0          3      9      4      5      9      6      8       6
    1          1      1      7     10      6      3      3       4
    2          4      1      0      0      0      0      6       2
    3          0      0      0      1      5      0      0       1
    4          2      0      0      0      3      1      5       2
    5         30     30     15      6     10     29     42      23
    6         88     70     34     17     17     65     79      53
    7        109     84     41     13     11     88    110      65
    8         61     83     27     14     27     45     96      50
    9         55     70     13     38     54     24     71      46
   10         69     64      7     76     36     22     48      46
   11         64     78     10     82     42     15     68      51
   12         73     62     24    116     61     21     89      64
   13         94     90     31    131     92     19    125      83
   14        119     81     51    111    145     48    110      95
   15        140    117     82     76     84    101    176     111
   16        160    131     55     69    103    145    204     124
   17        131     91     39     98     96    135    166     108
   18        121    117     43     59    122    153    187     115
   19        105    107     36     40    117     99    168      96
   20         83     81     57     43     98    109    137      87
   21         61     56     41     26     52     60     37      48
   22         20     27      9     14     25     19     19      19
   23         11     10      8     25     11      2      4      10
 
TOTALS
 
12HR 7-19   1196   1068    423    883    873    816   1450     958
16HR 6-22   1533   1382    591   1009   1157   1149   1871    1242
18HR 6-24   1564   1419    608   1048   1193   1170   1894    1271
24HR 0-24   1604   1460    634   1070   1226   1209   1958    1309
 
 
 
 
*LOCATION   : ............................................................
*SITE NUMBER: 12103115
*FILE NUMBER:        3
*INTERVAL   :   15 MIN
*BATTERY    :    6.5 V
*RESTARTS   :        0
*CONFIG     :       12
*CHANNEL    :  2 OF  2
 
             WED    THU    FRI    SAT    SUN    MON    TUE    7-DAY
DATE    08/08/13     14     15     16     17     18     19   AVERAGE
 
START HOUR
 
    0          3      3      0     19      7      0      2       5
    1          0      0      0      1      0      2      0       0
    2          0      0      0      0      6      1      3       1
    3          2      0      0      0      2      0      0       1
    4          2      3      3      1      0      3      1       2
    5         30     21     21      6      1     36     23      20
    6         67     62     65     16     15     65     58      50
    7         96    116     91     17     22    134    106      83
    8         74     94     92     17     20     84     82      66
    9         45     36     31     26     20     47     32      34
   10         44     20     35     28     32     28     19      29
   11         47     27     56     19     90     44     29      45
   12         39     45     47     14     75     66     30      45
   13         40     69     75     30    104     87     37      63
   14         50    107    103     28     88     83     74      76
   15        110    129    145     23     64    143    119     105
   16        102    115    125     36     67    148    131     103
   17         49    114     66     37     66    140    106      83
   18         41     84     79     37    100    125    127      85
   19         39     99     58     14     92     85     87      68
   20         43     82     87     10    118     52     75      67
   21         42     57     44      7     38     37     67      42
   22          7     12     35      2     12     11     12      13
   23          9      0      5      8      6      3      3       5
 
TOTALS
 
12HR 7-19    737    956    945    312    748   1129    892     817
16HR 6-22    928   1256   1199    359   1011   1368   1179    1043
18HR 6-24    944   1268   1239    369   1029   1382   1194    1061
24HR 0-24    981   1295   1263    396   1045   1424   1223    1090
 
 
 
 
*LOCATION   : ............................................................
*SITE NUMBER: 12103115
*FILE NUMBER:        3
*INTERVAL   :   15 MIN
*BATTERY    :    6.5 V
*RESTARTS   :        0
*CONFIG     :       12
*CHANNEL    :  2 OF  2
 
             WED    THU    FRI    SAT    SUN    MON    TUE    7-DAY
DATE    08/08/20     21     22     23     24     25     26   AVERAGE
 
START HOUR
 
    0          3      7      9     12      2      2      7       6
    1          7      0      0      5      2      0      3       2
    2          1      0      0      4      4      0      0       1
    3          0      0      0      3      5      0      3       2
    4          2      3      3      0      0      1      0       1
    5         24     29     28      7      6     48     36      25
    6         66     51     76     10      9     54     65      47
    7        117     97    100      8      7     98    114      77
    8        102     80     70     14     14     85     88      65
    9         62     55     42     55     25     46     45      47
   10         40     24     52     84     25     34     51      44
   11         33     61     70     98     29     47     47      55
   12         59     54     52    116     31     85     54      64
   13         54     62     87    115     36     69     48      67
   14         66     95    138     93     46     88     67      85
   15        112    126    147     80     57    124    144     113
   16        138    168    111     62     40    123    146     113
   17        105    162     48    106     41     88    117      95
   18         88    114     75     89     30    131    109      91
   19         71     97     76     65     21     97    113      77
   20         57     72     48     38     18     89     59      54
   21         56     57     28     38      9     45     43      39
   22         16     26     30     11      4      7      7      14
   23          5     14      9      5      5      5      9       7
 
TOTALS
 
12HR 7-19    976   1098    992    920    381   1018   1030     916
16HR 6-22   1226   1375   1220   1071    438   1303   1310    1135
18HR 6-24   1247   1415   1259   1087    447   1315   1326    1157
24HR 0-24   1284   1454   1299   1118    466   1366   1375    1195
 
 
 
 
*LOCATION   : ............................................................
*SITE NUMBER: 12103115
*FILE NUMBER:        3
*INTERVAL   :   15 MIN
*BATTERY    :    6.5 V
*RESTARTS   :        0
*CONFIG     :       12
*CHANNEL    :  2 OF  2
 
             WED    THU    FRI    SAT    SUN    MON    TUE    7-DAY
DATE    08/08/27     28     29     30     31     01     02   AVERAGE
 
START HOUR
 
    0          2      1      2      3      7      3      -       -
    1          1      1      0      7      0      1      -       -
    2          2      0      0      1      6      1      -       -
    3          0      0      0      3      0      0      -       -
    4          4      1      1      4      2      4      -       -
    5         30     22     36      4      1     38      -       -
    6         64     34     35     10      3     29      -       -
    7         80     44     90      9     19     89      -       -
    8         86     30     90     28      6     87      -       -
    9         71     21     44     53     34     54      -       -
   10         31     27     38     57     59      -      -       -
   11         44     12     37     71     83      -      -       -
   12         40     31     43     51     76      -      -       -
   13         65     19     38     75     87      -      -       -
   14         70     23     78     41     75      -      -       -
   15        121     45     98     93     71      -      -       -
   16        107     46     90     75     61      -      -       -
   17         69     50     77     46     46      -      -       -
   18         60     43     66     52     51      -      -       -
   19         50     42     32     42     43      -      -       -
   20         52     64     60     37     39      -      -       -
   21         39     21     13     23     15      -      -       -
   22          9     13     14     15      8      -      -       -
   23          4      7      0      8      4      -      -       -
 
TOTALS
 
12HR 7-19    844    391    789    651    668      -      -       -
16HR 6-22   1049    552    929    763    768      -      -       -
18HR 6-24   1062    572    943    786    780      -      -       -
24HR 0-24   1101    597    982    808    796      -      -       -
 
