 
 
 
*LOCATION   : ............................................................
*SITE NUMBER: 10300901
*FILE NUMBER:       43
*INTERVAL   :   15 MIN
*BATTERY    :    6.0 V
*RESTARTS   :        0
*CONFIG     :       12
*CHANNEL    :  1 OF  2
 
             MON    TUE    WED    THU    FRI    SAT    SUN    7-DAY
DATE    05/02/28     01     02     03     04     05     06   AVERAGE
 
START HOUR
 
    0          -      1      1      1      1      1      1       -
    1          -      0      0      1      0      0      0       -
    2          -      0      0      1      0      1      0       -
    3          -      1      0      0      0      0      0       -
    4          -      4      0      0      0      0      0       -
    5          -     15      2      2      2      0      1       -
    6          -      6      2      4      7      1      2       -
    7          -     10     13     16     12      0      2       -
    8          9     10     10      6      6      0      1       6
    9          4      4      4      3      2      2      2       3
   10          2      1      4      3      2      4      3       3
   11          0      4      5      1      5      5      0       3
   12          3      4      1      3      1      5      5       3
   13          2      1      0      3      2      5      5       3
   14          2      0      2      1      2      4      6       2
   15          3      3      5      3      4      1      2       3
   16          2      2      4      2      5      1      1       2
   17          0      1      4      3      1      1      1       2
   18          1      2      1      3      1      0      1       1
   19          0      4      2      0      1      1      0       1
   20          3      3      2      2      1      1      1       2
   21          1      1      1      1      1      0      3       1
   22          0      0      0      0      0      0      0       0
   23          0      0      0      1      0      1      0       0
 
TOTALS
 
12HR 7-19      -     42     53     47     43     28     29       -
16HR 6-22      -     56     60     54     53     31     35       -
18HR 6-24      -     56     60     55     53     32     35       -
24HR 0-24      -     77     63     60     56     34     37       -



 
 
 
 
*LOCATION   : ............................................................
*SITE NUMBER: 10300901
*FILE NUMBER:       43
*INTERVAL   :   15 MIN
*BATTERY    :    6.0 V
*RESTARTS   :        0
*CONFIG     :       12
*CHANNEL    :  1 OF  2
 
             MON    TUE    WED    THU    FRI    SAT    SUN    7-DAY
DATE    05/03/07     08     09     10     11     12     13   AVERAGE
 
START HOUR
 
    0          1      1      1      0      0      0      1       1
    1          0      0      0      0      0      1      0       0
    2          0      0      0      0      0      0      0       0
    3          0      0      0      0      0      0      0       0
    4          0      0      0      0      0      0      0       0
    5          4      3      2      2      2      0      0       2
    6         13      6      6      4      3      0      1       5
    7         17     18     16     21     21      0      1      13
    8          9      8     12     11      8      0      2       7
    9          4      5      6      3      3      3      0       3
   10          2      2      3      2      3      2      1       2
   11          1      0      3      7      5      4      3       3
   12          3      1      4      6      3      3      0       3
   13          2      3      3      2      5      2      1       3
   14          3      0      2      1      2      3      2       2
   15          3      2      2      3      3      2      5       3
   16          7      5      5      5      3      1      4       4
   17          1      0      1      4      2      1      2       2
   18          1      5      1      2      0      1      1       2
   19          2      2      2      2      3      0      2       2
   20          3      2      0      4      0      2      1       2
   21          0      0      1      2      1      1      2       1
   22          2      0      2      0      1      1      0       1
   23          1      1      0      1      0      0      0       0
 
TOTALS
 
12HR 7-19     53     49     58     67     58     22     22      47
16HR 6-22     71     59     67     79     65     25     28      56
18HR 6-24     74     60     69     80     66     26     28      58
24HR 0-24     79     64     72     82     68     27     29      60



 
 
 
 
*LOCATION   : ............................................................
*SITE NUMBER: 10300901
*FILE NUMBER:       43
*INTERVAL   :   15 MIN
*BATTERY    :    6.0 V
*RESTARTS   :        0
*CONFIG     :       12
*CHANNEL    :  1 OF  2
 
             MON    TUE    WED    THU    FRI    SAT    SUN    7-DAY
DATE    05/03/14     15     16     17     18     19     20   AVERAGE
 
START HOUR
 
    0          1      0      0      0      0      0      1       0
    1          0      0      0      0      0      0      0       0
    2          0      0      0      0      0      1      0       0
    3          0      0      0      0      0      0      0       0
    4          0      0      0      0      3      0      0       0
    5          3      2      3      3      1      0      0       2
    6          8      5      6      7      6      1      1       5
    7         11     17     10     12     12      1      0       9
    8          7     10      9      8      6      0      0       6
    9          5      3      2      5      3      1      2       3
   10          3      2      3      2      1      2      2       2
   11          3      2      4      1      4      3      2       3
   12          1      5      3      4      3      1      2       3
   13          1      6      1      3      1      2      2       2
   14          3      1      2      2      4      1      3       2
   15          1      2      2      4      5      1      0       2
   16          4      7      5      3      3      1      1       3
   17          2      2      1      0      0      3      3       2
   18          1      1      0      2      2      0      0       1
   19          1      1      4      1      2      2      1       2
   20          6      2      2      0      0      0      1       2
   21          0      0      6      0      0      1      1       1
   22          0      0      1      0      0      0      0       0
   23          2      0      1      0      0      0      0       0
 
TOTALS
 
12HR 7-19     42     58     42     46     44     16     17      38
16HR 6-22     57     66     60     54     52     20     21      47
18HR 6-24     59     66     62     54     52     20     21      48
24HR 0-24     63     68     65     57     56     21     22      50



 
 
 
 
*LOCATION   : ............................................................
*SITE NUMBER: 10300901
*FILE NUMBER:       43
*INTERVAL   :   15 MIN
*BATTERY    :    6.0 V
*RESTARTS   :        0
*CONFIG     :       12
*CHANNEL    :  1 OF  2
 
             MON    TUE    WED    THU    FRI    SAT    SUN    7-DAY
DATE    05/03/21     22     23     24     25     26     27   AVERAGE
 
START HOUR
 
    0          6      0      0      0      1      0      0       1
    1          0      0      0      0      0      1      0       0
    2          0      0      0      0      0      0      0       0
    3          0      1      1      1      0      0      0       0
    4          0      0      0      0      0      0      1       0
    5          4      5      3      2      0      0      0       2
    6          8      6      6      3      2      0      0       4
    7         18     20     17     14      0      0      1      10
    8         15     15     13     11      1      0      3       8
    9          6      1      3      3      2      3      1       3
   10          1      3      5      4      7      3      2       4
   11          1      4      3      4      7      5      5       4
   12          4      2      2      8      6      8      8       5
   13          2      3      2      2      9      8      9       5
   14          2      5      5      8      8     11      7       7
   15          3      3      1      2      5      9      5       4
   16          9      6      8      3      3      7      8       6
   17          3      3      0      5      4      4      8       4
   18          0      4      1      4      4      3      8       3
   19          1      4      2      1      1      0      3       2
   20          2      1      2      1      1      0      0       1
   21          3      0      0      0      4      4      0       2
   22          1      0      0      1      0      0      0       0
   23          1      1      1      0      1      1      0       1
 
TOTALS
 
12HR 7-19     64     69     60     68     56     61     65      63
16HR 6-22     78     80     70     73     64     65     68      71
18HR 6-24     80     81     71     74     65     66     68      72
24HR 0-24     90     87     75     77     66     67     69      76



 
 
 
 
*LOCATION   : ............................................................
*SITE NUMBER: 10300901
*FILE NUMBER:       43
*INTERVAL   :   15 MIN
*BATTERY    :    6.0 V
*RESTARTS   :        0
*CONFIG     :       12
*CHANNEL    :  1 OF  2
 
             MON    TUE    WED    THU    FRI    SAT    SUN    7-DAY
DATE    05/03/28     29     30     31     01     02     03   AVERAGE
 
START HOUR
 
    0          1      1      -      -      -      -      -       -
    1          1      0      -      -      -      -      -       -
    2          0      1      -      -      -      -      -       -
    3          0      0      -      -      -      -      -       -
    4          1      3      -      -      -      -      -       -
    5          1     10      -      -      -      -      -       -
    6          0     29      -      -      -      -      -       -
    7          2     21      -      -      -      -      -       -
    8          5      9      -      -      -      -      -       -
    9          7      -      -      -      -      -      -       -
   10          8      -      -      -      -      -      -       -
   11          9      -      -      -      -      -      -       -
   12          7      -      -      -      -      -      -       -
   13         14      -      -      -      -      -      -       -
   14          8      -      -      -      -      -      -       -
   15         10      -      -      -      -      -      -       -
   16         11      -      -      -      -      -      -       -
   17          2      -      -      -      -      -      -       -
   18          5      -      -      -      -      -      -       -
   19          1      -      -      -      -      -      -       -
   20          1      -      -      -      -      -      -       -
   21          0      -      -      -      -      -      -       -
   22          0      -      -      -      -      -      -       -
   23          2      -      -      -      -      -      -       -
 
TOTALS
 
12HR 7-19     88      -      -      -      -      -      -       -
16HR 6-22     90      -      -      -      -      -      -       -
18HR 6-24     92      -      -      -      -      -      -       -
24HR 0-24     96      -      -      -      -      -      -       -



 
 
 
 
*LOCATION   : ............................................................
*SITE NUMBER: 10300901
*FILE NUMBER:       43
*INTERVAL   :   15 MIN
*BATTERY    :    6.0 V
*RESTARTS   :        0
*CONFIG     :       12
*CHANNEL    :  2 OF  2
 
             MON    TUE    WED    THU    FRI    SAT    SUN    7-DAY
DATE    05/02/28     01     02     03     04     05     06   AVERAGE
 
START HOUR
 
    0          -     10      0      0      0      0      2       -
    1          -      6     17      0      0      3      0       -
    2          -      1      8      0      0      1      1       -
    3          -      0      8      0      0      0      0       -
    4          -      0      8      0     12      0      0       -
    5          -      1      2      1      9      0      0       -
    6          -      1      3      6      2      1      0       -
    7          -      8      5     10      5      0      0       -
    8          4      0      1      2      3      0      2       2
    9          2      0      2      1      5      5      1       2
   10          0      3      0      2      0      3      0       1
   11          2      1      0      0      4      5      2       2
   12          2      2      1      2      3      1      0       2
   13          2      0      1      3      0      1      3       1
   14          2      1      3      3      2      2      1       2
   15          5      4      4      3     12      3      5       5
   16         11      7     10      7     14      1      1       7
   17          7      5      4      8      2      3      3       5
   18          8      8      4      2      4      1      0       4
   19          1      3      1      1      1      3      1       2
   20          2      1      3      1      3      1      0       2
   21          1      5      2      1      1      0      3       2
   22          0      0      0      0      0      2      0       0
   23          0      0      0      0      0      0      1       0
 
TOTALS
 
12HR 7-19      -     39     35     43     54     25     18       -
16HR 6-22      -     49     44     52     61     30     22       -
18HR 6-24      -     49     44     52     61     32     23       -
24HR 0-24      -     67     87     53     82     36     26       -



 
 
 
 
*LOCATION   : ............................................................
*SITE NUMBER: 10300901
*FILE NUMBER:       43
*INTERVAL   :   15 MIN
*BATTERY    :    6.0 V
*RESTARTS   :        0
*CONFIG     :       12
*CHANNEL    :  2 OF  2
 
             MON    TUE    WED    THU    FRI    SAT    SUN    7-DAY
DATE    05/03/07     08     09     10     11     12     13   AVERAGE
 
START HOUR
 
    0          0      1      1      1      0      0      0       0
    1          0      0      0      1      1      2      2       1
    2          1      0      0      1      0      1      2       1
    3          0      0      0      0      3      0      0       0
    4          0      0      0      0     10      0      0       1
    5          1      1      1      1      6      0      0       1
    6          1      2      1      2      3      1      4       2
    7          4      2      1      4      8      1      1       3
    8          1      1      3      2      3      1      2       2
    9          1      3      3      1      1      2      3       2
   10          2      0      0      0      3      2      3       1
   11          2      2      2     12      4      3      1       4
   12          9      1      2      4      3      1      3       3
   13          0      3      2      6      1      1      2       2
   14          3      1      2      3      1      2      5       2
   15          9      9      6     11     11      1      5       7
   16         12      5      9     16     13      2      4       9
   17          5      8      7      8      3      2      1       5
   18         11      6      4      3      1      3      2       4
   19          4      5      3      1      1      0      0       2
   20          4      3      2      6      1      0      2       3
   21          1      1      1      1      2      0      1       1
   22          1      2      2      2      2      0      1       1
   23          2      0      2      2      0      0      0       1
 
TOTALS
 
12HR 7-19     59     41     41     70     52     21     32      45
16HR 6-22     69     52     48     80     59     22     39      53
18HR 6-24     72     54     52     84     61     22     40      55
24HR 0-24     74     56     54     88     81     25     44      60



 
 
 
 
*LOCATION   : ............................................................
*SITE NUMBER: 10300901
*FILE NUMBER:       43
*INTERVAL   :   15 MIN
*BATTERY    :    6.0 V
*RESTARTS   :        0
*CONFIG     :       12
*CHANNEL    :  2 OF  2
 
             MON    TUE    WED    THU    FRI    SAT    SUN    7-DAY
DATE    05/03/14     15     16     17     18     19     20   AVERAGE
 
START HOUR
 
    0          0      0      0      0      0      0      2       0
    1          1      0      0      1      2      1      2       1
    2          0      0      0      0      0      2      0       0
    3          0      0      0      0      0      1      0       0
    4          0      0      0      0      0      0      0       0
    5          0      0      0      0      0      0      0       0
    6          2      2      3      2      4      0      0       2
    7          7      7      5      6      9      0      2       5
    8          6      2      2      3      0      0      0       2
    9          1      2      0      0      0      0      0       0
   10          1      1      0      0      1      1      1       1
   11          1      3      2      3      6      0      2       2
   12          1      0      0      1      0      1      2       1
   13          2      3      4      1      4      2      2       3
   14          3      2      1      4      2      2      0       2
   15          7      9      8      5      5      1      1       5
   16         13      8     11     10     13      2      2       8
   17          8      6      6      6      1      2      2       4
   18         41      3      8      5      2      4      3       9
   19          6      4      3      1      1      2      1       3
   20          4      8      4      3      3      0      0       3
   21          1      6      1      3      1      2      2       2
   22          1      0      2      0      1      0      2       1
   23          0      0      2      0      0      0      0       0
 
TOTALS
 
12HR 7-19     91     46     47     44     43     15     17      43
16HR 6-22    104     66     58     53     52     19     20      53
18HR 6-24    105     66     62     53     53     19     22      54
24HR 0-24    106     66     62     54     55     23     26      56



 
 
 
 
*LOCATION   : ............................................................
*SITE NUMBER: 10300901
*FILE NUMBER:       43
*INTERVAL   :   15 MIN
*BATTERY    :    6.0 V
*RESTARTS   :        0
*CONFIG     :       12
*CHANNEL    :  2 OF  2
 
             MON    TUE    WED    THU    FRI    SAT    SUN    7-DAY
DATE    05/03/21     22     23     24     25     26     27   AVERAGE
 
START HOUR
 
    0          4      0      0      0      2      0      0       1
    1          0      0      1      2      0      1      1       1
    2          0      0      0      1      1      1      1       1
    3          0      0      0      0      0      0      0       0
    4          0      0      0      0      0      0      0       0
    5          1      1      1      1      0      0      1       1
    6          1      1      1      2      1      1      0       1
    7          5      6      5      5      0      1      0       3
    8          0      2      3      0      1      1      2       1
    9          4      2      1      0      4      0      2       2
   10          4      1      0      3      2      4      2       2
   11          3      2      0      3      4      4      4       3
   12          2      2      2      4      7      6      8       4
   13          1      4      1      3     10      4      4       4
   14          2      8      2      5      5      9      3       5
   15          9      5      7      6      1      6      2       5
   16         15      6     13      9      2      5      6       8
   17          4      9      8     10      3      5      3       6
   18          8     11      9      2      5      2      1       5
   19          6      2      1      1      1      2      1       2
   20          4      4      2      3      1      0      2       2
   21          5      5      0      4      0      1      2       2
   22          1      3      2      0      1      2      0       1
   23          0      0      2      0      0      0      3       1
 
TOTALS
 
12HR 7-19     57     58     51     50     44     47     37      49
16HR 6-22     73     70     55     60     47     51     42      57
18HR 6-24     74     73     59     60     48     53     45      59
24HR 0-24     79     74     61     64     51     55     48      62



 
 
 
 
*LOCATION   : ............................................................
*SITE NUMBER: 10300901
*FILE NUMBER:       43
*INTERVAL   :   15 MIN
*BATTERY    :    6.0 V
*RESTARTS   :        0
*CONFIG     :       12
*CHANNEL    :  2 OF  2
 
             MON    TUE    WED    THU    FRI    SAT    SUN    7-DAY
DATE    05/03/28     29     30     31     01     02     03   AVERAGE
 
START HOUR
 
    0          1      0      -      -      -      -      -       -
    1          0      0      -      -      -      -      -       -
    2          0      0      -      -      -      -      -       -
    3          0      0      -      -      -      -      -       -
    4          0      1      -      -      -      -      -       -
    5          0      5      -      -      -      -      -       -
    6          2      9      -      -      -      -      -       -
    7          0      2      -      -      -      -      -       -
    8          3      2      -      -      -      -      -       -
    9          4      -      -      -      -      -      -       -
   10          9      -      -      -      -      -      -       -
   11          5      -      -      -      -      -      -       -
   12         14      -      -      -      -      -      -       -
   13          8      -      -      -      -      -      -       -
   14          8      -      -      -      -      -      -       -
   15          7      -      -      -      -      -      -       -
   16         14      -      -      -      -      -      -       -
   17          4      -      -      -      -      -      -       -
   18          4      -      -      -      -      -      -       -
   19          3      -      -      -      -      -      -       -
   20          2      -      -      -      -      -      -       -
   21          1      -      -      -      -      -      -       -
   22          0      -      -      -      -      -      -       -
   23          1      -      -      -      -      -      -       -
 
TOTALS
 
12HR 7-19     80      -      -      -      -      -      -       -
16HR 6-22     88      -      -      -      -      -      -       -
18HR 6-24     89      -      -      -      -      -      -       -
24HR 0-24     90      -      -      -      -      -      -       -

 
