 
 
 
*LOCATION   : ............................................................
*SITE NUMBER: 11500928
*FILE NUMBER:        1
*INTERVAL   :   15 MIN
*BATTERY    :    5.9 V
*RESTARTS   :        0
*CONFIG     :        0
*CHANNEL    :  1 OF  1
 
             MON    TUE    WED    THU    FRI    SAT    SUN    7-DAY
DATE    05/02/28     01     02     03     04     05     06   AVERAGE
 
START HOUR
 
    0          -      0      0      0      0      1      0       -
    1          -      0      0      0      0      1      1       -
    2          -      1      0      1      0      0      0       -
    3          -      0      0      0      0      2      0       -
    4          -      0      0      0      0      0      0       -
    5          -      1      0      0      0      1      0       -
    6          -      7      7      5      5      1      0       -
    7          -     14     13     16      9      1      2       -
    8          -      9      9     10     17      2      0       -
    9          -     13     22     16     16      3      3       -
   10          -     13     15     17     12      6      1       -
   11          -      8     12      4     14      8      1       -
   12          -      7     12     10      6      8      2       -
   13          -      8      8     16      8      6      3       -
   14          -      9     16     12     12      5      4       -
   15          -     17     13     15     14      6      3       -
   16         16     16     19     18     20      2      5      14
   17         16     15     15     16     13      4      5      12
   18          8     13     10     12     10      4      7       9
   19          5      9      9      5      4      1      1       5
   20          4      4      6      5      6      0      1       4
   21          4      6      6      2      3      0      2       3
   22          1      0      2      3      5      1      1       2
   23          0      2      0      1      0      1      1       1
 
TOTALS
 
12HR 7-19      -    142    164    162    151     55     36       -
16HR 6-22      -    168    192    179    169     57     40       -
18HR 6-24      -    170    194    183    174     59     42       -
24HR 0-24      -    172    194    184    174     64     43       -
 
 
 
 
*LOCATION   : ............................................................
*SITE NUMBER: 11500928
*FILE NUMBER:        1
*INTERVAL   :   15 MIN
*BATTERY    :    5.9 V
*RESTARTS   :        0
*CONFIG     :        0
*CHANNEL    :  1 OF  1
 
             MON    TUE    WED    THU    FRI    SAT    SUN    7-DAY
DATE    05/03/07     08     09     10     11     12     13   AVERAGE
 
START HOUR
 
    0          1      2      1      1      0      1      2       1
    1          0      0      0      0      1      1      0       0
    2          3      0      0      0      0      2      0       1
    3          0      0      0      1      1      1      0       0
    4          0      0      0      0      0      0      0       0
    5          1      2      0      2      0      0      0       1
    6         10      8      7      4      6      0      0       5
    7         15     14     14     19     10      3      0      11
    8         21     24     22     21     14      0      0      15
    9         18     20     17     17     19      3      3      14
   10          6     13     14      8     16      8      5      10
   11         10     17     18     19     17      5      7      13
   12         10     11      6     18     15     10      7      11
   13          7     18     16      6     14     11      6      11
   14         15     15     19     15     21      6      7      14
   15         22     22     20     15     18      6      6      16
   16         22     21     22     24     16      4      3      16
   17         14     15     13     18     12      2      3      11
   18         16     11     15     13     10      5      6      11
   19          6      9      6      2      3      0      4       4
   20          3      6      8      4      2      0      5       4
   21          5      1      4      4      3      0      0       2
   22          3      7      3      0      3      2      0       3
   23          1      1      1      1      0      1      0       1
 
TOTALS
 
12HR 7-19    176    201    196    193    182     63     53     152
16HR 6-22    200    225    221    207    196     63     62     168
18HR 6-24    204    233    225    208    199     66     62     171
24HR 0-24    209    237    226    212    201     71     64     174
 
 
 
 
*LOCATION   : ............................................................
*SITE NUMBER: 11500928
*FILE NUMBER:        1
*INTERVAL   :   15 MIN
*BATTERY    :    5.9 V
*RESTARTS   :        0
*CONFIG     :        0
*CHANNEL    :  1 OF  1
 
             MON    TUE    WED    THU    FRI    SAT    SUN    7-DAY
DATE    05/03/14     15     16     17     18     19     20   AVERAGE
 
START HOUR
 
    0          0      1      1      1      1      0      0       1
    1          0      0      2      1      1      0      1       1
    2          0      0      0      0      1      0      1       0
    3          0      1      0      0      1      1      0       0
    4          0      0      1      0      0      0      0       0
    5          0      1      3      2      1      1      1       1
    6          7      7      7      4      5      2      1       5
    7         11     17     17      7     12      3      2      10
    8         18     22     26     25     18      2      1      16
    9         18     15     13     10     13      6      3      11
   10         11     13     14     12     11      7      2      10
   11         14     11     17     13     11      5      1      10
   12         15     12     18     13     14     14      3      13
   13         19     12     11      8     13      6      5      11
   14         11     15     20      7     15      1      4      10
   15         18     20     19     12     21      6      4      14
   16         17     17     14      9     16      4      4      12
   17         18     19     14     13     15      7      5      13
   18         12     12      6     12      8      4      4       8
   19          7      7      8      3      7      1      1       5
   20          6      8      5      6      5      5      3       5
   21          2      2      6      4      2      2      0       3
   22          3      5      3      2      5      1      3       3
   23          0      1      2      3      5      1      0       2
 
TOTALS
 
12HR 7-19    182    185    189    141    167     65     38     138
16HR 6-22    204    209    215    158    186     75     43     156
18HR 6-24    207    215    220    163    196     77     46     161
24HR 0-24    207    218    227    167    201     79     49     164
 
 
 
 
*LOCATION   : ............................................................
*SITE NUMBER: 11500928
*FILE NUMBER:        1
*INTERVAL   :   15 MIN
*BATTERY    :    5.9 V
*RESTARTS   :        0
*CONFIG     :        0
*CHANNEL    :  1 OF  1
 
             MON    TUE    WED    THU    FRI    SAT    SUN    7-DAY
DATE    05/03/21     22     23     24     25     26     27   AVERAGE
 
START HOUR
 
    0          1      1      0      1      2      0      3       1
    1          1      0      0      1      2      0      2       1
    2          1      0      0      1      0      0      0       0
    3          0      1      1      0      0      0      0       0
    4          0      0      1      0      0      0      2       0
    5          2      4      2      2      1      1      2       2
    6          8      6      8      6      1      1      2       5
    7         15     25     15     15      0      1      1      10
    8         24     22     27     17      3      3      2      14
    9         21     23     20     16      5      6      6      14
   10         19     18     10     21      3      8      4      12
   11         17     16     21     18      7     11      9      14
   12         14     16     20     19      9     17     10      15
   13         15     17      9     17      5     32     10      15
   14         18     26     21     16      7     14     15      17
   15         23     23     31     16      7     10     12      17
   16         24     19     23     18      8     11      4      15
   17          9     17     23     16      7     10      8      13
   18         19     14     14     14      4     13      9      12
   19          7      8      7      4      5      2      3       5
   20          9     14      7      2      0      6      3       6
   21          4      2      3      3      3      3      1       3
   22          3      8      4      2      3      1      0       3
   23          0      1      4      2      0      3      2       2
 
TOTALS
 
12HR 7-19    218    236    234    203     65    136     90     169
16HR 6-22    246    266    259    218     74    148     99     187
18HR 6-24    249    275    267    222     77    152    101     192
24HR 0-24    254    281    271    227     82    153    110     197
 
 
 
 
*LOCATION   : ............................................................
*SITE NUMBER: 11500928
*FILE NUMBER:        1
*INTERVAL   :   15 MIN
*BATTERY    :    5.9 V
*RESTARTS   :        0
*CONFIG     :        0
*CHANNEL    :  1 OF  1
 
             MON    TUE    WED    THU    FRI    SAT    SUN    7-DAY
DATE    05/03/28     29     30     31     01     02     03   AVERAGE
 
START HOUR
 
    0          0      0      -      -      -      -      -       -
    1          0      0      -      -      -      -      -       -
    2          2      0      -      -      -      -      -       -
    3          0      0      -      -      -      -      -       -
    4          2      1      -      -      -      -      -       -
    5          0      8      -      -      -      -      -       -
    6          1     20      -      -      -      -      -       -
    7          1     29      -      -      -      -      -       -
    8          3      -      -      -      -      -      -       -
    9          3      -      -      -      -      -      -       -
   10         11      -      -      -      -      -      -       -
   11         13      -      -      -      -      -      -       -
   12         12      -      -      -      -      -      -       -
   13         10      -      -      -      -      -      -       -
   14         12      -      -      -      -      -      -       -
   15          7      -      -      -      -      -      -       -
   16         16      -      -      -      -      -      -       -
   17         13      -      -      -      -      -      -       -
   18          6      -      -      -      -      -      -       -
   19          7      -      -      -      -      -      -       -
   20          4      -      -      -      -      -      -       -
   21          2      -      -      -      -      -      -       -
   22          