 
 
 
*LOCATION   : ............................................................
*SITE NUMBER: 11800912
*FILE NUMBER:       41
*INTERVAL   :   15 MIN
*BATTERY    :    6.2 V
*RESTARTS   :        0
*CONFIG     :        0
*CHANNEL    :  1 OF  1
 
             MON    TUE    WED    THU    FRI    SAT    SUN    7-DAY
DATE    05/02/28     01     02     03     04     05     06   AVERAGE
 
START HOUR
 
    0          0      0      1      0      0      0      0       0
    1          0      0      0      0      0      0      0       0
    2          0      1      0      0      0      0      0       0
    3          0      0      0      0      0      0      0       0
    4          0      0      0      0      0      0      0       0
    5          0      0      0      1      0      0      0       0
    6          1      1      1      1      0      1      0       1
    7          8      6      6      6      7      2      1       5
    8          4      2      5      1      1      2      0       2
    9          1      4      5      5      4      2      3       3
   10          4      2      3      5      3      5      3       4
   11          3      3      4      6      4      7      5       5
   12          5      7      3      3      6      8      3       5
   13          2      5      1      3      8      7     11       5
   14          8      6      2      3      3      5      2       4
   15          4      3      2      6      9      3      3       4
   16          8      5      5      4      2      3      1       4
   17          8      3      7      6      4      4      2       5
   18          0      1      5      2      2      3      3       2
   19          2      3      4      0      1      2      2       2
   20          1      6      4      4      0      2      1       3
   21          1      1      1      1      1      1      3       1
   22          1      1      0      1      0      0      0       0
   23          0      0      1      0      0      0      2       0
 
TOTALS
 
12HR 7-19     55     47     48     50     53     51     37      49
16HR 6-22     60     58     58     56     55     57     43      55
18HR 6-24     61     59     59     57     55     57     45      56
24HR 0-24     61     60     60     58     55     57     45      57



 
 
 
 
*LOCATION   : ............................................................
*SITE NUMBER: 11800912
*FILE NUMBER:       41
*INTERVAL   :   15 MIN
*BATTERY    :    6.2 V
*RESTARTS   :        0
*CONFIG     :        0
*CHANNEL    :  1 OF  1
 
             MON    TUE    WED    THU    FRI    SAT    SUN    7-DAY
DATE    05/03/07     08     09     10     11     12     13   AVERAGE
 
START HOUR
 
    0          0      1      0      0      1      0      0       0
    1          0      1      0      0      0      0      0       0
    2          0      0      0      0      0      0      0       0
    3          0      0      0      0      0      0      0       0
    4          0      0      0      0      0      0      0       0
    5          3      2      2      3      2      0      0       2
    6          3      3      1      3      0      1      2       2
    7         13      6      8      8     11      2      2       7
    8          8      7      6      9     10      2      3       6
    9          5      4      7      4      5      2      3       4
   10          2      4      6      8      6      2      2       4
   11          5      8      4      5      2      6      5       5
   12          6      3      5     11      6      5      1       5
   13          4      1      3      5      9      6      7       5
   14          7      9      6      5      8     11      5       7
   15          5      6      1     13      4      4      5       5
   16         10      3      9      6      4      5      0       5
   17          0      5      3      9      5      4      0       4
   18          6      1      2      3      4      0      0       2
   19          4      5      0      1      1      0      1       2
   20          1      4      2      4      2      2      0       2
   21          1      0      1      1      1      3      1       1
   22          0      1      3      0      1      0      0       1
   23          0      1      0      0      1      0      0       0
 
TOTALS
 
12HR 7-19     71     57     60     86     74     49     33      61
16HR 6-22     80     69     64     95     78     55     37      68
18HR 6-24     80     71     67     95     80     55     37      69
24HR 0-24     83     75     69     98     83     55     37      71



 
 
 
 
*LOCATION   : ............................................................
*SITE NUMBER: 11800912
*FILE NUMBER:       41
*INTERVAL   :   15 MIN
*BATTERY    :    6.2 V
*RESTARTS   :        0
*CONFIG     :        0
*CHANNEL    :  1 OF  1
 
             MON    TUE    WED    THU    FRI    SAT    SUN    7-DAY
DATE    05/03/14     15     16     17     18     19     20   AVERAGE
 
START HOUR
 
    0          0      0      0      2      0      1      0       0
    1          0      0      2      0      0      0      0       0
    2          0      0      1      0      1      0      0       0
    3          0      0      0      0      1      0      0       0
    4          0      0      0      0      0      0      0       0
    5          3      1      1      1      1      0      0       1
    6          2      2      3      1      2      0      1       2
    7          8      5      4      5      9      0      1       5
    8          9      2      7      5      5      3      1       5
    9          1      4      5      4      2      0      2       3
   10          2      1      8      1      4      3      7       4
   11          8      4      2      3      0      2      4       3
   12          5      4     11      1      4      5      6       5
   13          4      4      4      5      2      3      7       4
   14          5      7      4      6      5      3      7       5
   15          4      2      3      7      1      2      2       3
   16          6     11      6     14      7      4      7       8
   17          6      4      3     10      5      2      2       5
   18          6      1      3     10      6      1      0       4
   19          1      1      2      3      4      2      0       2
   20          2      6      5      6      6      1      0       4
   21          1      3      7      4      1      1      1       3
   22          3      0      2      1      2      0      1       1
   23          1      1      1      0      0      0      0       0
 
TOTALS
 
12HR 7-19     64     49     60     71     50     28     46      53
16HR 6-22     70     61     77     85     63     32     48      62
18HR 6-24     74     62     80     86     65     32     49      64
24HR 0-24     77     63     84     89     68     33     49      66



 
 
 
 
*LOCATION   : ............................................................
*SITE NUMBER: 11800912
*FILE NUMBER:       41
*INTERVAL   :   15 MIN
*BATTERY    :    6.2 V
*RESTARTS   :        0
*CONFIG     :        0
*CHANNEL    :  1 OF  1
 
             MON    TUE    WED    THU    FRI    SAT    SUN    7-DAY
DATE    05/03/21     22     23     24     25     26     27   AVERAGE
 
START HOUR
 
    0          0      2      1      -      -      -      -       -
    1          0      0      0      -      -      -      -       -
    2          0      0      0      -      -      -      -       -
    3          0      0      0      -      -      -      -       -
    4          0      0      0      -      -      -      -       -
    5          2      2      1      -      -      -      -       -
    6          4      4      3      -      -      -      -       -
    7          7      7      8      -      -      -      -       -
    8          4      6      3      -      -      -      -       -
    9          6      7      7      -      -      -      -       -
   10         10      2      4      -      -      -      -       -
   11          2      8      -      -      -      -      -       -
   12          8      8      -      -      -      -      -       -
   13          5      5      -      -      -      -      -       -
   14          9      9      -      -      -      -      -       -
   15          7     10      -      -      -      -      -       -
   16         10     12      -      -      -      -      -       -
   17          1      2      -      -      -      -      -       -
   18          0      6      -      -      -      -      -       -
   19          2      4      -      -      -      -      -       -
   20          2      4      -      -      -      -      -       -
   21          2      2      -      -      -      -      -       -
   22          2      2      -      -      -      -      -       -
   23          0      0      -      -      -      -      -       -
 
TOTALS
 
12HR 7-19     69     82      -      -      -      -      -       -
16HR 6-22     79     96      -      -      -      -      -       -
18HR 6-24     81     98      -      -      -      -      -       -
24HR 0-24     83    102      -      -      -      -      -       -

 
