 

 

 

*LOCATION   : ............................................................

*SITE NUMBER: 11202518

*FILE NUMBER:        2

*INTERVAL   :   15 MIN

*BATTERY    :    6.2 V

*RESTARTS   :        0

*CONFIG     :       15

*CHANNEL    :  1 OF  2

 

             FRI    SAT    SUN    MON    TUE    WED    THU    7-DAY

DATE    11/06/24     25     26     27     28     29     30   AVERAGE

 

START HOUR

 

    0          -      8      6      6      5      6      7       -

    1          -      3      1      0      0      2      1       -

    2          -      0      0      0      0      0      0       -

    3          -      3      1      2      1      1      1       -

    4          -      0      1      0      1      2      1       -

    5          -      4      1     17     15     19     15       -

    6          -      6      8     59     63     66     71       -

    7          -      2     10     89    105     97     78       -

    8          -      5     12     53     72     76     82       -

    9          -     13     31     34     55     38     38       -

   10          -     13     53     40     48     48     41       -

   11          -     24    107     51     84     69     51       -

   12          -     36    126     60     72     87     76       -

   13          -     45     97     71     94     80     82       -

   14          -     30    115     72    117     98     90       -

   15          -     28     84    108    141    165    136       -

   16          -     35    116    146    178    174    158       -

   17          -     43     99    150    143    152    125       -

   18          -     51     85    147    144    170    113       -

   19          -     41     81    126    128    127    135       -

   20          -     52     58    103     86    126    116       -

   21         42     17     35     61     62     66     66      50

   22         25      8     16     30     22     33     26      23

   23         12      5      9     13     18     13      7      11

 

TOTALS

 

12HR 7-19      -    325    935   1021   1253   1254   1070       -

16HR 6-22      -    441   1117   1370   1592   1639   1458       -

18HR 6-24      -    454   1142   1413   1632   1685   1491       -

24HR 0-24      -    472   1152   1438   1654   1715   1516       -


 

 

 

 




































*LOCATION   : ............................................................

*SITE NUMBER: 11202518

*FILE NUMBER:        2

*INTERVAL   :   15 MIN

*BATTERY    :    6.2 V

*RESTARTS   :        0

*CONFIG     :       15

*CHANNEL    :  1 OF  2

 

             FRI    SAT    SUN    MON    TUE    WED    THU    7-DAY

DATE    11/07/01     02     03     04     05     06     07   AVERAGE

 

START HOUR

 

    0         10      5     10      1      2      5     12       6

    1          4      8      6      1      1      2      7       4

    2          2      4      5      1      0      0      3       2

    3          2      1      2      2      2      3      1       2

    4          0      1      5      3      0      2      1       2

    5         15      4      2     16     12     11     14      11

    6         55     14     11     61     61     72     69      49

    7         79     16     12     76     72     73     86      59

    8         73     27     15     55     57     52     70      50

    9         66     37     41     38     36     36     43      42

   10         60     52     58     28     29     45     44      45

   11         48    105     45     29     43     56     54      54

   12         68    108     85     42     39     91     78      73

   13         88    100    111     30     41     95     75      77

   14         99    123    110     56     48    122    102      94

   15        102    110    112     89     94    172    146     118

   16        114     97    102     96    131    188    180     130

   17         97    105     94    119    113    146    160     119

   18        119     93     86     80    106    154    196     119

   19         90     93     58     79     78    115    131      92

   20         63     63     57     54     50    100     88      68

   21         32     47     41     39     35     63     73      47

   22         38     41     18     18     18     22     39      28

   23         15     20     11      9     11     19     11      14

 

TOTALS

 

12HR 7-19   1013    973    871    738    809   1230   1234     981

16HR 6-22   1253   1190   1038    971   1033   1580   1595    1237

18HR 6-24   1306   1251   1067    998   1062   1621   1645    1279

24HR 0-24   1339   1274   1097   1022   1079   1644   1683    1305


 

 

 

 

































*LOCATION   : ............................................................

*SITE NUMBER: 11202518

*FILE NUMBER:        2

*INTERVAL   :   15 MIN

*BATTERY    :    6.2 V

*RESTARTS   :        0

*CONFIG     :       15

*CHANNEL    :  1 OF  2

 

             FRI    SAT    SUN    MON    TUE    WED    THU    7-DAY

DATE    11/07/08     09     10     11     12     13     14   AVERAGE

 

START HOUR

 

    0          8     10      8      4      7      1      2       6

    1          2     11      9      0      3      1      1       4

    2          0      7      2      0      1      1      0       2

    3          2      4      2      2      0      1      4       2

    4          4      0      1      2      1      1      4       2

    5         13      4      5     12      3      9     10       8

    6         53     11      7     59     22     52     49      36

    7         65     16     21     80     11     75     72      49

    8         53     18     16     57     20     63     57      41

    9         46     47     31     44     12     37     29      35

   10         49     56     46     49     11     44     38      42

   11         66     99     82     65     14     49     63      63

   12         77    108    123     83     20     53     66      76

   13         86    102    120     86     18     71     70      79

   14        106     97    143     86     27     67     93      88

   15        149    135    129    106     58     87    134     114

   16        118    114    100    121     50    131    131     109

   17        116    127    115    137     60    115    110     111

   18         99    111     94    118     55    100    116      99

   19        112    104     88    114     73    100     99      99

   20         78     66     90     70     57     65     78      72

   21         49     44     47     55     27     39    167      61

   22         41     21     32     30     21     25     25      28

   23         15     16     13     14     10      7     10      12

 

TOTALS

 

12HR 7-19   1030   1030   1020   1032    356    892    979     906

16HR 6-22   1322   1255   1252   1330    535   1148   1372    1173

18HR 6-24   1378   1292   1297   1374    566   1180   1407    1213

24HR 0-24   1407   1328   1324   1394    581   1194   1428    1237


 

 

 

 
































*LOCATION   : ............................................................

*SITE NUMBER: 11202518

*FILE NUMBER:        2

*INTERVAL   :   15 MIN

*BATTERY    :    6.2 V

*RESTARTS   :        0

*CONFIG     :       15

*CHANNEL    :  1 OF  2

 

             FRI    SAT    SUN    MON    TUE    WED    THU    7-DAY

DATE    11/07/15     16     17     18     19     20     21   AVERAGE

 

START HOUR

 

    0          0      5      5      2      4      4      6       4

    1          0      5      7      2      0      1      6       3

    2          4      1      4      0      1      0      1       2

    3          4      1      4      1      1      1      4       2

    4          1      0      4      2      3      1      3       2

    5          3      2      1      9     11     10      9       6

    6         20      4     12     50     30     55     44      31

    7         24     10      4     60     48     66     51      38

    8         18     16      6     48     39     46     51      32

    9         21     19      7     34     25     41     37      26

   10         13     21     31     59     25     50     42      34

   11          8     51     51     84     33     87     69      55

   12         15     66     55     80     37     97     69      60

   13         25     61     52     96     10    127     80      64

   14         33     65     62    111     33    106     79      70

   15         33     68     60    117     55    127    121      83

   16         28     64     58    147     70    146    107      89

   17         30     62     92    158     88    124    114      95

   18         23     52    106    124     78    114    106      86

   19         26     57     63    118     59     94    118      76

   20         28     44     55    101     61     98     81      67

   21         13     26     49     42     44     42     46      37

   22          8     24     15     18     22     23     43      22

   23          4     13      6     20      8      9     13      10

 

TOTALS

 

12HR 7-19    271    555    584   1118    541   1131    926     732

16HR 6-22    358    686    763   1429    735   1420   1215     944

18HR 6-24    370    723    784   1467    765   1452   1271     976

24HR 0-24    382    737    809   1483    785   1469   1300     995


 

 

 

 





























*LOCATION   : ............................................................

*SITE NUMBER: 11202518

*FILE NUMBER:        2

*INTERVAL   :   15 MIN

*BATTERY    :    6.2 V

*RESTARTS   :        0

*CONFIG     :       15

*CHANNEL    :  1 OF  2

 

             FRI    SAT    SUN    MON    TUE    WED    THU    7-DAY

DATE    11/07/22     23     24     25     26     27     28   AVERAGE

 

START HOUR

 

    0         14      9      5      1      3      7      5       6

    1         10      9      3      5      2      1      2       5

    2          1      7      2      2      1      1      5       3

    3          2      2      3      1      1      2      3       2

    4          2      2      1      3      4      3      2       2

    5          7      4      4      5      9     10      9       7

    6         48     10      6     52     54     42     35      35

    7         57     17      7     60     71     53     50      45

    8         41     15     13     53     53     59     55      41

    9         50     20     16     71     50     41     35      40

   10         51     44     37     51     62     44     36      46

   11         64     47     63     79     83     72     20      61

   12         85     63     65     61     90     68     11      63

   13        117     66     76     77    107     61     17      74

   14        111     84     79     96    107     96     19      85

   15        137     64     73    128    137    128     58     104

   16        131     52     58    136    130    123     82     102

   17        148     48     93    184    126    126     71     114

   18        128     53     67    136     87    127     64      95

   19         97     68     64    151     97    120     66      95

   20         89     54     74     85     80     93     57      76

   21         47     26     49     49     54     65     28      45

   22         38     21     27     29     21     29     24      27

   23         27      6      8      6      7     11     13      11

 

TOTALS

 

12HR 7-19   1120    573    647   1132   1103    998    518     870

16HR 6-22   1401    731    840   1469   1388   1318    704    1122

18HR 6-24   1466    758    875   1504   1416   1358    741    1160

24HR 0-24   1502    791    893   1521   1436   1382    767    1185


 

 

 

 


































*LOCATION   : ............................................................

*SITE NUMBER: 11202518

*FILE NUMBER:        2

*INTERVAL   :   15 MIN

*BATTERY    :    6.2 V

*RESTARTS   :        0

*CONFIG     :       15

*CHANNEL    :  1 OF  2

 

             FRI    SAT    SUN    MON    TUE    WED    THU    7-DAY

DATE    11/07/29     30     31     01     02     03     04   AVERAGE

 

START HOUR

 

    0          3      7     14     11      7      -      -       -

    1          5      1     10      4      1      -      -       -

    2          1      0      5      2      4      -      -       -

    3          1      1      3      3      3      -      -       -

    4          1      0      2      0      0      -      -       -

    5          3      1      4     11     11      -      -       -

    6         31      6      8     60     48      -      -       -

    7         41      5      3     71     78      -      -       -

    8         48     18     13     67     72      -      -       -

    9         37     25     28     47     55      -      -       -

   10         43     41     41     48     36      -      -       -

   11         49     66     71     61     67      -      -       -

   12         79     75     88     63     58      -      -       -

   13         82     82     94     78      -      -      -       -

   14         42     94    100     76      -      -      -       -

   15         57    101    109    116      -      -      -       -

   16         45    116    102    142      -      -      -       -

   17         64    133    121    134      -      -      -       -

   18         65     98    107    142      -      -      -       -

   19         63     73     89     89      -      -      -       -

   20         34     51     73     77      -      -      -       -

   21         16     40     55     37      -      -      -       -

   22         26     27     28     28      -      -      -       -

   23          5     11     23      5      -      -      -       -

 

TOTALS

 

12HR 7-19    652    854    877   1045      -      -      -       -

16HR 6-22    796   1024   1102   1308      -      -      -       -

18HR 6-24    827   1062   1153   1341      -      -      -       -

24HR 0-24    841   1072   1191   1372      -      -      -       -


 

 

 

 

































