 

 
 
 
*LOCATION   : ............................................................
*SITE NUMBER: 10801412
*FILE NUMBER:        2
*INTERVAL   :   15 MIN
*BATTERY    :    6.7 V
*RESTARTS   :        0
*CONFIG     :        0
*CHANNEL    :  1 OF  1
 
             TUE    WED    THU    FRI    SAT    SUN    MON    7-DAY
DATE    08/04/01     02     03     04     05     06     07   AVERAGE
 
START HOUR
 
    0          -      1      4      5      7      1      5       -
    1          -      4      1      3      8      5      0       -
    2          -      3      1      2      2      1      0       -
    3          -      1      0      2      4      1      2       -
    4          -      0      3      1      6      1      0       -
    5          -      5      6      5      0      2      3       -
    6          -     20     19     15      7      3     19       -
    7          -     51     59     54      3      2     52       -
    8          -     73     72     66     12      4     73       -
    9          -     50     51     37     21     12     40       -
   10         26     37     26     35     28     28     21      29
   11         31     44     32     33     11     34     16      29
   12         46     37     43     40     26     55     21      38
   13         31     34     41     43     17     33     34      33
   14         45     48     37     41     30     33     31      38
   15         56     63     59     75     37     39     49      54
   16         84     89     87     80     13     46     60      66
   17         74     81     86     65     13     34     59      59
   18         63     74     63     54     17     44     53      53
   19         65     33     51     41      6     37     40      39
   20         31     43     35     29      8     13     22      26
   21         24     21     22     20     13      9     13      17
   22          8     13     12      9      3      5      5       8
   23          7      4      2      8      3      6      3       5
 
TOTALS
 
12HR 7-19      -    681    656    623    228    364    509       -
16HR 6-22      -    798    783    728    262    426    603       -
18HR 6-24      -    815    797    745    268    437    611       -
24HR 0-24      -    829    812    763    295    448    621       -

 
 
 
























*LOCATION   : ............................................................
*SITE NUMBER: 10801412
*FILE NUMBER:        2
*INTERVAL   :   15 MIN
*BATTERY    :    6.7 V
*RESTARTS   :        0
*CONFIG     :        0
*CHANNEL    :  1 OF  1
 
             TUE    WED    THU    FRI    SAT    SUN    MON    7-DAY
DATE    08/04/08     09     10     11     12     13     14   AVERAGE
 
START HOUR
 
    0          3      1      1      4      4      6      0       3
    1          0      0      0      0      5      4      0       1
    2          0      1      1      0      3      2      4       2
    3          0      0      0      1      0      2      0       0
    4          0      1      2      2      2      0      2       1
    5          6      3      5      8      3      0      3       4
    6         26     16     23     20      7      1     15      15
    7         47     43     59     59      8      1     51      38
    8         64     48     74     81     17      2     76      52
    9         29     27     49     41     28      4     42      31
   10         11     24     21     26     53     13     28      25
   11         20     16     25     36     48      9     33      27
   12         26     18     30     46     69     24     26      34
   13         22     19     33     34     69      8     27      30
   14         22     31     42     43     69     14     37      37
   15         32     54     80     60     66     12     57      52
   16         46     46     87     74     59     13     87      59
   17         40     48     93     64     39     11     95      56
   18         30     43     71     54     27     14     73      45
   19         18     37     40     29     19      8     69      31
   20         16     30     42     36     15      5     41      26
   21         12     13     26     25     11     10     15      16
   22          5      8     11     13      2      1     12       7
   23          3      3      3      3      7      2      7       4
 
TOTALS
 
12HR 7-19    389    417    664    618    552    125    632     485
16HR 6-22    461    513    795    728    604    149    772     575
18HR 6-24    469    524    809    744    613    152    791     586
24HR 0-24    478    530    818    759    630    166    800     597

 
 
 
 











*LOCATION   : ............................................................
*SITE NUMBER: 10801412
*FILE NUMBER:        2
*INTERVAL   :   15 MIN
*BATTERY    :    6.7 V
*RESTARTS   :        0
*CONFIG     :        0
*CHANNEL    :  1 OF  1
 
             TUE    WED    THU    FRI    SAT    SUN    MON    7-DAY
DATE    08/04/15     16     17     18     19     20     21   AVERAGE
 
START HOUR
 
    0          1      4      4      6      6     11      0       5
    1          3      4      2      2      5     10      2       4
    2          4      1      1      3      5      4      1       3
    3          0      1      0      2      2      7      1       2
    4          1      1      2      1      1      4      0       1
    5          7      6      9     10      2      6     10       7
    6         22     24     28     20      8      4     31      20
    7         67     70     68     68      7      5     69      51
    8        113     83    129     94     18     13    126      82
    9         45     52     53     39     24     19     72      43
   10         32     21     42     38     43     41     45      37
   11         40     30     38     43     64     66     56      48
   12         46     22     33     34     65     77     36      45
   13         37     42     55     40     65     83     28      50
   14         50     41     44     59     77     77     64      59
   15         63     75     78     73     63     81     80      73
   16         99     99    125     86     47     76    140      96
   17         93     77     86     75     57     63    104      79
   18         70     62     77     67     37     45    109      67
   19         48     38     82     47     32     36     51      48
   20         38     27     48     25     17     23     55      33
   21         36     31     29     23     24     19     29      27
   22         14     13     14      6      9      6     10      10
   23          7      8      9     11      6      4      7       7
 
TOTALS
 
12HR 7-19    755    674    828    716    567    646    929     731
16HR 6-22    899    794   1015    831    648    728   1095     859
18HR 6-24    920    815   1038    848    663    738   1112     876
24HR 0-24    936    832   1056    872    684    780   1126     898

 
 
 
 


















*LOCATION   : ............................................................
*SITE NUMBER: 10801412
*FILE NUMBER:        2
*INTERVAL   :   15 MIN
*BATTERY    :    6.7 V
*RESTARTS   :        0
*CONFIG     :        0
*CHANNEL    :  1 OF  1
 
             TUE    WED    THU    FRI    SAT    SUN    MON    7-DAY
DATE    08/04/22     23     24     25     26     27     28   AVERAGE
 
START HOUR
 
    0          4      6      6     17     16      8      2       8
    1          1      6      5      2     13     14      3       6
    2          0      2      1      4      7      3      4       3
    3          0      0      0      1      3      4      0       1
    4          0      1      2      3      5      4      4       3
    5          8      8     11     14      8      6     12      10
    6         34     32     39     40      6      5     46      29
    7         96     87     86     81      9      8    112      68
    8        164    157    127    124     20     10    166     110
    9         63     79     80     89     39     32     91      68
   10         49     50     48     54     46     49     49      49
   11         54     47     72     50     60     90     60      62
   12         62     59     65     52     93     91     72      71
   13         60     53     55     76     92    107     68      73
   14         74     60     67     86     92    105     65      78
   15         97     76     88    112     92     76    119      94
   16        163    149    145    128     94     87    159     132
   17        134    123    157    104     83     65    146     116
   18        116    111    104     77     83     84    109      98
   19         78     88     88     52     50     44     68      67
   20         72     60     69     34     42     50     80      58
   21         44     51     42     30     28     24     37      37
   22         15     12     29     20     21     12     16      18
   23          8     11     12     13     11      9     10      11
 
TOTALS
 
12HR 7-19   1132   1051   1094   1033    803    804   1216    1019
16HR 6-22   1360   1282   1332   1189    929    927   1447    1209
18HR 6-24   1383   1305   1373   1222    961    948   1473    1238
24HR 0-24   1396   1328   1398   1263   1013    987   1498    1269

 
 
 
 














*LOCATION   : ............................................................
*SITE NUMBER: 10801412
*FILE NUMBER:        2
*INTERVAL   :   15 MIN
*BATTERY    :    6.7 V
*RESTARTS   :        0
*CONFIG     :        0
*CHANNEL    :  1 OF  1
 
             TUE    WED    THU    FRI    SAT    SUN    MON    7-DAY
DATE    08/04/29     30     01     02     03     04     05   AVERAGE
 
START HOUR
 
    0          9     10     21     13     20      7      3      12
    1          1      5     23      4      7      9      1       7
    2          0      1      1      3     10     10      1       4
    3          0      2      9      1      0      3      0       2
    4          4      4      3      1      3      4      3       3
    5         13     13      6      7      6      2     12       8
    6         56     44     11     35      9      7     61      32
    7        121    106      8     71     13     11    138      67
    8        156    136     17     75     22     16    201      89
    9         86     81     25     70     45     30    125      66
   10         52     71     28     50     68     51     59      54
   11         63     54     47     51     81     89     50      62
   12         68     76     57     60    109     95     54      74
   13         78     77     79     61    166    151     76      98
   14         89    112     75     78    134    132     80     100
   15        125    122     62    101    112    135    124     112
   16        178    136     48    130    148    144    206     141
   17        177     77     58     97    115    125    191     120
   18        132     77     56    100    122    120    115     103
   19        100     34     28     74     70     89     83      68
   20         76     49     24     78     45     53     46      53
   21         52     24     25     47     45     39     49      40
   22         22     21      8     22     19     15     19      18
   23         11     11      9     24     16      5      8      12
 
TOTALS
 
12HR 7-19   1325   1125    560    944   1135   1099   1419    1087
16HR 6-22   1609   1276    648   1178   1304   1287   1658    1280
18HR 6-24   1642   1308    665   1224   1339   1307   1685    1310
24HR 0-24   1669   1343    728   1253   1385   1342   1705    1346

 
 
 
 








*LOCATION   : ............................................................
*SITE NUMBER: 10801412
*FILE NUMBER:        2
*INTERVAL   :   15 MIN
*BATTERY    :    6.7 V
*RESTARTS   :        0
*CONFIG     :        0
*CHANNEL    :  1 OF  1
 
             TUE    WED    THU    FRI    SAT    SUN    MON    7-DAY
DATE    08/05/06     07     08     09     10     11     12   AVERAGE
 
START HOUR
 
    0          4      0      -      -      -      -      -       -
    1          1      0      -      -      -      -      -       -
    2          3      0      -      -      -      -      -       -
    3          2      0      -      -      -      -      -       -
    4          4      0      -      -      -      -      -       -
    5          9      0      -      -      -      -      -       -
    6         51      0      -      -      -      -      -       -
    7        123      -      -      -      -      -      -       -
    8        185      -      -      -      -      -      -       -
    9        115      -      -      -      -      -      -       -
   10         51      -      -      -      -      -      -       -
   11         68      -      -      -      -      -      -       -
   12         30      -      -      -      -      -      -       -
 
