 
 
 
*LOCATION   : ............................................................
*SITE NUMBER: 11801416
*FILE NUMBER:        1
*INTERVAL   :   15 MIN
*BATTERY    :    6.3 V
*RESTARTS   :        0
*CONFIG     :        0
*CHANNEL    :  1 OF  1
 
             WED    THU    FRI    SAT    SUN    MON    TUE    7-DAY
DATE    08/04/02     03     04     05     06     07     08   AVERAGE
 
START HOUR
 
    0          -      0      0      2      4      0      0       -
    1          -      0      0      0      0      0      0       -
    2          -      0      0      0      0      0      0       -
    3          -      0      1      1      3      0      0       -
    4          -      0      0      0      0      0      0       -
    5          -      3      3      0      3      7      5       -
    6          -     19     25      3      3     12     19       -
    7          -     43     39      7      8     31     29       -
    8          -     28     26      7     18     24     19       -
    9          -     20     19     16     24     12     16       -
   10          -     23     24     16     34      7      8       -
   11          -     20     19     17     47     14     13       -
   12          -     30     22     19     60     13     20       -
   13          -     26     45     24     30     18     18       -
   14         35     23     48     19     24     22     18      27
   15         39     50     54     16     39     39     16      36
   16         68     62     49     17     51     36     32      45
   17         36     50      0     12     62     22     18      29
   18         46     55      0     15     37     26     11      27
   19         34     38      0      8     23     10     10      18
   20         24     13     13     10     14      5      5      12
   21          7     13      9      4      3     13      2       7
   22          9      4     13      0      2      8      8       6
   23          2      4      5      1      2      0      0       2
 
TOTALS
 
12HR 7-19      -    430    345    185    434    264    218       -
16HR 6-22      -    513    392    210    477    304    254       -
18HR 6-24      -    521    410    211    481    312    262       -
24HR 0-24      -    524    414    214    491    319    267       -
 
 
 
 
*LOCATION   : ............................................................
*SITE NUMBER: 11801416
*FILE NUMBER:        1
*INTERVAL   :   15 MIN
*BATTERY    :    6.3 V
*RESTARTS   :        0
*CONFIG     :        0
*CHANNEL    :  1 OF  1
 
             WED    THU    FRI    SAT    SUN    MON    TUE    7-DAY
DATE    08/04/09     10     11     12     13     14     15   AVERAGE
 
START HOUR
 
    0          0      1      1      1      1      0      2       1
    1          1      0      1      2      0      1      1       1
    2          0      0      0      0      0      0      0       0
    3          0      1      1      0      0      0      0       0
    4          0      1      2      0      0      1      0       1
    5          2      3      4      0      0      5      9       3
    6         13     18     20      3      1     12     34      14
    7         28     40     42      5      1     32     46      28
    8         17     20     27     14      5     30     28      20
    9          5     12     14     25      6     18     16      14
   10          2     28     18     31      7     11     20      17
   11          7     22     26     37     10     18     23      20
   12         10     25     26     69     10     18     34      27
   13          7     23     29     52     22     18     30      26
   14         12     30     36     45     11     26     43      29
   15         17     34     67     69     10     36     52      41
   16         43     69     52     43      7     69     63      49
   17         20     40     28     40      7     48     61      35
   18         15     43     29     29     14     62     27      31
   19         19     40     17     33      2     46     29      27
   20         12     20     20     19      4     38     22      19
   21          7      8     15     28      1     20     13      13
   22          7     10      9     12      1      6      3       7
   23          0      0      4      9      1      2      3       3
 
TOTALS
 
12HR 7-19    183    386    394    459    110    386    443     337
16HR 6-22    234    472    466    542    118    502    541     411
18HR 6-24    241    482    479    563    120    510    547     420
24HR 0-24    244    488    488    566    121    517    559     426
 
 
 
 
*LOCATION   : ............................................................
*SITE NUMBER: 11801416
*FILE NUMBER:        1
*INTERVAL   :   15 MIN
*BATTERY    :    6.3 V
*RESTARTS   :        0
*CONFIG     :        0
*CHANNEL    :  1 OF  1
 
             WED    THU    FRI    SAT    SUN    MON    TUE    7-DAY
DATE    08/04/16     17     18     19     20     21     22   AVERAGE
 
START HOUR
 
    0          0      0      0      1      3      0      0       1
    1          0      0      0      2      2      0      0       1
    2          0      0      0      0      0      0      0       0
    3          1      0      0      0      0      0      0       0
    4          1      2      1      0      0      2      1       1
    5          6      6      3      2      1      5     10       5
    6         37     39     31      3      7     38     46      29
    7         47     49     60      6      8     70     76      45
    8         28     53     30     14     13     40     50      33
    9         20     18     18     30     29     27     27      24
   10         13     13     14     48     45     22     23      25
   11         24     18     20     48     72     29     33      35
   12         16     27     24     70     78     25     51      42
   13         19     34     33     82     93     41     34      48
   14         28     42     56     48     94     41     72      54
   15         52     59     52     49     89     68     83      65
   16         75     72     53     46     64     76    106      70
   17         48     73     48     45     83     70     84      64
   18         27     42     38     42     52     60     64      46
   19         38     43     23     36     47     43     53      40
   20         23     32     22     28     18     29     48      29
   21          7     11     15     14     18     18     21      15
   22          6      8      2      8      4      7      8       6
   23          3      4      5      6      4      3      0       4
 
TOTALS
 
12HR 7-19    397    500    446    528    720    569    703     552
16HR 6-22    502    625    537    609    810    697    871     664
18HR 6-24    511    637    544    623    818    707    879     674
24HR 0-24    519    645    548    628    824    714    890     681
 
 
 
 
*LOCATION   : ............................................................
*SITE NUMBER: 11801416
*FILE NUMBER:        1
*INTERVAL   :   15 MIN
*BATTERY    :    6.3 V
*RESTARTS   :        0
*CONFIG     :        0
*CHANNEL    :  1 OF  1
 
             WED    THU    FRI    SAT    SUN    MON    TUE    7-DAY
DATE    08/04/23     24     25     26     27     28     29   AVERAGE
 
START HOUR
 
    0          0      1      1      1      6      0      1       1
    1          0      2      7      0      4      1      1       2
    2          0      0      0      0      2      0      0       0
    3          0      0      0      1      0      0      2       0
    4          1      1      1      0      0      2      1       1
    5          5      9     10      0      0      9     18       7
    6         42     43     40      9      8     44     53      34
    7         75     63     63     19     13     85     84      57
    8         48     39     52     20     24     59     68      44
    9         32     30     24     34     41     24     38      32
   10         24     25     32     53     80     22     36      39
   11         44     35     32     60     96     48     55      53
   12         44     35     47     66    125     37     45      57
   13         55     34     46     81    123     44     65      64
   14         52     53     62     86    105     64     55      68
   15         69     97     78     77     71     71    100      80
   16        113     96     84     65     92     96    129      96
   17         73     69     63     75     71     80    107      77
   18         62     49     59     59     55     70     62      59
   19         57     67     49     50     27     52     77      54
   20         35     43     47     29     23     38     45      37
   21         27     22     26     23     16     28     27      24
   22          4     13     12     16      4     11     10      10
   23          5      5      8      4      0      1      1       3
 
TOTALS
 
12HR 7-19    691    625    642    695    896    700    844     728
16HR 6-22    852    800    804    806    970    862   1046     877
18HR 6-24    861    818    824    826    974    874   1057     891
24HR 0-24    867    831    843    828    986    886   1080     903
 
 
 
 
*LOCATION   : ............................................................
*SITE NUMBER: 11801416
*FILE NUMBER:        1
*INTERVAL   :   15 MIN
*BATTERY    :    6.3 V
*RESTARTS   :        0
*CONFIG     :        0
*CHANNEL    :  1 OF  1
 
             WED    THU    FRI    SAT    SUN    MON    TUE    7-DAY
DATE    08/04/30     01     02     03     04     05     06   AVERAGE
 
START HOUR
 
    0          2      6      1      2      2      2      -       -
    1          1      1      1      0      6      1      -       -
    2          1      6      0      0      1      1      -       -
    3          0      0      0      0      1      0      -       -
    4          2      1      2      0      0      1      -       -
    5          6      1     11      3      3      6      -       -
    6         55      9     29      6      6     62      -       -
    7         90      8     69     18     11    110      -       -
    8         63     17     44     31     25     65      -       -
    9         33     21     36     44     53     42      -       -
   10         31     63     57     58     91      -      -       -
   11         36     69     60     82     85      -      -       -
   12         40     90     61     87    131      -      -       -
   13         62     93     68    116    156      -      -       -
   14         88     92     83    119    130      -      -       -
   15        109     69     59    123    112      -      -       -
   16         82     75     99    107    125      -      -       -
   17         65     54     98     86    118      -      -       -
   18         45     73     80     81    104      -      -       -
   19         52     55     64     50     53      -      -       -
   20         13     20     44     32     29      -      -       -
   21         20     25     45     30     20      -      -       -
   22         1