
 
 
*LOCATION   : ............................................................
*SITE NUMBER: 12101415
*FILE NUMBER:        5
*INTERVAL   :   15 MIN
*BATTERY    :    6.5 V
*RESTARTS   :        0
*CONFIG     :       12
*CHANNEL    :  1 OF  2
 
             WED    THU    FRI    SAT    SUN    MON    TUE    7-DAY
DATE    08/04/02     03     04     05     06     07     08   AVERAGE
 
START HOUR
 
    0          -      5      2      6      8      3      2       -
    1          -      0      0      1      0      0      0       -
    2          -      1      0      0      1      4      0       -
    3          -      0      3    287     14      0      1       -
    4          -      3      6      2      0   1185      0       -
    5          -      7      3      2      2    818      5       -
    6          -    169     23     18    102     17     18       -
    7          -   2028     24      4      1     19     20       -
    8          -    137     27     11     51     12     15       -
    9          -    161     22      9     26     10      9       -
   10          -   1293    186     22     28    147     10       -
   11          -    134   2304     19     34   4942     10       -
   12          -    109    254   2274     42   4862     13       -
   13          -     16     34     17     26     23     14       -
   14          -     28     20     18     20     27     11       -
   15         40     56     37     16     21     20     13      29
   16         38     43     34     15     23     33     11      28
   17         43    164     40     23     34     26     12      49
   18        118    826     30    103     24     21      7     161
   19         68   4229     20     98     30      7     18     639
   20         43   2357     13      5     30     11      5     352
   21         13      7     11      3      4    138      3      26
   22         58      1      5     23      2      4      2      14
   23        336      2      3      3      0      1      2      50
 
TOTALS
 
12HR 7-19      -   4995   3012   2531    330  10142    145       -
16HR 6-22      -  11757   3079   2655    496  10315    189       -
18HR 6-24      -  11760   3087   2681    498  10320    193       -
24HR 0-24      -  11776   3101   2979    523  12330    201       -

 
 
 




























*LOCATION   : ............................................................
*SITE NUMBER: 12101415
*FILE NUMBER:        5
*INTERVAL   :   15 MIN
*BATTERY    :    6.5 V
*RESTARTS   :        0
*CONFIG     :       12
*CHANNEL    :  1 OF  2
 
             WED    THU    FRI    SAT    SUN    MON    TUE    7-DAY
DATE    08/04/09     10     11     12     13     14     15   AVERAGE
 
START HOUR
 
    0          3      1      1      3      1      1      3       2
    1          2      4      1      4      0      1      0       2
    2          0      0      2      1      1      0      1       1
    3          0      3      1      2      0      0      3       1
    4          1      0      1      3      0      0      3       1
    5          5      7      9      1      2      3      7       5
    6         23     20    322      3      2     23     29      60
    7         24    102    278    191      1     17     37      93
    8          5     11     24    289      4     13     20      52
    9          7    679     96     24      4     15     12     120
   10          8   1875    527     29      2     13     23     354
   11         11    381     24     44      9     11     22      72
   12         13     22     17     45     10     14     29      21
   13         18     25     36     49     18     11     24      26
   14         18     19     33     35      8     23     30      24
   15         14     27     27     35      7     27     29      24
   16         23     46     40     40      6     34     35      32
   17         17     41     21     35      6     28     48      28
   18         11     45     17     18      3     27     36      22
   19         18     28     18     10      4     16     26      17
   20          5     13     13     14      2     21     21      13
   21          2      6      9      7      0     11     12       7
   22          3      4      7      1      0      3      4       3
   23          1      1      3      0      1      1      4       2
 
TOTALS
 
12HR 7-19    169   3273   1140    834     78    233    345     867
16HR 6-22    217   3340   1502    868     86    304    433     964
18HR 6-24    221   3345   1512    869     87    308    441     969
24HR 0-24    232   3360   1527    883     91    313    458     981

 
 
 
 











*LOCATION   : ............................................................
*SITE NUMBER: 12101415
*FILE NUMBER:        5
*INTERVAL   :   15 MIN
*BATTERY    :    6.5 V
*RESTARTS   :        0
*CONFIG     :       12
*CHANNEL    :  1 OF  2
 
             WED    THU    FRI    SAT    SUN    MON    TUE    7-DAY
DATE    08/04/16     17     18     19     20     21     22   AVERAGE
 
START HOUR
 
    0          4      3      4      4      2      1      2       3
    1          3      5      4      2      1      0      1       2
    2          0      1      1      5      1      0      0       1
    3          0      3      0      1      3      0      0       1
    4          2      1      0      2      0      1      1       1
    5          8     11   3362      3      4     12     12     487
    6         24     24   7379      4      7     38     40    1074
    7         24     31   2215      2      7     46     49     339
    8         13     21    156     12      9     27     27      38
    9         19     15   5810     31     34     18     23     850
   10         17     19   7076   4080     47     20     29    1613
   11         10   3869   5477     28     45     28     29    1355
   12         15   6124   5592     45     39     26     37    1697
   13         15   5433   8561     49     56     12     41    2024
   14         15   7752   6651     35     53     38     35    2083
   15       4202     29   5612     19     66     41     39    1430
   16       4861     33   5545     17     45     66     52    1517
   17       5385     41   5674     22     39     43     54    1608
   18         57     37   3125     22     33     27     51     479
   19        192     30   1924     16     27     29     36     322
   20         22     20   4659     14     10     27     27     683
   21          5      9      4     14     12     15     10      10
   22          7     14      7      4      3      3      9       7
   23          6     13      2      8      4      3      0       5
 
TOTALS
 
12HR 7-19  14633  23404  61494   4362    473    392    466   15032
16HR 6-22  14876  23487  75460   4410    529    501    579   17120
18HR 6-24  14889  23514  75469   4422    536    507    588   17132
24HR 0-24  14906  23538  78840   4439    547    521    604   17628

 
 
 
 














*LOCATION   : ............................................................
*SITE NUMBER: 12101415
*FILE NUMBER:        5
*INTERVAL   :   15 MIN
*BATTERY    :    6.5 V
*RESTARTS   :        0
*CONFIG     :       12
*CHANNEL    :  1 OF  2
 
             WED    THU    FRI    SAT    SUN    MON    TUE    7-DAY
DATE    08/04/23     24     25     26     27     28     29   AVERAGE
 
START HOUR
 
    0          0      0      1      6      3      0      5       2
    1          1      0      3      1      1      1      8       2
    2          0      1      0      5      2      0      3       2
    3          0      3      1      3      1      0      0       1
    4          4      3      0      3      2      3      4       3
    5         16      9     11      6      2     13      9       9
    6        133     35     40     38      9     45     48      50
    7         82     51     51    465      5     59     53     109
    8         33     41     29     15     10     42     49      31
    9         23     26     28     22     16     29   6364     930
   10         26     14     31     31     47   5397   1068     945
   11         23     26     24     41     62   6794     20     999
   12         27     24     50     61     92   6063     31     907
   13         27     30     48     79    109   7253     27    1082
   14         25     33     52     71     86   7763     42    1153
   15         38     33     61     80     54   8232     78    1225
   16         54     30     62     65     37    710     83     149
   17         43     30     55     25     60    110     82      58
   18         54     21     33     42     39     62     57      44
   19         58     23     32     23     36     41     55      38
   20         28     21     17     13     18     26     44      24
   21         11     16     14      3      8      7     16      11
   22          6      6      8      8      6     10      7       7
   23          0      1      4      3      5      4      3       3
 
TOTALS
 
12HR 7-19    455    359    524    997    617  42514   7954    7631
16HR 6-22    685    454    627   1074    688  42633   8117    7754
18HR 6-24    691    461    639   1085    699  42647   8127    7764
24HR 0-24    712    477    655   1109    710  42664   8156    7783

 
 
 














 
*LOCATION   : ............................................................
*SITE NUMBER: 12101415
*FILE NUMBER:        5
*INTERVAL   :   15 MIN
*BATTERY    :    6.5 V
*RESTARTS   :        0
*CONFIG     :       12
*CHANNEL    :  1 OF  2
 
             WED    THU    FRI    SAT    SUN    MON    TUE    7-DAY
DATE    08/04/30     01     02     03     04     05     06   AVERAGE
 
START HOUR
 
    0          1      1   6401      3      1      1      0     915
    1          3      7    185     11      2      0      3      30
    2          0      2      3     10      5      1      1       3
    3          1      4      3      2      6      1      0       2
    4          1      1      2      0      0      1      4       1
    5         14      2     10      3      1     20     13       9
    6         45      7     33     13      3     56     50      30
    7         47      4     36      5     11     81     91      39
    8         33     19     34     17   3588     53     36     540
    9       2014     17     34     34   9104     27     19    1607
   10       6977     25     31     46   6230     13      -       -
   11       8200   6121    521   8397   6558     24      -       -
   12       7100   1596     49   7351   7418     23      -       -
   13       4366   3269     46    438   5314     24      -       -
   14      11438   3340     59   1118   7271     29      -       -
   15       8835   7097     62   7324   3680     43      -       -
   16      11077   7683     69  11484   6803     61      -       -
   17      10104   6637     43  11957   8175     51      -       -
   18       9557  10000     50   6335   5209     30      -       -
   19       4662   4683     28   4283   4792     23      -       -
   20       4404   8308   3586   4129   3163     18      -       -
   21         11   9949     48     29     11      9      -       -
   22         11  14046     10      6      4      8      -       -
   23          8  10012      5      3      1      4      -       -
 
TOTALS
 
12HR 7-19  79748  45808   1034  54506  69361    459      -       -
16HR 6-22  88870  68755   4729  62960  77330    565      -       -
18HR 6-24  88889  92813   4744  62969  77335    577      -       -
24HR 0-24  88909  92830  11348  62998  77350    601      -       -

 
 
 














 
*LOCATION   : ............................................................
*SITE NUMBER: 12101415
*FILE NUMBER:        5
*INTERVAL   :   15 MIN
*BATTERY    :    6.5 V
*RESTARTS   :        0
*CONFIG     :       12
*CHANNEL    :  2 OF  2
 
             WED    THU    FRI    SAT    SUN    MON    TUE    7-DAY
DATE    08/04/02     03     04     05     06     07     08   AVERAGE
 
START HOUR
 
    0          -      1      5      1      3      2      3       -
    1          -      2      2      3      2      1      8       -
    2          -      1      3      2      4      1      4       -
    3          -      0      1      1      3      2      2       -
    4          -      2      2      2      0      1      0       -
    5          -     12      7      0      2      4      9       -
    6          -     17     13      7      2     15     14       -
    7          -     24     17      9      9     19     21       -
    8          -     21     25      6      5     14     12       -
    9          -     24     26     23     11     12     10       -
   10          -     15     26     19     26      8     16       -
   11          -     21     21     18     21      8      9       -
   12          -     19     45     13     23     17      6       -
   13          -     27     33     15     15     19     10       -
   14          -     38     24     14     19     20     12       -
   15         82     29     32     22     21     36     14      34
   16         34     40     26     14     23     35     15      27
   17         94     29     29      9     28     23      9      32
   18         20     45     18     19     14     30     10      22
   19         23     17     15      7     22      9     11      15
   20         28     14     14      6      8     17     11      14
   21         13     11      5      6      6      5      2       7
   22          6      7      3      0      6      8     11       6
   23          3      5      3      5      0      9     15       6
 
TOTALS
 
12HR 7-19      -    332    322    181    215    241    144       -
16HR 6-22      -    391    369    207    253    287    182       -
18HR 6-24      -    403    375    212    259    304    208       -
24HR 0-24      -    421    395    221    273    315    234       -

 













 
 
 
*LOCATION   : ............................................................
*SITE NUMBER: 12101415
*FILE NUMBER:        5
*INTERVAL   :   15 MIN
*BATTERY    :    6.5 V
*RESTARTS   :        0
*CONFIG     :       12
*CHANNEL    :  2 OF  2
 
             WED    THU    FRI    SAT    SUN    MON    TUE    7-DAY
DATE    08/04/09     10     11     12     13     14     15   AVERAGE
 
START HOUR
 
    0         14      2      4      1      1      1      3       4
    1          9      1      4      3      1      0      1       3
    2          1      0      3      0      1      1      3       1
    3          1      2      3      0      0      0      2       1
    4          1      3      8      1      3      0      1       2
    5          2     12     13      7      4      5      5       7
    6          9     19     16     11      8     11     16      13
    7         12     32     22      3      1      6     17      13
    8          5     16     35      8      0     10     38      16
    9         23     16     24     27      3      9      9      16
   10         13     14     18     13      8     10     30      15
   11         14     18     31     26      7     11   5050     737
   12         10     27     16     28     13     23  10269    1484
   13         12     20     12     23     14   3882   8250    1745
   14         12     17     14     18     11     25   6299     914
   15          9     31     20     16      8     28   6411     932
   16         16     31     15     16      6     43   3832     566
   17         29     44     22    320      6     22   4802     749
   18         10     25     12     16      8     45    189      44
   19         11     24      9      7      2     29     50      19
   20         10     11      8     16      3     21     39      15
   21          5      6      7      8      5     12     18       9
   22          5     15      4      3      2      9      2       6
   23          1      4      3      3      1      8     11       4
 
TOTALS
 
12HR 7-19    165    291    241    514     85   4114  45196    7229
16HR 6-22    200    351    281    556    103   4187  45319    7285
18HR 6-24    206    370    288    562    106   4204  45332    7295
24HR 0-24    234    390    323    574    116   4211  45347    7314

 
 
















 
 
*LOCATION   : ............................................................
*SITE NUMBER: 12101415
*FILE NUMBER:        5
*INTERVAL   :   15 MIN
*BATTERY    :    6.5 V
*RESTARTS   :        0
*CONFIG     :       12
*CHANNEL    :  2 OF  2
 
             WED    THU    FRI    SAT    SUN    MON    TUE    7-DAY
DATE    08/04/16     17     18     19     20     21     22   AVERAGE
 
START HOUR
 
    0         19   5655   6311   5299      9      4      3    2471
    1          7   4616   7407      7      7      2      0    1721
    2          6   4590   5301     11      1      0      0    1416
    3          8   3921   3612      4      0      0      0    1078
    4          4   2944   7807      2      3      1      3    1538
    5         21   7427   8757      4      4      6      8    2318
    6         30  10057   7861      4      9     16     15    2570
    7         23   7300   3505      4      4     24     34    1556
    8         17   8442   9408     19     12     26     26    2564
    9          7   7237   9955    635     25     20     24    2558
   10         11   8247   6272   7984     52   8871     19    4494
   11         19   9978   6338   3116    170   6007     79    3672
   12         99   4295   5568  10095   6391   4481   6160    5298
   13         15   6761   8778   6885   7363   1234   7182    5460
   14       6329   4624   9692   7063   5218     51  13121    6585
   15       3054   4264  11236   4701   9225     54   5466    5429
   16       5166    705   8136   3625   1432     73   4455    3370
   17       2366     84   8677   5555    109     38   5534    3195
   18       4678     51   2063     32     62     34   3014    1419
   19       4541     49   1965     14     42     56    169     977
   20       2757     24   4272      5      9     70     24    1023
   21       5199     19   5198     16     13     12     19    1497
   22       8345      7   3886      9      8      3      7    1752
   23       8638    585   7489     20     10      7      5    2393
 
TOTALS
 
12HR 7-19  21784  61988  89628  49714  30063  20913  45114   45601
16HR 6-22  34311  72137 108924  49753  30136  21067  45341   51667
18HR 6-24  51294  72729 120299  49782  30154  21077  45353   55813
24HR 0-24  51359 101882 159494  55109  30178  21090  45367   66354

 
 
 
 
















*LOCATION   : ............................................................
*SITE NUMBER: 12101415
*FILE NUMBER:        5
*INTERVAL   :   15 MIN
*BATTERY    :    6.5 V
*RESTARTS   :        0
*CONFIG     :       12
*CHANNEL    :  2 OF  2
 
             WED    THU    FRI    SAT    SUN    MON    TUE    7-DAY
DATE    08/04/23     24     25     26     27     28     29   AVERAGE
 
START HOUR
 
    0          2      4      1      3      8      2     11       4
    1          0      0      7      1      2      1      6       2
    2          2      3      1      2      1      2      1       2
    3          2      0      4      6      1      1      0       2
    4          4     14      2      2      1      0      4       4
    5         11      9      8      2      3     10     17       9
    6         21     21     26      9      9     16     21      18
    7         32     41     34     17      6     40     39      30
    8         25     31     19   3674      9     23   2922     958
    9         27     36     16   3455   5427   7519   8644    3589
   10         20   1660     27     37    298   8248   6553    2406
   11         36   8948     25     51     73   7452   6746    3333
   12         48   7604     66     91    136   8646   2580    2739
   13       1792   6252     76     72    147   4900  10229    3353
   14       3905   7975     62     64    115   6822   8610    3936
   15       7008   4614     91     50     90   3500    212    2224
   16       8309   8399     85     65     74   3621    103    2951
   17       9927   4820     57     48     72   2572     55    2507
   18       5753   6442     27     28     47   2609     48    2136
   19       1717   5359     18     26     24   3342     51    1505
   20         67   1019     20     16     16   1970     95     458
   21         19     10     12      8     16   2167     21     322
   22         31      4      9     10      2   4653      4     673
   23          3      2      8      6      0    355      1      54
 
TOTALS
 
12HR 7-19  36882  56822    585   7652   6494  55952  46741   30161
16HR 6-22  38706  63231    661   7711   6559  63447  46929   32463
18HR 6-24  38740  63237    678   7727   6561  68455  46934   33190
24HR 0-24  38761  63267    701   7743   6577  68471  46973   33213

 
 
 















 
*LOCATION   : ............................................................
*SITE NUMBER: 12101415
*FILE NUMBER:        5
*INTERVAL   :   15 MIN
*BATTERY    :    6.5 V
*RESTARTS   :        0
*CONFIG     :       12
*CHANNEL    :  2 OF  2
 
             WED    THU    FRI    SAT    SUN    MON    TUE    7-DAY
DATE    08/04/30     01     02     03     04     05     06   AVERAGE
 
START HOUR
 
    0          2      9   3448    898      4      0      1     623
    1          4      5   2539   3969      5      2      1     932
    2          2      4   2452     11      2      1      0     353
    3         25      4   2287      4      1      0      1     332
    4          0      2    432      1      2      2      2      63
    5          8      0    371      5      1     10     15      59
    6         16      6     22      8      7     31     27      17
    7         32      6     14      8   1666     36     52     259
    8         35      5     25     14   7226     34     28    1052
    9       4235     13     34     20   8473     16     16    1830
   10       7431    860   9507   3322   8658     13      -       -
   11      12103   8229   5746   9909  11284     21      -       -
   12       8119   5298    677   7695   7051     31      -       -
   13       4780   7448     26    462  10033   5075      -       -
   14       6790   4338     39   1204   7886   8135      -       -
   15       5614   3802     64   5691   6586   9183      -       -
   16       9254   5054     51   4183   9015   5426      -       -
   17       7058   7233     37   9034   8574   3141      -       -
   18      10936   4744     43   4856   5518     17      -       -
   19       8579   2988   1978   6466   4413     19      -       -
   20       4437   5005   5736   5514   4640     14      -       -
   21       1345   6124   2674   2508     19     14      -       -
   22         84  14038    446      9      8      6   
