 
 
 
*LOCATION   : ............................................................
*SITE NUMBER: 10304525
*FILE NUMBER:        5
*INTERVAL   :   15 MIN
*BATTERY    :    6.8 V
*RESTARTS   :        0
*CONFIG     :        0
*CHANNEL    :  1 OF  1
 
             TUE    WED    THU    FRI    SAT    SUN    MON    7-DAY
DATE    08/11/04     05     06     07     08     09     10   AVERAGE
 
START HOUR
 
    0          -      6      2      2      5      2      0       -
    1          -      1      2      2      1      1      3       -
    2          -      0      0      1      2      2      1       -
    3          -      1      0      1      2      1      0       -
    4          -      2      1      2      0      0      3       -
    5          -     13     12     15      1      0     12       -
    6          -     36     35     32      3      1     36       -
    7          -     93     69     56      1      4     83       -
    8          -     79     76     71     15      4     78       -
    9          -     44     29     32     16      7     43       -
   10          -     20     18     12     25     15     11       -
   11          -     39     22     22     17     13     15       -
   12          -     24     24     16     17     21     20       -
   13          -     25     32     25     16     18     21       -
   14         37     33     29     43     13     14     28      28
   15         57     57     51     60     16     11     58      44
   16         90    105     81     74     14      8     77      64
   17         71     59     48     45      9      7     40      40
   18         41     43     32     20      7      6     31      26
   19         28     20     23     14     10      8     12      16
   20         28     22     18      9      5      4     15      14
   21         22     22     17     12      3      2     12      13
   22          9      8      5      6     10      6      5       7
   23          2      1      3      2      4      1      1       2
 
TOTALS
 
12HR 7-19      -    621    511    476    166    128    505       -
16HR 6-22      -    721    604    543    187    143    580       -
18HR 6-24      -    730    612    551    201    150    586       -
24HR 0-24      -    753    629    574    212    156    605       -
 
 
 
 
*LOCATION   : ............................................................
*SITE NUMBER: 10304525
*FILE NUMBER:        5
*INTERVAL   :   15 MIN
*BATTERY    :    6.8 V
*RESTARTS   :        0
*CONFIG     :        0
*CHANNEL    :  1 OF  1
 
             TUE    WED    THU    FRI    SAT    SUN    MON    7-DAY
DATE    08/11/11     12     13     14     15     16     17   AVERAGE
 
START HOUR
 
    0          0      1      1      3      3      2      2       2
    1          0      1      2      4      3      2      0       2
    2          0      1      0      0      0      1      0       0
    3          0      1      0      0      3      4      1       1
    4          2      0      3      0      2      2      2       2
    5         10      8     11     10      2      2     10       8
    6         20     31     32     24      3      0     24      19
    7         34     52     61     63      2      3     59      39
    8         34     79     70     60      8      3     61      45
    9         19     37     21     25     14     10     27      22
   10          6     16     10     22     10     14     11      13
   11          9     11     15     36     15     17     15      17
   12          4     11     15     15     21     29     19      16
   13          3     30     17     26     19     21     28      21
   14         15     35     21     29     11     19     33      23
   15         26     47     43     50     10     10     48      33
   16         46     76     60     65      7     14     56      46
   17         19     50     41     33     10      8     36      28
   18         19     18     24      9      9      6     22      15
   19          5     20     20     18      7      7     19      14
   20          9     24     12      8      5      6     21      12
   21          9     13     16      8      8      3     16      10
   22          5      4      2      6      6      5      5       5
   23          2      2      0      5      3      0      1       2
 
TOTALS
 
12HR 7-19    234    462    398    433    136    154    415     319
16HR 6-22    277    550    478    491    159    170    495     374
18HR 6-24    284    556    480    502    168    175    501     381
24HR 0-24    296    568    497    519    181    188    516     395
 
 
 
 
*LOCATION   : ............................................................
*SITE NUMBER: 10304525
*FILE NUMBER:        5
*INTERVAL   :   15 MIN
*BATTERY    :    6.8 V
*RESTARTS   :        0
*CONFIG     :        0
*CHANNEL    :  1 OF  1
 
             TUE    WED    THU    FRI    SAT    SUN    MON    7-DAY
DATE    08/11/18     19     20     21     22     23     24   AVERAGE
 
START HOUR
 
    0          3      2      2      1      1      0      3       2
    1          0      0      0      1      1      4      0       1
    2          2      0      0      1      3      1      2       1
    3          1      0      0      0      0      1      0       0
    4          1      1      1      2      0      1      0       1
    5          9      5     11      4      3      1      4       5
    6         29     24     21     12      4      1      4      14
    7         50     38     39     39      1      2      9      25
    8         46     48     47     35      8      5      2      27
    9         25     21     16     15     10      1      6      13
   10        214     17      9      8     10      2      1      37
   11          7     19      9     13     33      5      3      13
   12         14     24     16     13     17      3      2      13
   13          8     25     10     13     10      5      3      11
   14         21     17     17     15      5      2      3      11
   15         36     37     36     28     16      4      6      23
   16         49     46     42     30      6      0      9      26
   17         37     34     26     16      8      1      4      18
   18         21     18     26     19      6      0      4      13
   19         22     23     10     12      4      0      0      10
   20         19     19     10      6      7      0      9      10
   21          6     10     10      8      7      0      3       6
   22          3      2      4      3      1      0      2       2
   23          3      3      3      2      2      0      0       2
 
TOTALS
 
12HR 7-19    528    344    293    244    130     30     52     232
16HR 6-22    604    420    344    282    152     31     68     272
18HR 6-24    610    425    351    287    155     31     70     276
24HR 0-24    626    433    365    296    163     39     79     286
 
 
 
 
*LOCATION   : ............................................................
*SITE NUMBER: 10304525
*FILE NUMBER:        5
*INTERVAL   :   15 MIN
*BATTERY    :    6.8 V
*RESTARTS   :        0
*CONFIG     :        0
*CHANNEL    :  1 OF  1
 
             TUE    WED    THU    FRI    SAT    SUN    MON    7-DAY
DATE    08/11/25     26     27     28     29     30     01   AVERAGE
 
START HOUR
 
    0          0      2      0      0      4      2      1       1
    1          0      0      0      0      5      1      1       1
    2          2      0      3      1      2      1      0       1
    3          0      0      0      0      3      0      0       0
    4          0      1      0      0      0      0      3       1
    5          5      6      8      4      1      2      9       5
    6          6      8      7      7      2      0     18       7
    7         11     18     19     14      2      2     34      14
    8         15     16      8     16      6      2     33      14
    9         11      5      8      6      7      5     12       8
   10          3      2      2      2      5      3      7       3
   11          2      3      4      4     15      2      -       -
   12          5      6      5      6     14      8      -       -
   13          1      4      2      7     17      6      -       -
   14          6      6      8     12     10      9      -       -
   15         13      8     20     17      9     19      -       -
   16         13     19     11     19      8      5      -       -
   17          9      8      8     12      4      3      -       -
   18          2     10      6      4      5      3      -       -
   19          3      8      5      5      6      5      -       -
   20          4      3      4      4      3      2      -       -
   21          3      5      6      5      2      3      -       -
   22          2      2      2      1      0      2      -       -
   23          1      0      0      1      2      3      -       -
 
TOTALS
 
12HR 7-19     91    105    101    119    102     67      -       -
16HR 6-22    107    129    123    140    115     77      -       -
18HR 6-24    110    131    125    142    117     82      -       -
24HR 0-24    117    140    136    147    132     88      -       -
 
