 
 
 
*LOCATION   : ............................................................
*SITE NUMBER: 11704309
*FILE NUMBER:        2
*INTERVAL   :   15 MIN
*BATTERY    :    6.2 V
*RESTARTS   :        0
*CONFIG     :       12
*CHANNEL    :  1 OF  2
 
             MON    TUE    WED    THU    FRI    SAT    SUN    7-DAY
DATE    08/10/20     21     22     23     24     25     26   AVERAGE
 
START HOUR
 
    0          -     10     14     11     17     28     17       -
    1          -      7      9     11     10     14     16       -
    2          -      1      4      0      5     13     16       -
    3          -      0      5      1      2     10     11       -
    4          -      7      5      5      3      4      7       -
    5          -     18     20     14     17     12      2       -
    6          -     85     79     71     69     23      7       -
    7          -    177    198    176    174     27      8       -
    8          -    337    338    346    274     44     20       -
    9          -    233    221    230    182     92     20       -
   10          -    146    158    145    122    115     25       -
   11          -    142    140    163    155    164     31       -
   12        152    167    135    149    191    167     47     144
   13        174    156    142    145    166    153     46     140
   14        183    175    152    153    177    170     52     152
   15        173    194    189    222    210    151     52     170
   16        307    254    241    249    227    140     57     211
   17        262    199    245    237    187    125     45     186
   18        187    148    157    182    150     95     39     137
   19        134    116    132    130    100     61     43     102
   20         78     77     82     95     72     36     42      69
   21         62     55     78     65     53     33     36      55
   22         36     33     42     38     43     30     24      35
   23         23     20     26     27     28     30     19      25
 
TOTALS
 
12HR 7-19      -   2328   2316   2397   2215   1443    442       -
16HR 6-22      -   2661   2687   2758   2509   1596    570       -
18HR 6-24      -   2714   2755   2823   2580   1656    613       -
24HR 0-24      -   2757   2812   2865   2634   1737    682       -
 
 
 
 
*LOCATION   : ............................................................
*SITE NUMBER: 11704309
*FILE NUMBER:        2
*INTERVAL   :   15 MIN
*BATTERY    :    6.2 V
*RESTARTS   :        0
*CONFIG     :       12
*CHANNEL    :  1 OF  2
 
             MON    TUE    WED    THU    FRI    SAT    SUN    7-DAY
DATE    08/10/27     28     29     30     31     01     02   AVERAGE
 
START HOUR
 
    0         16     21     21     23     23     26     22      22
    1          8     11     10     14     13     19     20      14
    2          2      8      7     10      6     11     16       9
    3          2      4      0      3      2      5      7       3
    4          2      4      2      4      1      9     12       5
    5          5      2      4      6      6     11      4       5
    6         16     21     17     15     17      3      6      14
    7         57     72     75     76     67     11      7      52
    8        198    206    214    204    122     17     15     139
    9        328    328    318    324    185     26     21     219
   10        223    228    232    213    155     57     42     164
   11        157    105    141    160    132     57     66     117
   12        158    124    167    145    134    100     91     131
   13        156    108    156    156    168    114    108     138
   14        156    113    149    151    163    124    147     143
   15        164    117    159    168    183     96    131     145
   16        183    172    212    161    181     89    118     159
   17        243    221    273    233    215     84    106     196
   18        199    187    197    145    145     59     73     144
   19        161    114    158    117    102     58     71     112
   20        101     99    107    100     74     57     62      86
   21         75     79     98     55     53     37     40      62
   22         71     62     49     49     48     25     31      48
   23         35     26     39     28     43     38     25      33
 
TOTALS
 
12HR 7-19   2222   1981   2293   2136   1850    834    925    1749
16HR 6-22   2575   2294   2673   2423   2096    989   1104    2022
18HR 6-24   2681   2382   2761   2500   2187   1052   1160    2103
24HR 0-24   2716   2432   2805   2560   2238   1133   1241    2161
 
 
 
 
*LOCATION   : ............................................................
*SITE NUMBER: 11704309
*FILE NUMBER:        2
*INTERVAL   :   15 MIN
*BATTERY    :    6.2 V
*RESTARTS   :        0
*CONFIG     :       12
*CHANNEL    :  1 OF  2
 
             MON    TUE    WED    THU    FRI    SAT    SUN    7-DAY
DATE    08/11/03     04     05     06     07     08     09   AVERAGE
 
START HOUR
 
    0         22     22     25     20     22     24     22      22
    1          8      9     10     17     16     22     22      15
    2          2      7     10      9      9     17     13      10
    3          1      1      1      2      4      8      5       3
    4          2      3      4      2      4     12     14       6
    5          2      2      3      2      2      4      9       3
    6         20     22     15     13     14     12      6      15
    7         74     72     77     69     64     16      5      54
    8        175    188    180    162    158     22     16     129
    9        338    277    260    300    289     42     27     219
   10        202    232    170    193    212     92     39     163
   11        132    124    110    109    126    104     55     109
   12        151    134    142    142    151    108     73     129
   13        152    148    142    135    149    116     90     133
   14        133    141    144    106    152    118     93     127
   15        161    160    160    155    160    124     92     145
   16        199    185    181    184    176    101     89     159
   17        229    233    236    196    214     82     74     181
   18        195    203    195    198    170     78     67     158
   19        149    143    145    133    113     61     62     115
   20        108    119     90     90     74     45     59      84
   21         70     73     70     75     50     39     43      60
   22         49     72     62     46     42     29     34      48
   23         37     31     35     46     34     33     29      35
 
TOTALS
 
12HR 7-19   2141   2097   1997   1949   2021   1003    720    1704
16HR 6-22   2488   2454   2317   2260   2272   1160    890    1977
18HR 6-24   2574   2557   2414   2352   2348   1222    953    2060
24HR 0-24   2611   2601   2467   2404   2405   1309   1038    2119
 
 
 
 
*LOCATION   : ............................................................
*SITE NUMBER: 11704309
*FILE NUMBER:        2
*INTERVAL   :   15 MIN
*BATTERY    :    6.2 V
*RESTARTS   :        0
*CONFIG     :       12
*CHANNEL    :  1 OF  2
 
             MON    TUE    WED    THU    FRI    SAT    SUN    7-DAY
DATE    08/11/10     11     12     13     14     15     16   AVERAGE
 
START HOUR
 
    0         13     24     17     23     24     25     24      21
    1         10     12     11     21     15     22     27      17
    2          4      6      4     10      9     12     15       9
    3          2      3      5      2      4      9     12       5
    4          1      7      3      4      3     13      9       6
    5          1     10      0      4      7      5      3       4
    6         19     11     22     14     12      6      5      13
    7         68     60     67     65     75     16      8      51
    8        172    147    152    158    148     32     15     118
    9        334    238    245    296    250     44     17     203
   10        227    179    181    196    185     77     42     155
   11        150    112    126    109    132    100     51     111
   12        136    106    155    132    112    110     95     121
   13        138    116    158    173    143    132    106     138
   14        148    104    143    151    133    126    108     130
   15        174    108    156    165    160    101    108     139
   16        171    105    197    170    166     89     79     140
   17        201    153    207    194    196     61     59     153
   18        176    142    186    162    151     52     53     132
   19        145     92    148    133     99     54     52     103
   20         93     66     92     94     69     45     52      73
   21         62     54     86     65     46     46     40      57
   22         56     37     58     49     34     31     24      41
   23         31     33     36     40     26     18     22      29
 
TOTALS
 
12HR 7-19   2095   1570   1973   1971   1851    940    741    1592
16HR 6-22   2414   1793   2321   2277   2077   1091    890    1838
18HR 6-24   2501   1863   2415   2366   2137   1140    936    1908
24HR 0-24   2532   1925   2455   2430   2199   1226   1026    1970
 
 
 
 
*LOCATION   : ............................................................
*SITE NUMBER: 11704309
*FILE NUMBER:        2
*INTERVAL   :   15 MIN
*BATTERY    :    6.2 V
*RESTARTS   :        0
*CONFIG     :       12
*CHANNEL    :  1 OF  2
 
             MON    TUE    WED    THU    FRI    SAT    SUN    7-DAY
DATE    08/11/17     18     19     20     21     22     23   AVERAGE
 
START HOUR
 
    0         15     15     19     26     23     21     22      20
    1          7     13      9     14     13     16     19      13
    2          7      5      8      9      7     22     15      10
    3          0      1      1      1      2      7      4       2
    4          2      2      1      4      4      9      7       4
    5          2      3      2      3      4      8      4       4
    6         14     15     12     16     13      6      6      12
    7         60     63     61     61     52     20      8      46
    8        127    131    148    130    109     26     18      98
    9        241    235    269    225    208     30     17     175
   10        172    181    179    164    164     59     22     134
   11        119    122    139    117    125     61     27     101
   12        117    145    110    125    125     95     29     107
   13        120    169    117    132    164    107     70     126
   14        129    126    129    132    136    106     66     118
   15        122    122    130    134    145    101     58     116
   16        178    163    159    127    151     89     55     132
   17        184    153    178    150    142     72     29     130
   18        163    129    141    137    127     60     18     111
   19        111    116    123    110     82     52     26      89
   20         78     90     99     67     73     38     19      66
   21         64     74     64     58     49     39      6      51
   22         39     52     47     47     41     24     11      37
   23         26     27     24     30     30     26      9      25
 
TOTALS
 
12HR 7-19   1732   1739   1760   1634   1648    826    417    1394
16HR 6-22   1999   2034   2058   1885   1865    961    474    1611
18HR 6-24   2064   2113   2129   1962   1936   1011    494    1673
24HR 0-24   2097   2152   2169   2019   1989   1094    565    1726
 
 
 
 
*LOCATION   : ............................................................
*SITE NUMBER: 11704309
*FILE NUMBER:        2
*INTERVAL   :   15 MIN
*BATTERY    :    6.2 V
*RESTARTS   :        0
*CONFIG     :       12
*CHANNEL    :  1 OF  2
 
             MON    TUE    WED    THU    FRI    SAT    SUN    7-DAY
DATE    08/11/24     25     26     27     28     29     30   AVERAGE
 
START HOUR
 
    0          3     13     19     25     27      -      -       -
    1          2     12     18     26     10      -      -       -
    2          1      6     17     17      -      -      -       -
    3          1      1      5      9      -      -      -       -
    4          6      1      1     12      -      -      -       -
    5          0      2      6     12      -      -      -       -
    6          8      7     12     22      -      -      -       -
    7         36     40     43     49      -      -      -       -
    8         51     90     95     85      -      -      -       -
    9         71    171    156    201      -      -      -       -
   10         51    116    127    144      -      -      -       -
   11         46     75     82     96      -      -      -       -
   12         37     80     92    117      -      -      -       -
   13         38     82    103    101      -      -      -       -
   14         32     86    100    114      -      -      -       -
   15         45     89     93    105      -      -      -       -
   16         59     94    106    132      -      -      -       -
   17         55    102     95    114      -      -      -       -
   18         47     89     98    113      -      -      -       -
   19         40     67     71     84      -      -      -       -
   20         52     64     54     71      -      -      -       -
   21         23     34     46     52      -      -      -       -
   22         20     31     40     36      -      -      -       -
   23         16     31     30     24      -      -      -       -
 
TOTALS
 
12HR 7-19    568   1114   1190   1371      -      -      -       -
16HR 6-22    691   1286   1373   1600      -      -      -       -
18HR 6-24    727   1348   1443   1660      -      -      -       -
24HR 0-24    740   1383   1509   1761      -      -      -       -
 
 
 
 
*LOCATION   : ............................................................
*SITE NUMBER: 11704309
*FILE NUMBER:        2
*INTERVAL   :   15 MIN
*BATTERY    :    6.2 V
*RESTARTS   :        0
*CONFIG     :       12
*CHANNEL    :  2 OF  2
 
             MON    TUE    WED    THU    FRI    SAT    SUN    7-DAY
DATE    08/10/20     21     22     23     24     25     26   AVERAGE
 
START HOUR
 
    0          -      5      1      5      3      1      3       -
    1          -      1      1      1      1      1      3       -
    2          -      2      0      0      0      2      3       -
    3          -      0      1      1      1      1      2       -
    4          -      0      1      1      0      1      2       -
    5          -      4      4      6      6      1      2       -
    6          -     24     25     29     25      2      0       -
    7          -     74     71     89     74      2      3       -
    8          -    118    100    111    102      8      2       -
    9          -     60     58     71     37     14      1       -
   10          -     27     34     31     10     23      0       -
   11          -     22     24     22     21     38      2       -
   12         34     19     15     26     11     32      3      20
   13         46     12     30     27     11     31      3      23
   14         35     30     34     37     31     36     11      31
   15         69     52     65     45     49     32      9      46
   16        107     76    101    107     86     30      6      73
   17        120     87     98     93     68     26      2      71
   18         70     55     71     66     39     12      6      46
   19         48     31     45     51     13     10      8      29
   20         33     20     43     26     21      8      4      22
   21         31     20     32     23     10     13      3      19
   22         12     12     15      7     10      3      4       9
   23          2      4      3      4      3      5      2       3
 
TOTALS
 
12HR 7-19      -    632    701    725    539    284     48       -
16HR 6-22      -    727    846    854    608    317     63       -
18HR 6-24      -    743    864    865    621    325     69       -
24HR 0-24      -    755    872    879    632    332     84       -
 
 
 
 
*LOCATION   : ............................................................
*SITE NUMBER: 11704309
*FILE NUMBER:        2
*INTERVAL   :   15 MIN
*BATTERY    :    6.2 V
*RESTARTS   :        0
*CONFIG     :       12
*CHANNEL    :  2 OF  2
 
             MON    TUE    WED    THU    FRI    SAT    SUN    7-DAY
DATE    08/10/27     28     29     30     31     01     02   AVERAGE
 
START HOUR
 
    0          0      3      1      1      2      2      4       2
    1          0      2      2      3      1      3      6       2
    2          0      1      2      2      1      2      2       1
    3          1      1      1      1      0      3      3       1
    4          0      0      0      0      0      2      5       1
    5          1      0      1      1      0      0      2       1
    6          6      2      6      5      3      0      1       3
    7         22     27     26     25     20      4      5      18
    8         72     86     78     60     28      4      1      47
    9         89    109    102     92     38      3      2      62
   10         45     48     49     52     20      9      7      33
   11         23     15     30     24     10     14     10      18
   12         24     17     23     23     10     29     39      24
   13         24      9     27     19      8     33     48      24
   14         27     12     20     18     12     34     38      23
   15         25     22     33     30     11     31     47      28
   16         57     40     62     45     38     31     34      44
   17         88     84     89     75     58     24     30      64
   18         89     68     86     53     40     20     24      54
   19         54     49     67     36     26     24     17      39
   20         39     16     47     21     10     10     13      22
   21         22     26     30     11     14     11      9      18
   22         21     10     28     20      7      5      5      14
   23          6      9     10      7      1      3      3       6
 
TOTALS
 
12HR 7-19    585    537    625    516    293    236    285     440
16HR 6-22    706    630    775    589    346    281    325     522
18HR 6-24    733    649    813    616    354    289    333     541
24HR 0-24    735    656    820    624    358    301    355     550
 
 
 
 
*LOCATION   : ............................................................
*SITE NUMBER: 11704309
*FILE NUMBER:        2
*INTERVAL   :   15 MIN
*BATTERY    :    6.2 V
*RESTARTS   :        0
*CONFIG     :       12
*CHANNEL    :  2 OF  2
 
             MON    TUE    WED    THU    FRI    SAT    SUN    7-DAY
DATE    08/11/03     04     05     06     07     08     09   AVERAGE
 
START HOUR
 
    0          0      3      3      5      3      2      5       3
    1          3      2      5      3      3      6      4       4
    2          0      0      0      2      0      1      2       1
    3          1      0      1      0      2      1      1       1
    4          2      0      0      0      2      0      2       1
    5          1      1      0      2      2      3      1       1
    6          3      4      3      3      3      2      1       3
    7         23     21     30     17     21      4      5      17
    8         75     84     72     65     60      5      4      52
    9         88     93     95     81     80      6      2      64
   10         58     61     44     51     34     21      8      40
   11         26     29     25     22     31     21     14      24
   12         19     17     19     16     15     26     19      19
   13         30     29     27     34     23     23     16      26
   14         25     26     21     20     27     21     22      23
   15         24     29     35     30     26     17     13      25
   16         52     50     58     53     53     24     22      45
   17         95    102     85     73     71     14      8      64
   18         80     79     61     63     48     10     15      51
   19         63     46     60     54     32     10     13      40
   20         32     35     36     31     21     11      4      24
   21         31     26     29     27     16      8      4      20
   22         24     15     13     13      9      7      5      12
   23          6     10      7      8      5      3      3       6
 
TOTALS
 
12HR 7-19    595    620    572    525    489    192    148     449
16HR 6-22    724    731    700    640    561    223    170     536
18HR 6-24    754    756    720    661    575    233    178     554
24HR 0-24    761    762    729    673    587    246    193     564
 
 
 
 
*LOCATION   : ............................................................
*SITE NUMBER: 11704309
*FILE NUMBER:        2
*INTERVAL   :   15 MIN
*BATTERY    :    6.2 V
*RESTARTS   :        0
*CONFIG     :       12
*CHANNEL    :  2 OF  2
 
             MON    TUE    WED    THU    FRI    SAT    SUN    7-DAY
DATE    08/11/10     11     12     13     14     15     16   AVERAGE
 
START HOUR
 
    0          2      5      3      3      4      7      3       4
    1          3      1      0      5      2      3      3       2
    2          0      1      2      1      3      5      1       2
    3          0      0      2      1      1      4      0       1
    4          0      1      0      1      0      0      1       0
    5          1      0      1      0      1      1      2       1
    6          2      3      6      2      3      1      1       3
    7         22     19     25     20     13      4      3      15
    8         70     47     44     58     41      3      3      38
    9         96     49     69     70     62      4      3      50
   10         53     23     47     37     43     11      1      31
   11         12      5     21     11     25     10     17      14
   12         22      9     13     11     26     14     24      17
   13         18      9     17     17     13     15     36      18
   14         27      8     11     10     29     15     20      17
   15         25     13     24     26     23     12     22      21
   16         43     35     41     36     46     13     12      32
   17         71     45     74     59     62     11     14      48
   18         82     24     62     44     39      6      6      38
   19         39     24     45     40     36      9      5      28
   20         25     16     34     35     19      5     14      21
   21         23      7     20     19     13      9      4      14
   22         14      7     26     19     11      7      3      12
   23          7      5      7      6      9      0      6       6
 
TOTALS
 
12HR 7-19    541    286    448    399    422    118    161     339
16HR 6-22    630    336    553    495    493    142    185     405
18HR 6-24    651    348    586    520    513    149    194     423
24HR 0-24    657    356    594    531    524    169    204     434
 
 
 
 
*LOCATION   : ............................................................
*SITE NUMBER: 11704309
*FILE NUMBER:        2
*INTERVAL   :   15 MIN
*BATTERY    :    6.2 V
*RESTARTS   :        0
*CONFIG     :       12
*CHANNEL    :  2 OF  2
 
             MON    TUE    WED    THU    FRI    SAT    SUN    7-DAY
DATE    08/11/17     18     19     20     21     22     23   AVERAGE
 
START HOUR
 
    0          4      2      2      3      2      1      3       2
    1          0      5      0      3      1      1      1       2
    2          0      0      0      2      0      3      1       1
    3          0      2      0      0      0      2      0       1
    4          0      1      0      1      0      5      4       2
    5          0      1      1      1      0      3      0       1
    6          2      2      2      2      2      1      3       2
    7         17     16     16     15      8      2      1      11
    8         57     55     37     37     25      2      4      31
    9         69     45     56     54     38      2      0      38
   10         39     27     36     26     28      6      3      24
   11         11     12     18     11     16     11      3      12
   12         14     16     15     10     15     20      8      14
   13         20     12     13     12     13     14      8      13
   14         16      8     12     14      9     12      6      11
   15         23     16     16     25     19     18      5      17
   16         42     32     41     23     28     11      6      26
   17         55     51     47     48     31     12      1      35
   18         73     47     46     31     34     10      3      35
   19         43     31     44     29     20      8      7      26
   20         24     26     29     17     13      4      0      16
   21         24     15     18     18     14      2      0      13
   22         14      9     12      8      5      2      0       7
   23          1      6      7      2      7      3      0       4
 
TOTALS
 
12HR 7-19    436    337    353    306    264    120     48     266
16HR 6-22    529    411    446    372    313    135     58     323
18HR 6-24    544    426    465    382    325    140     58     334
24HR 0-24    548    437    468    392    328    155     67     342
 
 
 
 
*LOCATION   : ............................................................
*SITE NUMBER: 11704309
*FILE NUMBER:        2
*INTERVAL   :   15 MIN
*BATTERY    :    6.2 V
*RESTARTS   :        0
*CONFIG     :       12
*CHANNEL    :  2 OF  2
 
             MON    TUE    WED    THU    FRI    SAT    SUN    7-DAY
DATE    08/11/24     25     26     27     28     29     30   AVERAGE
 
START HOUR
 
    0          0      1      2      1      1      -      -       -
    1          0      0      1      2      1      -      -       -
    2          0      0      0      1      -      -      -       -
    3          1      1      0      0      -      -      -       -
    4          1      2      0      0      -      -      -       -
    5          0      1      0      0      -      -      -       -
    6          0      0      0      0      -      -      -       -
    7          3      6      4      4      -      -      -       -
    8          9     12     11     15      -      -      -       -
    9         14     21     16      9      -      -      -       -
   10         14     15      9      8      -      -      -       -
   11          8      3      2      7      -      -      -       -
   12          5      4      8      8      -      -      -       -
   13          2      3      6      4      -      -      -       -
   14          2      2      7      1      -      -      -       -
   15          6      4      4      6      -      -      -       -
   16          3     19      8      8      -      -      -       -
   17         14     19     19     15      -      -      -       -
   18         10     14     12     17      -      -      -       -
   19          7     11     11     13      -      -      -       -
   20          6     12      5      4      -      -      -       -
   21          1     10      4      4      -      -      -       -
   22          3      2      3      6      -      -      -       -
   23          1      2      1      3      -      -      -       -
 
TOTALS
 
12HR 7-19     90    122    106    102      -      -      -       -
16HR 6-22    104    155    126    123      -      -      -       -
18HR 6-24    108    159    130    132      -      -      -       -
24HR 0-24    110    164    133    136      -      -      -       -
 
