 
 
 
*LOCATION   : ............................................................
*SITE NUMBER: 10702406
*FILE NUMBER:        2
*INTERVAL   :   15 MIN
*BATTERY    :    6.2 V
*RESTARTS   :        0
*CONFIG     :        0
*CHANNEL    :  1 OF  1
 
             THU    FRI    SAT    SUN    MON    TUE    WED    7-DAY
DATE    09/05/28     29     30     31     01     02     03   AVERAGE
 
START HOUR
 
    0          -     12     16     19      7      6     12       -
    1          -      3     12     15      7      6      5       -
    2          -      2     15     10      3      4      4       -
    3          -      4      7     10      8      2      2       -
    4          -      1      7     11      7      3      1       -
    5          -      7      5      2     13     12      5       -
    6          -     54     18     11     75     74     52       -
    7          -    190     18     11    248    211    175       -
    8          -    263     35     34    335    336    212       -
    9          -    128     60     35    195    162    107       -
   10         83     87     63     61    107     65     57      75
   11         76    103     93     95    111     91     52      89
   12         97    102     98    137    120    103     61     103
   13        109    125    122    134    132    110     60     113
   14        125    126     92    148    120     83     82     111
   15        179    241    106    138    255    205    162     184
   16        279    283    107    139    375    302    228     245
   17        230    198     87    114    286    274    193     197
   18        162    163     75    112    204    173    113     143
   19        122    115     82    112    173    134    104     120
   20         90     81     68     87    138     93     47      86
   21         77     57     49     60    107     61     35      64
   22         29     36     36     37     41     34     18      33
   23         18     36     39     18     23     19     10      23
 
TOTALS
 
12HR 7-19      -   2009    956   1158   2488   2115   1502       -
16HR 6-22      -   2316   1173   1428   2981   2477   1740       -
18HR 6-24      -   2388   1248   1483   3045   2530   1768       -
24HR 0-24      -   2417   1310   1550   3090   2563   1797       -
 
 
 
 
*LOCATION   : ............................................................
*SITE NUMBER: 10702406
*FILE NUMBER:        2
*INTERVAL   :   15 MIN
*BATTERY    :    6.2 V
*RESTARTS   :        0
*CONFIG     :        0
*CHANNEL    :  1 OF  1
 
             THU    FRI    SAT    SUN    MON    TUE    WED    7-DAY
DATE    09/06/04     05     06     07     08     09     10   AVERAGE
 
START HOUR
 
    0          6      1     12     11     10     12      4       8
    1          1      2      5     14      1      2      4       4
    2          1      2      5      5      7      0      3       3
    3          1      0      5      6      1      0      1       2
    4          1      1      7      3      2      3      2       3
    5          6      4      8      3     13      6     11       7
    6         47     32     12      7     59     65     56      40
    7         81     94     13     19    194    156    153     101
    8        129    124     18     22    298    216    181     141
    9         59     76     30     29    166    122    136      88
   10         19     32     34     37    136     62     73      56
   11         17     22     43     70     71     50     84      51
   12         19     40     52     91     98     58     85      63
   13         29     42     82     79    100     62     75      67
   14         35     62     65     89    109     73    107      77
   15         69    100     77    104    209    133    162     122
   16        105    142     72     90    323    240    248     174
   17         73     88     57     83    293    172    183     136
   18         57     72     59     67    180     99    180     102
   19         31     46     26     58    144     86    155      78
   20         23     41     28     60    111     58    126      64
   21         13     23     27     32     53     34    101      40
   22         13     18     19     27     26     25     51      26
   23          3     13     20     19     20     17     28      17
 
TOTALS
 
12HR 7-19    692    894    602    780   2177   1443   1667    1179
16HR 6-22    806   1036    695    937   2544   1686   2105    1401
18HR 6-24    822   1067    734    983   2590   1728   2184    1444
24HR 0-24    838   1077    776   1025   2624   1751   2209    1471
 
 
 
 
*LOCATION   : ............................................................
*SITE NUMBER: 10702406
*FILE NUMBER:        2
*INTERVAL   :   15 MIN
*BATTERY    :    6.2 V
*RESTARTS   :        0
*CONFIG     :        0
*CHANNEL    :  1 OF  1
 
             THU    FRI    SAT    SUN    MON    TUE    WED    7-DAY
DATE    09/06/11     12     13     14     15     16     17   AVERAGE
 
START HOUR
 
    0          8     18     21      8      3      -      -       -
    1          9     11      9      6      1      -      -       -
    2          5      9     12      5      3      -      -       -
    3          3      1     12      8      3      -      -       -
    4          3      3      6      6      1      -      -       -
    5          9     13      5      2     12      -      -       -
    6         67     62      8      6     46      -      -       -
    7        146    174     19      8    145      -      -       -
    8        256    223     41     11    227      -      -       -
    9        146    148     41     18      -      -      -       -
   10         87     75     54     35      -      -      -       -
   11         78     75     59     47      -      -      -       -
   12         82     87     90     51      -      -      -       -
   13         92    114    116     67      -      -      -       -
   14        104    153    148     69      -      -      -       -
   15        194    186    112     67      -      -      -       -
   16        290    272    114     54      -      -      -       -
   17        242    178    124     75      -      -      -       -
   18        188    174    113     93      -      -      -       -
   19        165    111     84     76      -      -      -       -
   20        117     77     48     44      -      -      -       -
   21         78     48     22     32      -      -      -       -
   22         41     22     16     11      -      -      -       -
   23         34     48     21     12      -      -      -       -
 
TOTALS
 
12HR 7-19   1905   1859   1031    595      -      -      -       -
16HR 6-22   2332   2157   1193    753      -      -      -       -
18HR 6-24   2407   2227   1230    776      -      -      -       -
24HR 0-24   2444   2282   1295    811      -      -      -       -
 
