 
 
 
*LOCATION   : ............................................................
*SITE NUMBER: 11502428
*FILE NUMBER:        1
*INTERVAL   :   15 MIN
*BATTERY    :    6.0 V
*RESTARTS   :        0
*CONFIG     :        0
*CHANNEL    :  1 OF  1
 
             THU    FRI    SAT    SUN    MON    TUE    WED    7-DAY
DATE    09/05/28     29     30     31     01     02     03   AVERAGE
 
START HOUR
 
    0          -     18     36     37     10     12     13       -
    1          -     12     33     20      4     10      7       -
    2          -      8     10     14      1      2      4       -
    3          -      5     10     10      4      3      3       -
    4          -      0      7      9      3      3      1       -
    5          -     10      3      2     15     10      5       -
    6          -     55      8      9     59     61     41       -
    7          -    141     22     15    203    170    114       -
    8          -    274     27     26    317    319    167       -
    9          -    175     70     41    191    191    113       -
   10         94     93     84     70    104    121     63      90
   11        107    122    108     90    127    107     81     106
   12        111    114    149    149    153    125     91     127
   13         97    132    151    126    151    139     82     125
   14        121    134    140    147    153    107     90     127
   15        176    228    146    126    261    170    128     176
   16        267    272    118    117    373    339    232     245
   17        251    199    100    133    337    262    208     213
   18        168    156     89    113    228    120    110     141
   19        132     91     88    101    172    139     73     114
   20         85     93     63     79    132     82     70      86
   21         57     59     73     57    118     73     36      68
   22         40     55     47     37     36     47     21      40
   23         29     43     34     29     17     32     15      28
 
TOTALS
 
12HR 7-19      -   2040   1204   1153   2598   2170   1479       -
16HR 6-22      -   2338   1436   1399   3079   2525   1699       -
18HR 6-24      -   2436   1517   1465   3132   2604   1735       -
24HR 0-24      -   2489   1616   1557   3169   2644   1768       -
 
 
 
 
*LOCATION   : ............................................................
*SITE NUMBER: 11502428
*FILE NUMBER:        1
*INTERVAL   :   15 MIN
*BATTERY    :    6.0 V
*RESTARTS   :        0
*CONFIG     :        0
*CHANNEL    :  1 OF  1
 
             THU    FRI    SAT    SUN    MON    TUE    WED    7-DAY
DATE    09/06/04     05     06     07     08     09     10   AVERAGE
 
START HOUR
 
    0         11      4     10     17     11     13      8      11
    1          7      3      7     17      3      4      8       7
    2          5      2     13     13      4      3      7       7
    3          5      1      8     14      4      2      2       5
    4          4      2      7      6      2      2      3       4
    5          5      9      1      2     11     11     11       7
    6         31     29     13      8     48     55     50      33
    7         97     83     14     15    142    146    134      90
    8        127    108     21     18    217    219    218     133
    9         46     66     39     25    174    133    120      86
   10         13     29     57     49    104     77     64      56
   11         16     27     80     73    115     83     93      70
   12         23     47     82    108    131     79    104      82
   13         44     47     94     98    117     87     92      83
   14         44     75     86    100    147     89     90      90
   15         79     97     96     98    164    145    161     120
   16        100    120     86     91    326    217    216     165
   17         91     92     70     93    284    176    199     144
   18         53     67     44     84    184    128    164     103
   19         45     41     46     75    133     70    156      81
   20         26     28     24     49    114     58    112      59
   21         17     38     39     37     74     45     71      46
   22         16     23     26     22     39     26     45      28
   23         11     20     26     18     18     16     34      20
 
TOTALS
 
12HR 7-19    733    858    769    852   2105   1579   1655    1222
16HR 6-22    852    994    891   1021   2474   1807   2044    1440
18HR 6-24    879   1037    943   1061   2531   1849   2123    1489
24HR 0-24    916   1058    989   1130   2566   1884   2162    1529
 
 
 
 
*LOCATION   : ............................................................
*SITE NUMBER: 11502428
*FILE NUMBER:        1
*INTERVAL   :   15 MIN
*BATTERY    :    6.0 V
*RESTARTS   :        0
*CONFIG     :        0
*CHANNEL    :  1 OF  1
 
             THU    FRI    SAT    SUN    MON    TUE    WED    7-DAY
DATE    09/06/11     12     13     14     15     16     17   AVERAGE
 
START HOUR
 
    0         19     22     34     19      4      -      -       -
    1         14     17     32     22      2      -      -       -
    2          8      8     20     12      0      -      -       -
    3          7     10     15      6      0      -      -       -
    4          1      2      4      7      2      -      -       -
    5         12     15      9      3     10      -      -       -
    6         42     46     10     11     36      -      -       -
    7        155    151     14     11     96      -      -       -
    8        261    254     19     11    200      -      -       -
    9        158    169     35     25      -      -      -       -
   10         80    118     67     35      -      -      -       -
   11        104    141     86     56      -      -      -       -
   12         85    141    128     64      -      -      -       -
   13        110    158    154     62      -      -      -       -
   14        116    153    169     64      -      -      -       -
   15        180    215    162     61      -      -      -       -
   16        246    291    130     79      -      -      -       -
   17        253    210    110     71      -      -      -       -
   18        209    134     99     79      -      -      -       -
   19        170     95     96     58      -      -      -       -
   20        136     77     36     56      -      -      -       -
   21         82     57     23     26      -      -      -       -
   22         57     42     11     14      -      -      -       -
   23         29     46     20     10      -      -      -       -
 
TOTALS
 
12HR 7-19   1957   2135   1173    618      -      -      -       -
16HR 6-22   2387   2410   1338    769      -      -      -       -
18HR 6-24   2473   2498   1369    793      -      -      -       -
24HR 0-24   2534   2572   1483    862      -      -      -       -
 
