 
 
 
*LOCATION   : ............................................................
*SITE NUMBER: 12002420
*FILE NUMBER:       14
*INTERVAL   :   15 MIN
*BATTERY    :    6.3 V
*RESTARTS   :        0
*CONFIG     :        0
*CHANNEL    :  1 OF  1
 
             THU    FRI    SAT    SUN    MON    TUE    WED    7-DAY
DATE    09/05/28     29     30     31     01     02     03   AVERAGE
 
START HOUR
 
    0          -      6      5      5      2      5      1       -
    1          -      2      1      2      0      2      4       -
    2          -      2      2      5      2      2      0       -
    3          -      1      1      3      1      1      2       -
    4          -      2      5      3      3      1      2       -
    5          -     11      2      1     15     12     13       -
    6          -     57     10      5     82     70     49       -
    7          -    170     17      7    236    242    133       -
    8          -    210     23     19    236    227    155       -
    9          -     86     57     50    106    111     63       -
   10          -     52     73    105     80     61     36       -
   11         47     80     96    157     88     53     35      79
   12         68     57     69    172     58     60     44      75
   13         64     65     89     91     82     75     42      73
   14         74     75     93     22    105     85     48      72
   15        137    131     72     92    166    135     98     119
   16        168    184     83    120    256    210    151     167
   17        150    139     50    102    223    185    144     142
   18        122     88     62     84    183    135     89     109
   19         99     67     41     75    156    126     71      91
   20         81     61     43     63    108     80     37      68
   21         32     36     31     30     60     51     30      39
   22          9     30     13     19     18     17     11      17
   23         14      9     12      7      9     12      7      10
 
TOTALS
 
12HR 7-19      -   1337    784   1021   1819   1579   1038       -
16HR 6-22      -   1558    909   1194   2225   1906   1225       -
18HR 6-24      -   1597    934   1220   2252   1935   1243       -
24HR 0-24      -   1621    950   1239   2275   1958   1265       -
 
 
 
 
*LOCATION   : ............................................................
*SITE NUMBER: 12002420
*FILE NUMBER:       14
*INTERVAL   :   15 MIN
*BATTERY    :    6.3 V
*RESTARTS   :        0
*CONFIG     :        0
*CHANNEL    :  1 OF  1
 
             THU    FRI    SAT    SUN    MON    TUE    WED    7-DAY
DATE    09/06/04     05     06     07     08     09     10   AVERAGE
 
START HOUR
 
    0          1      0      2      5      2      2      2       2
    1          1      0      3      5      2      6      0       2
    2          2      0      0      3      0      0      2       1
    3          1      1      3      3      1      0      1       1
    4          2      2      0      1      3      4      1       2
    5          8      3      1      0     15     22     16       9
    6         33     23     10      4     68     60     47      35
    7         77     60     15      7    194    152    132      91
    8         97     77     13     14    204    149    149     100
    9         34     33     22     26    100     63     76      51
   10         12     19     27     47     51     26     35      31
   11         12     16     48     75     70     38     25      41
   12         15     22     49     70     55     36     44      42
   13         13     34     40    103     45     32     54      46
   14         12     31     34     89     73     47     64      50
   15         46     68     50     79    132    101    110      84
   16         62     71     31     68    207    136    136     102
   17         63     39     39     54    182    112    120      87
   18         29     40     51     47    140     83     89      68
   19         20     27     27     39    107     56    113      56
   20         11     21     29     41     71     47     78      43
   21         13     13     34     16     44     25     50      28
   22          5     11     10     10     20     15     57      18
   23          0      6      8      1      5     12     13       6
 
TOTALS
 
12HR 7-19    472    510    419    679   1453    975   1034     792
16HR 6-22    549    594    519    779   1743   1163   1322     953
18HR 6-24    554    611    537    790   1768   1190   1392     977
24HR 0-24    569    617    546    807   1791   1224   1414     995
 
 
 
 
*LOCATION   : ............................................................
*SITE NUMBER: 12002420
*FILE NUMBER:       14
*INTERVAL   :   15 MIN
*BATTERY    :    6.3 V
*RESTARTS   :        0
*CONFIG     :        0
*CHANNEL    :  1 OF  1
 
             THU    FRI    SAT    SUN    MON    TUE    WED    7-DAY
DATE    09/06/11     12     13     14     15     16     17   AVERAGE
 
START HOUR
 
    0          6      7      4      2      0      2      -       -
    1          0      2      3      3      0      1      -       -
    2          0      2      1      2      0      0      -       -
    3          0      4      2      1      0      0      -       -
    4          2      2      2      1      3      1      -       -
    5         12     10      3      0      6     13      -       -
    6         53     54      3      3     28     42      -       -
    7        147    166     10      6    127    127      -       -
    8        195    159     14      7    146    134      -       -
    9         70     74     37     11     69     59      -       -
   10         37     54     48     26     18      -      -       -
   11         34     54     67     27     21      -      -       -
   12         45     66     87     51     28      -      -       -
   13         53     88     89     44     24      -      -       -
   14         71     68     90     51     20      -      -       -
   15        117    131     76     50     65      -      -       -
   16        180    166     77     55    121      -      -       -
   17        166    100     67     60     93      -      -       -
   18        141     87     65     74     69      -      -       -
   19        112     63     49     48     45      -      -       -
   20         69     38     31     33     36      -      -       -
   21         43     25     13     16     25      -      -       -
   22         29     18      6     10     10      -      -       -
   23    