 
 
 
*LOCATION   : ............................................................
*SITE NUMBER: 11504428
*FILE NUMBER:        1
*INTERVAL   :   15 MIN
*BATTERY    :    6.4 V
*RESTARTS   :        0
*CONFIG     :        0
*CHANNEL    :  1 OF  1
 
             MON    TUE    WED    THU    FRI    SAT    SUN    7-DAY
DATE    07/10/29     30     31     01     02     03     04   AVERAGE
 
START HOUR
 
    0          -      8      2      5      8      8      2       -
    1          -      2      2      3      4      6      6       -
    2          -      0      1      4      2      6      2       -
    3          -      1      3      1      3      6      8       -
    4          -      1      1      1      1      2      0       -
    5          -      2      2      1      4      1      2       -
    6          -     31     32     22     24      6      3       -
    7          -     64     70     40     55      2      0       -
    8          -    130    123     82    121      5      5       -
    9          -     90    110     66     70      4      4       -
   10          -     62     54     36     66      9     11       -
   11          -     56     68     38     55     13     11       -
   12          -     54     71     39     53     14     20       -
   13          -     49     64     39     57     11     22       -
   14         44     72     64     39     77     11     25      47
   15        106     83    115     72     89     15     18      71
   16        132    135    138     94    126     12     10      92
   17        125     91     99     95     74     15     19      74
   18         77     60     72     67     44      8     13      49
   19         43     43     56     38     30      7     12      33
   20         32     25     43     31     21      7      6      24
   21         22     25     25     36     26      7      5      21
   22         13     11     19     17      8      5      5      11
   23          5      6     12      4      7      3      5       6
 
TOTALS
 
12HR 7-19      -    946   1048    707    887    119    158       -
16HR 6-22      -   1070   1204    834    988    146    184       -
18HR 6-24      -   1087   1235    855   1003    154    194       -
24HR 0-24      -   1101   1246    870   1025    183    214       -
 
 
 
 
*LOCATION   : ............................................................
*SITE NUMBER: 11504428
*FILE NUMBER:        1
*INTERVAL   :   15 MIN
*BATTERY    :    6.4 V
*RESTARTS   :        0
*CONFIG     :        0
*CHANNEL    :  1 OF  1
 
             MON    TUE    WED    THU    FRI    SAT    SUN    7-DAY
DATE    07/11/05     06     07     08     09     10     11   AVERAGE
 
START HOUR
 
    0          1      7      2      3      5      1      4       3
    1          1      1      1      3      6      3      7       3
    2          2      0      0      0      4      2      1       1
    3          2      1      1      1      0      0      2       1
    4          0      0      1      1      0      0      3       1
    5          4      5      4      5      3      1      0       3
    6         21     23     22     19     22      1      2      16
    7         40     44     34     36     32      2      0      27
    8         83     79     76     94     78      8      8      61
    9         64     72     47     69     42     13      6      45
   10         28     53     43     40     25     14      9      30
   11         35     43     29     47     32     12     20      31
   12         36     34     23     41     25     22     25      29
   13         39     36     32     47     29     32     18      33
   14         45     30     47     56     37     28     22      38
   15         66     75     58     62     39     19     17      48
   16         88     83     75     82     70     18     27      63
   17         79     69     60     68     31     18     12      48
   18         54     51     36     60     28     11     25      38
   19         39     30     23     33      9     13     16      23
   20         25     18     14     29     12      8     13      17
   21         21     20     14     23      6      8     12      15
   22          4      9      8     13      5      7      8       8
   23          1     12      5      6      3      7      5       6
 
TOTALS
 
12HR 7-19    657    669    560    702    468    197    189     492
16HR 6-22    763    760    633    806    517    227    232     563
18HR 6-24    768    781    646    825    525    241    245     576
24HR 0-24    778    795    655    838    543    248    262     588
 
 
 
 
*LOCATION   : ............................................................
*SITE NUMBER: 11504428
*FILE NUMBER:        1
*INTERVAL   :   15 MIN
*BATTERY    :    6.4 V
*RESTARTS   :        0
*CONFIG     :        0
*CHANNEL    :  1 OF  1
 
             MON    TUE    WED    THU    FRI    SAT    SUN    7-DAY
DATE    07/11/12     13     14     15     16     17     18   AVERAGE
 
START HOUR
 
    0          0      1      1      1      3      3      4       2
    1          1      0      0      2      3      2      5       2
    2          2      1      0      0      1      3      4       2
    3          0      0      0      0      1      3      9       2
    4          0      0      0      0      0      2      0       0
    5          4      3      4      3      2      0      0       2
    6         28     22     14     14     14      3      3      14
    7         34     23     18     24     29      0      0      18
    8         50     31     37     42     42      4      1      30
    9         51     32     43     26     35     11      3      29
   10         25     36     23     21     30      8      6      21
   11         21     19     27     22     24     15     12      20
   12         20     16     18     21     21     18     13      18
   13         26     18     19     20     33     21     18      22
   14         28     19     21     19     33     16     14      21
   15         42     39     37     39     42     18     20      34
   16         49     40     44     43     42     10     14      35
   17         52     21     35     36     29     20     19      30
   18         32     21     24     26     19     10      9      20
   19         17     18     10     16     14     15      8      14
   20         11     17     10     23     11      7     12      13
   21          7     10      9      6      6      7     10       8
   22          8     11      5      6     10     10      4       8
   23          4      3      2      3     12      6      1       4
 
TOTALS
 
12HR 7-19    430    315    346    339    379    151    129     298
16HR 6-22    493    382    389    398    424    183    162     347
18HR 6-24    505    396    396    407    446    199    167     359
24HR 0-24    512    401    401    413    456    212    189     369
 
 
 
 
*LOCATION   : ............................................................
*SITE NUMBER: 11504428
*FILE NUMBER:        1
*INTERVAL   :   15 MIN
*BATTERY    :    6.4 V
*RESTARTS   :        0
*CONFIG     :        0
*CHANNEL    :  1 OF  1
 
             MON    TUE    WED    THU    FRI    SAT    SUN    7-DAY
DATE    07/11/19     20     21     22     23     24     25   AVERAGE
 
START HOUR
 
    0          0      4      3      6      3      5      2       3
    1          1      1      1      5      4      1      6       3
    2          2      0      1      2      0      2      3       1
    3          1      2      0      1      1      0      2       1
    4          0      0      0      0      1      0      2       0
    5          6      4      3      5      4      0      0       3
    6         19     20     18     26     14      3      4      15
    7         32     39     30     32     36      3      0      25
    8         71     75     65     59     60      6      3      48
    9         58     47     55     54     37     14      4      38
   10         45     35     32     38     36     17     12      31
   11         28     40     40     30     21     12     16      27
   12         45     37     42     37     25     24     14      32
   13         40     33     38     35     31     43     10      33
   14         42     40     42     37     35     28     15      34
   15         64     45     70     54     40     22      9      43
   16         67     68     71     69     48     21      8      50
   17         49     61     65     54     53     18     11      44
   18         44     40     43     39     28      6      2      29
   19         21     26     28     21     17      9      6      18
   20         30     24     23     19     10      9      6      17
   21         18     18     11     19      5      7      4      12
   22          8      5      7      6      5      3      5       6
   23          5      6     12      6      6      6      2       6
 
TOTALS
 
12HR 7-19    585    560    593    538    450    214    104     435
16HR 6-22    673    648    673    623    496    242    124     497
18HR 6-24    686    659    692    635    507    251    131     509
24HR 0-24    696    670    700    654    520    259    146     521
 
 
 
 
*LOCATION   : ............................................................
*SITE NUMBER: 11504428
*FILE NUMBER:        1
*INTERVAL   :   15 MIN
*BATTERY    :    6.4 V
*RESTARTS   :        0
*CONFIG     :        0
*CHANNEL    :  1 OF  1
 
             MON    TUE    WED    THU    FRI    SAT    SUN    7-DAY
DATE    07/11/26     27     28     29     30     01     02   AVERAGE
 
START HOUR
 
    0          1      2      2      3      5      2      6       3
    1          1      0      2      0      0      2      3       1
    2          0      1      1      2      1      2      1       1
    3          0      1      0      1      1      4      1       1
    4          1      1      2      3      1      3      1       2
    5          5      7      4      5      3      0      1       4
    6         19     19     19     15     18      4      1      14
    7         32     28     25     18     12      3      0      17
    8         67     40     42     45     37      2      3      34
    9         50     37     34     30     35      7      0      28
   10         35     32     28     28     21     16     13      25
   11         28     28     28     25     29     15      6      23
   12         40     18     22     28     25     33      3      24
   13         38     35     27     32     21     14      7      25
   14         29     29     26     30     31     15      9      24
   15         56     31     48     29     43     16      6      33
   16         76     46     43     42     38     13      3      37
   17         66     47     46     47     22     14      8      36
   18         34     26     32     26     21      7      4      21
   19         20     16     13     15      6      5      4      11
   20         21     15     10     17      7      5      4      11
   21         21     19     14      9      7      3      2      11
   22          2      6      7     11      5      3      2       5
   23          3      3      5      5      6      4      1       4
 
TOTALS
 
12HR 7-19    551    397    401    380    335    155     62     326
16HR 6-22    632    466    457    436    373    172     73     373
18HR 6-24    637    475    469    452    384    179     76     382
24HR 0-24    645    487    480    466    395    192     89     393
 
 
 
 
*LOCATION   : ............................................................
*SITE NUMBER: 11504428
*FILE NUMBER:        1
*INTERVAL   :   15 MIN
*BATTERY    :    6.4 V
*RESTARTS   :        0
*CONFIG     :        0
*CHANNEL    :  1 OF  1
 
             MON    TUE    WED    THU    FRI    SAT    SUN    7-DAY
DATE    07/12/03     04     05     06     07     08     09   AVERAGE
 
START HOUR
 
    0          2      -      -      -      -      -      -       -
    1          4      -      -      -      -      -      -       -
    2          0      -      -      -      -      -      -       -
    3          0      -      -      -      -      -      -       -
    4          0      -      -      -      -      -      -       -
    5          2      -      -      -      -      -      -       -
    6         12      -      -      -      -      -      -       -
    7         18      -      -      -      -      -      -       -
    8         46      -      -      -      -      -      -       -
    9          -      -      -      -      -      -      -       -
   10          -      -      -      -      -      -      -       -
   11          -      -      -      -      -      -      -       -
   12          -      -      -      -      -      -      -       -
   13          -      -      -      -      -      -      -       -
   14          -      -      -      -      -      -      -       -
   15          -      -      -      -      -      -      -       -
   16          -      -      -      -      -      -      -       -
   17          -      -      -      -      -      -      -       -
   18          -      -      -      -      -      -      -       -
   19          -      -      -      -      -      -      -       -
   20          -      -      -      -      -      -      -       -
   21          -      -      -      -      -      -      -       -
   22          -      -      -      -      -      -      -       -
   23          -      -      -      -      -      -      -       -
 
TOTALS
 
12HR 7-19      -      -      -      -      -      -      -       -
16HR 6-22      -      -      -      -      -      -      -       -
18HR 6-24      -      -      -      -      -      -      -       -
24HR 0-24      -      -      -      -      -      -      -       -
 
