 
 
 
*LOCATION   : ............................................................
*SITE NUMBER: 10801419
*FILE NUMBER:        1
*INTERVAL   :   15 MIN
*BATTERY    :    6.1 V
*RESTARTS   :        0
*CONFIG     :       12
*CHANNEL    :  1 OF  2
 
             TUE    WED    THU    FRI    SAT    SUN    MON    7-DAY
DATE    04/03/30     31     01     02     03     04     05   AVERAGE
 
START HOUR
 
    0          -      0      1      2      0      2      2       -
    1          -      0      2      0      1      2      1       -
    2          -      1      0      1      1      2      2       -
    3          -      0      0      0      0      4      0       -
    4          -      0      0      4      0      3      0       -
    5          -      2      2      3      2      0      7       -
    6          -     13     10      6      0      2     11       -
    7          -     29     26     27      6      2     45       -
    8          -     30     29     18      7      5     47       -
    9          -     17     24     23     12     10     31       -
   10          -     23     15     13     19     19     34       -
   11          -     23     18     18     43     37     28       -
   12          -     36     18     25     35     50     24       -
   13         27     30     18     21     37     61     29      32
   14         42     28     28     32     53     49     32      38
   15         43     27     30     30     48     57     64      43
   16         54     69     38     36     37     34     57      46
   17         42     51     29     58     35     52     69      48
   18         27     41     23     28     21     27     49      31
   19         28     37     21     16     13     30     26      24
   20         16     24     23     13     12     13     21      17
   21         12     13      7      9      8     12     13      11
   22          6      4      6      5      3      1      6       4
   23          4      5      1      3      3      2      7       4
 
TOTALS
 
12HR 7-19      -    404    296    329    353    403    509       -
16HR 6-22      -    491    357    373    386    460    580       -
18HR 6-24      -    500    364    381    392    463    593       -
24HR 0-24      -    503    369    391    396    476    605       -

 
 
 
 











*LOCATION   : ............................................................
*SITE NUMBER: 10801419
*FILE NUMBER:        1
*INTERVAL   :   15 MIN
*BATTERY    :    6.1 V
*RESTARTS   :        0
*CONFIG     :       12
*CHANNEL    :  1 OF  2
 
             TUE    WED    THU    FRI    SAT    SUN    MON    7-DAY
DATE    04/04/06     07     08     09     10     11     12   AVERAGE
 
START HOUR
 
    0          1      2      2      2      3      1      4       2
    1          2      1      2      6      0      3      1       2
    2          0      0      1      1      1      1      0       1
    3          3      0      1      3      0      1      2       1
    4          0      0      1      2      1      2      1       1
    5          4      3      2      0      1      1      0       2
    6         10     12     12      3      2      2      4       6
    7         46     40     31      5      3      4      5      19
    8         50     52     29      3      2      6      3      21
    9         29     29     16     12      4     10     10      16
   10         28     29     11     41     11     36     13      24
   11         31     33     26     33      5     44     65      34
   12         30     41     32     63      3     64     76      44
   13         30     28     54     71     15     66     64      47
   14         40     42     44     70     11     48     55      44
   15         44     59     53     59     18     52     41      47
   16         67     55     54     40     25     45     38      46
   17         59     49     37     38     25     27     29      38
   18         33     37     39     31     29      9     31      30
   19         30     36     22     17     19     11     16      22
   20         41     32     15     23     11      8     15      21
   21         12      8     12      6      6      4      8       8
   22          7      4      9      0      5      5      5       5
   23          4      1      3      5      4      4      4       4
 
TOTALS
 
12HR 7-19    487    494    426    466    151    411    430     409
16HR 6-22    580    582    487    515    189    436    473     466
18HR 6-24    591    587    499    520    198    445    482     475
24HR 0-24    601    593    508    534    204    454    490     483

 
 
 
 
*LOCATION   : ............................................................
*SITE NUMBER: 10801419
*FILE NUMBER:        1
*INTERVAL   :   15 MIN
*BATTERY    :    6.1 V
*RESTARTS   :        0
*CONFIG     :       12
*CHANNEL    :  1 OF  2
 
             TUE    WED    THU    FRI    SAT    SUN    MON    7-DAY
DATE    04/04/13     14     15     16     17     18     19   AVERAGE
 
START HOUR
 
    0          3      0      3      6      3      5      5       4
    1          1      2      4      1      5      3      2       3
    2          3      1      1      2      2      4      1       2
    3          0      2      0      1      2      5      0       1
    4          0      0      0      0      1      2      0       0
    5          5      4      4      6      1      2      8       4
    6         14     21     16     13      4      5     27      14
    7         62     66     67     61      7      8     92      52
    8         68     86     80     87     19      9    122      67
    9         40     43     70     60     24      8     57      43
   10         24     28     42     28     34     49     42      35
   11         32     31     47     33     67     75     54      48
   12         46     40     42     34     83     90     59      56
   13         45     24     40     35     68    110     64      55
   14         50     34     59     42     85    110     53      62
   15         62     53     77     74     93    102     85      78
   16         87     76    115     71     75    106    124      93
   17         79     71    114     74     68     88    102      85
   18         53     53     84     49     69     90    106      72
   19         70     52     66     51     35     60     81      59
   20         41     28     45     36     25     28     72      39
   21         27     22     32     19     14     20     29      23
   22         15     11     13     12      9      7     11      11
   23          6      4      4      6      5      7      5       5
 
TOTALS
 
12HR 7-19    648    605    837    648    692    845    960     748
16HR 6-22    800    728    996    767    770    958   1169     884
18HR 6-24    821    743   1013    785    784    972   1185     900
24HR 0-24    833    752   1025    801    798    993   1201     915

 
 
 
 












*LOCATION   : ............................................................
*SITE NUMBER: 10801419
*FILE NUMBER:        1
*INTERVAL   :   15 MIN
*BATTERY    :    6.1 V
*RESTARTS   :        0
*CONFIG     :       12
*CHANNEL    :  1 OF  2
 
             TUE    WED    THU    FRI    SAT    SUN    MON    7-DAY
DATE    04/04/20     21     22     23     24     25     26   AVERAGE
 
START HOUR
 
    0          2      5      3      4      7      9      3       5
    1          1      2      4      7      7      3      3       4
    2          4      3      1      3      3      3      0       2
    3          2      1      4      1      6      5      0       3
    4          2      0      1      0      0      4      0       1
    5          7      5      7      3      0      0      7       4
    6         29     20     21     21      6      0     24      17
    7         91     70     69     67      6      5     93      57
    8        141     85     71     83     19     17    117      76
    9         65     61     49     61     26     17     67      49
   10         32     35     37     41     42     25     49      37
   11         40     36     42     44     48     73     51      48
   12         45     58     38     47     63    101     39      56
   13         56     41     45     56     85    101     65      64
   14         51     66     84     73     59     97     72      72
   15         79     71     69     90     54     69     93      75
   16        109     98    109     92     56     58    104      89
   17        115    112     88     88     61     63    106      90
   18         83     85     73     45     46     73     91      71
   19         68     70     65     40     28     57     80      58
   20         47     56     49     30     27     27     72      44
   21         22     34     39     27      5     28     35      27
   22         14      9     21     14      7      8     13      12
   23          5      1      6     16      2      4      9       6
 
TOTALS
 
12HR 7-19    907    818    774    787    565    699    947     785
16HR 6-22   1073    998    948    905    631    811   1158     932
18HR 6-24   1092   1008    975    935    640    823   1180     950
24HR 0-24   1110   1024    995    953    663    847   1193     969

 
 
 








 
*LOCATION   : ............................................................
*SITE NUMBER: 10801419
*FILE NUMBER:        1
*INTERVAL   :   15 MIN
*BATTERY    :    6.1 V
*RESTARTS   :        0
*CONFIG     :       12
*CHANNEL    :  1 OF  2
 
             TUE    WED    THU    FRI    SAT    SUN    MON    7-DAY
DATE    04/04/27     28     29     30     01     02     03   AVERAGE
 
START HOUR
 
    0          1      5     11      -      -      -      -       -
    1          1      5      1      -      -      -      -       -
    2          0      1      1      -      -      -      -       -
    3          0      0      0      -      -      -      -       -
    4          1      0      2      -      -      -      -       -
    5          3      9      8      -      -      -      -       -
    6         33     31     26      -      -      -      -       -
    7         92     92     69      -      -      -      -       -
    8        113    121     96      -      -      -      -       -
    9         76     59     56      -      -      -      -       -
   10         49     38      -      -      -      -      -       -
   11         44     47      -      -      -      -      -       -
   12         47     43      -      -      -      -      -       -
   13         58     42      -      -      -      -      -       -
   14         84     57      -      -      -      -      -       -
   15        115     98      -      -      -      -      -       -
   16        143    121      -      -      -      -      -       -
   17        131    144      -      -      -      -      -       -
   18         91     85      -      -      -      -      -       -
   19         68     71      -      -      -      -      -       -
   20         56     57      -      -      -      -      -       -
   21         31     44      -      -      -      -      -       -
   22         15     17      -      -      -      -      -       -
   23          4     11      -      -      -      -      -       -
 
TOTALS
 
12HR 7-19   1043    947      -      -      -      -      -       -
16HR 6-22   1231   1150      -      -      -      -      -       -
18HR 6-24   1250   1178      -      -      -      -      -       -
24HR 0-24   1256   1198      -      -      -      -      -       -



