 
 
 
*LOCATION   : ............................................................
*SITE NUMBER: 11401513
*FILE NUMBER:        7
*INTERVAL   :   15 MIN
*BATTERY    :    6.2 V
*RESTARTS   :        0
*CONFIG     :       12
*CHANNEL    :  1 OF  2
 
             MON    TUE    WED    THU    FRI    SAT    SUN    7-DAY
DATE    04/04/05     06     07     08     09     10     11   AVERAGE
 
START HOUR
 
    0          -      1      0      0      0      0      0       -
    1          -      0      0      0      0      0      0       -
    2          -      0      0      0      0      0      0       -
    3          -      0      0      0      0      0      0       -
    4          -      0      0      0      0      0      0       -
    5          -      1      3      4      0      0      1       -
    6          -      0      1      1      0      0      0       -
    7          -      2      2      7      1      0      0       -
    8          -      3      2      2      0      0      0       -
    9          -      7      7      5      3      0      3       -
   10          5      9     15     10      3      5      5       7
   11         11      8     16     13      6      3      3       9
   12         10      9      9     26      5      5      7      10
   13         18     16     18     18      3      1      6      11
   14         15     20      8     16      6      9     10      12
   15         12      8      9      7      3      4      0       6
   16          4      6     12      4      4      6      6       6
   17         10      7     16      6      2      4      7       7
   18          3      8     12      7      6      1      5       6
   19          1      3      2      8      3      4      2       3
   20          1      6      4      3      2      0      1       2
   21          3      0      1      0      1      0      0       1
   22          0      0      0      0      0      0      0       0
   23          0      0      0      0      0      0      0       0
 
TOTALS
 
12HR 7-19      -    103    126    121     42     38     52       -
16HR 6-22      -    112    134    133     48     42     55       -
18HR 6-24      -    112    134    133     48     42     55       -
24HR 0-24      -    114    137    137     48     42     56       -
 
 
 
 
*LOCATION   : ............................................................
*SITE NUMBER: 11401513
*FILE NUMBER:        7
*INTERVAL   :   15 MIN
*BATTERY    :    6.2 V
*RESTARTS   :        0
*CONFIG     :       12
*CHANNEL    :  1 OF  2
 
             MON    TUE    WED    THU    FRI    SAT    SUN    7-DAY
DATE    04/04/12     13     14     15     16     17     18   AVERAGE
 
START HOUR
 
    0          0      0      2      0      0      1      0       0
    1          0      0      0      1      1      0      0       0
    2          0      0      0      0      0      0      1       0
    3          0      0      0      0      2      0      0       0
    4          0      0      0      0      0      0      0       0
    5          0      1      2      2      2      2      0       1
    6          1      0      0      0      0      1      0       0
    7          0      4      0      3      6      2      1       2
    8          0      5      2      3      3      4      0       2
    9          0     11      8      8     17     13      4       9
   10          7     14     10     13     17     16     13      13
   11          4     18      8      8     12     13     17      11
   12         12     18     26     20      9     22     12      17
   13          8     29     18     24     25     29     13      21
   14          8     19      9     24     15     16     16      15
   15          5      8      9     13     17     12      9      10
   16          2     16     11     13     10     11      2       9
   17          5      9      9     14     10      7     13      10
   18          6     13      8     15      6      4      6       8
   19          2      8      3      9      7      5     10       6
   20          2      5      8      3      1      5      1       4
   21          0      2      0      0      2      3      0       1
   22          0      0      0      0      0      0      0       0
   23          2      0      0      0      0      0      0       0
 
TOTALS
 
12HR 7-19     57    164    118    158    147    149    106     128
16HR 6-22     62    179    129    170    157    163    117     140
18HR 6-24     64    179    129    170    157    163    117     140
24HR 0-24     64    180    133    173    162    166    118     142
 
 
 
 
*LOCATION   : ............................................................
*SITE NUMBER: 11401513
*FILE NUMBER:        7
*INTERVAL   :   15 MIN
*BATTERY    :    6.2 V
*RESTARTS   :        0
*CONFIG     :       12
*CHANNEL    :  1 OF  2
 
             MON    TUE    WED    THU    FRI    SAT    SUN    7-DAY
DATE    04/04/19     20     21     22     23     24     25   AVERAGE
 
START HOUR
 
    0          1      0      0      0      0      0      0       0
    1          0      0      0      0      0      0      0       0
    2          0      0      0      0      0      0      0       0
    3          0      0      0      1      0      0      0       0
    4          0      0      0      1      1      0      0       0
    5          1      2      3      1      2      1      0       1
    6          2      1      0      1      0      3      0       1
    7          6      4      3      2      5      0      0       3
    8          5      2      4      6      7      3      0       4
    9         22      4     13     10     15     10     10      12
   10         16     15     11     14      7     16      7      12
   11         17      8     18     15     15     19      7      14
   12         17     11     18     11     16     24     14      16
   13         32     17     14     19     19     15      8      18
   14         18     22     14     22     17     21      4      17
   15         19      8      9     11     23     14     10      13
   16         12     16     14     13     11     12      2      11
   17         12     15     16     19     12      7     10      13
   18         14      9     16     20      3      2      4      10
   19         19     16      9      5      0      2      4       8
   20          6      4      7      2      0      0      4       3
   21          2      2      0      0      0      0      3       1
   22          1      2      2      0      1      1      0       1
   23          0      1      0      0      1      0      0       0
 
TOTALS
 
12HR 7-19    190    131    150    162    150    143     76     143
16HR 6-22    219    154    166    170    150    148     87     156
18HR 6-24    220    157    168    170    152    149     87     158
24HR 0-24    222    159    171    173    155    150     87     160
 
 
 
 
*LOCATION   : ............................................................
*SITE NUMBER: 11401513
*FILE NUMBER:        7
*INTERVAL   :   15 MIN
*BATTERY    :    6.2 V
*RESTARTS   :        0
*CONFIG     :       12
*CHANNEL    :  1 OF  2
 
             MON    TUE    WED    THU    FRI    SAT    SUN    7-DAY
DATE    04/04/26     27     28     29     30     01     02   AVERAGE
 
START HOUR
 
    0          0      0      0      0      -      -      -       -
    1          0      1      0      1      -      -      -       -
    2          0      0      0      0      -      -      -       -
    3          0      0      0      2      -      -      -       -
    4          0      0      0      0      -      -      -       -
    5          1      1      1      0      -      -      -       -
    6          0      0      0      0      -      -      -       -
    7          9      7      5      5      -      -      -       -
    8         10      8     10      5      -      -      -       -
    9         17     16      6     13      -      -      -       -
   10         17     14     18     10      -      -      -       -
   11         13     13     15     10      -      -      -       -
   12         15     16     14     19      -      -      -       -
   13         23     21     18      -      -      -      -       -
   14         26     20     23      -      -      -      -       -
   15         10     24     21      -      -      -      -       -
   16          9      9     22      -      -      -      -       -
   17         11     16     11      -      -      -      -       -
   18         10     11      8      -      -      -      -       -
   19          4      7     10      -      -      -      -       -
   20          7      5      5      -      -      -      -       -
   21          0      0      0      -      -      -      -       -
   22          1      2      1      -      -      -      -       -
   23          0      0      0      -      -      -      -       -
 
TOTALS
 
12HR 7-19    170    175    171      -      -      -      -       -
16HR 6-22    181    187    186      -      -      -      -       -
18HR 6-24    182    189    187      -      -      -      -       -
24HR 0-24    183    191    188      -      -      -      -       -
 
 
 
 
*LOCATION   : ............................................................
*SITE NUMBER: 11401513
*FILE NUMBER:        7
*INTERVAL   :   15 MIN
*BATTERY    :    6.2 V
*RESTARTS   :        0
*CONFIG     :       12
*CHANNEL    :  2 OF  2
 
             MON    TUE    WED    THU    FRI    SAT    SUN    7-DAY
DATE    04/04/05     06     07     08     09     10     11   AVERAGE
 
START HOUR
 
    0          -      1      0      0      0      0      0       -
    1          -      0      0      0      0      0      0       -
    2          -      0      0      0      0      0      0       -
    3          -      0      0      0      0      0      0       -
    4          -      0      0      0      0      0      0       -
    5          -      0      0      0      0      0      1       -
    6          -      1      1      1      0      0      0       -
    7          -      2      3      9      0      0      0       -
    8          -      3      9      4      1      0      0       -
    9          -      4      7      1      0      0      0       -
   10          4      5     11     13      3      4      6       7
   11          3      9     12      7      8      4      7       7
   12         10      3      7     10      9      2      8       7
   13          8      4      5      9      5      6      6       6
   14          6     11     11     14      3      9      7       9
   15         13      9      6      5      2      5      7       7
   16          8      7     10      5      1      6      3       6
   17         10      9     15      6      5      7      3       8
   18          3      8     13      9      6      1      2       6
   19          4      4      4      5      1      3      3       3
   20          2      2      2      2      2      0      2       2
   21          0      0      1      2      1      0      0       1
   22          0      0      0      1      0      0      0       0
   23          0      0      0      0      0      0      0       0
 
TOTALS
 
12HR 7-19      -     74    109     92     43     44     49       -
16HR 6-22      -     81    117    102     47     47     54       -
18HR 6-24      -     81    117    103     47     47     54       -
24HR 0-24      -     82    117    103     47     47     55       -
 
 
 
 
*LOCATION   : ............................................................
*SITE NUMBER: 11401513
*FILE NUMBER:        7
*INTERVAL   :   15 MIN
*BATTERY    :    6.2 V
*RESTARTS   :        0
*CONFIG     :       12
*CHANNEL    :  2 OF  2
 
             MON    TUE    WED    THU    FRI    SAT    SUN    7-DAY
DATE    04/04/12     13     14     15     16     17     18   AVERAGE
 
START HOUR
 
    0          0      0      0      0      0      0      0       0
    1          0      0      0      1      0      0      0       0
    2          0      0      0      0      0      0      0       0
    3          0      0      0      0      2      0      0       0
    4          0      0      0      0      0      0      0       0
    5          0      1      0      0      1      0      1       0
    6          2      1      2      3      3      0      1       2
    7          0     10      5      6      8      1      1       4
    8          0      8     15      7      9      1      0       6
    9          0      9      9      6     10      9      2       6
   10          6     14      9      5      9     12     11       9
   11          9     13      5     12     14     19     15      12
   12          8     14     11     11     12     18     15      13
   13         11     22     11     15     12     28     19      17
   14          7     11     11     19      9     25      9      13
   15          5      9     14      9     17     15     10      11
   16          4     19     11     17     13     14      9      12
   17          3     15     10     10      9      8      7       9
   18          3     16      8     13      4      8      7       8
   19          0      9      3      6      6      8      4       5
   20          0      5      2      2      3      2      1       2
   21          0      0      1      0      1      0      0       0
   22          0      0      0      0      0      0      0       0
   23          2      0      0      0      0      0      0       0
 
TOTALS
 
12HR 7-19     56    160    119    130    126    158    105     122
16HR 6-22     58    175    127    141    139    168    111     131
18HR 6-24     60    175    127    141    139    168    111     132
24HR 0-24     60    176    127    142    142    168    112     132
 
 
 
 
*LOCATION   : ............................................................
*SITE NUMBER: 11401513
*FILE NUMBER:        7
*INTERVAL   :   15 MIN
*BATTERY    :    6.2 V
*RESTARTS   :        0
*CONFIG     :       12
*CHANNEL    :  2 OF  2
 
             MON    TUE    WED    THU    FRI    SAT    SUN    7-DAY
DATE    04/04/19     20     21     22     23     24     25   AVERAGE
 
START HOUR
 
    0          1      0      0      0      0      0      0       0
    1          0      0      0      0      0      0      0       0
    2          0      0      0      0      0      0      0       0
    3          0      0      0      1      0      0      0       0
    4          0      0      0      1      0      0      0       0
    5          0      1      1      1      1      0      0       1
    6          4      2      3      1      5      1      0       2
    7         10      3      5      3      7      0      1       4
    8         11     12      9     12     19      3      2      10
    9         12      6     15      9      9      3      6       9
   10         11      8      9      8      6     15     11      10
   11         12     11     13     12     11      7      8      11
   12         19     17     17      8     10     21     13      15
   13         24     20     11     15     11      9     11      14
   14         12      9     12     13     12     20      7      12
   15         16     17      7     17     10      7     10      12
   16         12     15     14     23     14     12      3      13
   17         13      9     19      7     10     10      4      10
   18         19     14     12     25      5      0      3      11
   19         17     10      9     11      0      0      0       7
   20          4      3      4      2      0      0      0       2
   21          3      0      0      0      0      1      0       1
   22          4      2      1      0      0      1      0       1
   23          0      0      2      0      0      0      0       0
 
TOTALS
 
12HR 7-19    171    141    143    152    124    107     79     131
16HR 6-22    199    156    159    166    129    109     79     142
18HR 6-24    203    158    162    166    129    110     79     144
24HR 0-24    204    159    163    169    130    110     79     145
 
 
 
 
*LOCATION   : ............................................................
*SITE NUMBER: 11401513
*FILE NUMBER:        7
*INTERVAL   :   15 MIN
*BATTERY    :    6.2 V
*RESTARTS   :        0
*CONFIG     :       12
*CHANNEL    :  2 OF  2
 
             MON    TUE    WED    THU    FRI    SAT    SUN    7-DAY
DATE    04/04/26     27     28     29     30     01     02   AVERAGE
 
START HOUR
 
    0          0      0      0      0      -      -      -       -
    1          0      0      0      1      -      -      -       -
    2          0      0      0      0      -      -      -       -
    3          0      0      0      1      -      -      -       -
    4          0      1      0      0      -      -      -       -
    5          2      0      2      0      -      -      -       -
    6          6      0      6      3      -      -      -       -
    7          7     10     10      9      -      -      -       -
    8         16     12     14      8      -      -      -       -
    9         14     15      8      5      -      -      -       -
   10          9      7     16     13      -      -      -       -
   11         12     11     14     17      -      -      -       -
   12         14      8     18     10      -      -      -       -
   13         18     11     11      -      -      -      -       -
   14         13     17      9      -      -      -      -       -
   15         19     26     14      -      -      -      -       -
   16          9     21     14      -      -      -      -       -
   17          5     16     14      -      -      -      -       -
   18         10     12     23      -      -      -      -       -
   19          2      7      8      -      -      -      -       -
   20          0      0      0      -      -      -      -       -
   21          1      0      0      -      -      -      -       -
   22          0      1      0      -      -      -      -       -
   23          0      0      0      -      -      -      -       -
 
TOTALS
 
12HR 7-19    146    166    165      -      -      -      -       -
16HR 6-22    155    173    179      -      -      -      -       -
18HR 6-24    155    174    179      -      -      -      -       -
24HR 0-24    157    175    181      -      -      -      -       -
 
