 
 
 
*LOCATION   : ............................................................
*SITE NUMBER: 11701020
*FILE NUMBER:        2
*INTERVAL   :   15 MIN
*BATTERY    :    6.3 V
*RESTARTS   :        0
*CONFIG     :        0
*CHANNEL    :  1 OF  1
 
             MON    TUE    WED    THU    FRI    SAT    SUN    7-DAY
DATE    04/03/01     02     03     04     05     06     07   AVERAGE
 
START HOUR
 
    0          -      1      3      1      0      1      2       -
    1          -      1      1      1      0      1      1       -
    2          -      0      1      0      1      1      1       -
    3          -      0      0      0      0      0      0       -
    4          -      1      5      1      1      1      1       -
    5          -      1      1      0      0      1      1       -
    6          -     10      8      9      8      0      0       -
    7          -     25     20     20     18      1      1       -
    8          -     21     28     34     24      2      2       -
    9         16     15     20     11      8      4      3      11
   10          6      6      8     15      8     13      6       9
   11         11     14     24     11      8     11     13      13
   12         13     19     11   1754     13    107     13     276
   13         42     34    133     20     23     43     17      45
   14         23     28     12      6     29     28    222      50
   15         53     57     15      8     53      5     33      32
   16         68     61     23      3     55      8     15      33
   17         44     54      3      0     23      0    583     101
   18         25     20     11     17     18      4      8      15
   19         13     13     14      5     10      4      3       9
   20         17     10     14     11     11      2      3      10
   21          5      6      3      4      6      4      4       5
   22          2      2      2      3      4      0      3       2
   23          0      2      5      1      2      1      0       2
 
TOTALS
 
12HR 7-19      -    354    308   1899    280    226    916       -
16HR 6-22      -    393    347   1928    315    236    926       -
18HR 6-24      -    397    354   1932    321    237    929       -
24HR 0-24      -    401    365   1935    323    242    935       -
 
 
 
 
*LOCATION   : ............................................................
*SITE NUMBER: 11701020
*FILE NUMBER:        2
*INTERVAL   :   15 MIN
*BATTERY    :    6.3 V
*RESTARTS   :        0
*CONFIG     :        0
*CHANNEL    :  1 OF  1
 
             MON    TUE    WED    THU    FRI    SAT    SUN    7-DAY
DATE    04/03/08     09     10     11     12     13     14   AVERAGE
 
START HOUR
 
    0          2      0      3      3      3      1      2       2
    1          0      1      0      0      1      5      0       1
    2          0      0      1      1      4      0      0       1
    3          1      0      0      3      0      0      2       1
    4          1      1      1      1      3      1      0       1
    5          0      0      1      2      2      1      0       1
    6          6     17     11     12      6      0      0       7
    7         30     31     22     28     28      4      4      21
    8         29     30     44     36     37      7      2      26
    9         23     13     20     24     34     44      3      23
   10         18     27     15     19     24     42      8      22
   11         50     13     15     34     23     22     10      24
   12         68     14     31     76     27   1062     16     185
   13         33     53     62     24     52     68     11      43
   14         15     41     45     40     55     49     23      38
   15          0     58     41     66     60     27     24      39
   16          0     98     52     81    101     19     19      53
   17          0     90     36     55     54      1     14      36
   18         10     47     38     23     29      3      7      22
   19         17     19     20     15     10      6      6      13
   20          8     10      9     14      5      5      6       8
   21          4     10     12     11      8      4      6       8
   22          1      3      5     12      4      1      0       4
   23          0      2      3      2      0      1      3       2
 
TOTALS
 
12HR 7-19    276    515    421    506    524   1348    141     533
16HR 6-22    311    571    473    558    553   1363    159     570
18HR 6-24    312    576    481    572    557   1365    162     575
24HR 0-24    316    578    487    582    570   1373    166     582
 
 
 
 
*LOCATION   : ............................................................
*SITE NUMBER: 11701020
*FILE NUMBER:        2
*INTERVAL   :   15 MIN
*BATTERY    :    6.3 V
*RESTARTS   :        0
*CONFIG     :        0
*CHANNEL    :  1 OF  1
 
             MON    TUE    WED    THU    FRI    SAT    SUN    7-DAY
DATE    04/03/15     16     17     18     19     20     21   AVERAGE
 
START HOUR
 
    0          0      1      1      0      3      2      1       1
    1          0      0      1      1      0      1      0       0
    2          0      1      0      1      1      2      0       1
    3          1      0      0      0      2      0      5       1
    4          2      0      2      1      2      0      1       1
    5          0      1      0      1      0      1      0       0
    6         10     10     13      8      8      0      0       7
    7         23     31     24     28     23      6      1      19
    8         27     27     35     32     32      6      6      24
    9         25     19     30     18     22     12     11      20
   10         11     15     19     22     18     27     13      18
   11         14     16     14     20     25     25     24      20
   12         12     17     80     14     46     12     23      29
   13         22     21     26     32     77     17     20      31
   14         25     34     43     52     72     27     27      40
   15         51     56     63     48     74     20     15      47
   16         69     86     88    115    116     29     12      74
   17         49     80     73     91     63     20     13      56
   18         33     64     33     61     60     13     12      39
   19         13     13     12     25     10      3      6      12
   20         10     16     14     14     12      5      2      10
   21          7      5      9     14      2      1      0       5
   22          5      1      4      3      6      1      1       3
   23          0      1      1      1      2      0      0       1
 
TOTALS
 
12HR 7-19    361    466    528    533    628    214    177     415
16HR 6-22    401    510    576    594    660    223    185     450
18HR 6-24    406    512    581    598    668    224    186     454
24HR 0-24    409    515    585    602    676    230    193     459
 
 
 
 
*LOCATION   : ............................................................
*SITE NUMBER: 11701020
*FILE NUMBER:        2
*INTERVAL   :   15 MIN
*BATTERY    :    6.3 V
*RESTARTS   :        0
*CONFIG     :        0
*CHANNEL    :  1 OF  1
 
             MON    TUE    WED    THU    FRI    SAT    SUN    7-DAY
DATE    04/03/22     23     24     25     26     27     28   AVERAGE
 
START HOUR
 
    0          3      0      0      4      1      0      3       2
    1          0      0      0      0      1      0      2       0
    2          3      0      0      1      1      0      1       1
    3          0      0      0      0      0      0      0       0
    4          3      1      2      2      1      2      1       2
    5          1      2      1      1      1      0      2       1
    6          6     15     11      8     12      1      4       8
    7         25     28     33     24     24      5      3      20
    8         23     30     30     33     29      7      8      23
    9         17     20     24     16     19     16      7      17
   10         11     27     19     10     15     18     27      18
   11         16     17     23     13     12     78     51      30
   12         12     11     17     10     25     67     88      33
   13         13     24     23     14     25     40     62      29
   14         26     30     39    103    133     48     61      63
   15         59     92     81     29     52     56    140      73
   16         82    109    100     42     44     39     79      71
   17         41     69     69     42     29     19     82      50
   18         23     48     50     14     16      5    101      37
   19         17     22     28     18     11      4     26      18
   20         18     22     16     18     13     10     19      17
   21          9      6     10      5      7      7      3       7
   22          6      3      9      4      3      2      5       5
   23          0      1      0      3      1      2      2       1
 
TOTALS
 
12HR 7-19    348    505    508    350    423    398    709     463
16HR 6-22    398    570    573    399    466    420    761     512
18HR 6-24    404    574    582    406    470    424    768     518
24HR 0-24    414    577    585    414    475    426    777     524
 
 
 
 
*LOCATION   : ............................................................
*SITE NUMBER: 11701020
*FILE NUMBER:        2
*INTERVAL   :   15 MIN
*BATTERY    :    6.3 V
*RESTARTS   :        0
*CONFIG     :        0
*CHANNEL    :  1 OF  1
 
             MON    TUE    WED    THU    FRI    SAT    SUN    7-DAY
DATE    04/03/29     30     31     01     02     03     04   AVERAGE
 
START HOUR
 
    0          1      -      -      -      -      -      -       -
    1          2      -      -      -      -      -      -       -
    2          0      -      -      -      -      -      -       -
    3          1      -      -      -      -      -      -       -
    4          2      -      -      -      -      -      -       -
    5         13      -      -      -      -      -      -       -
    6         42      -      -      -      -      -      -       -
    7         58      -      -      -      -      -      -       -
    8          -      -      -      -      -      -      -       -
    9          -      -      -      -      -      -      -       -
   10          -      -      -      -      -      -      -       -
   11          -      -      -      -      -      -      -       -
   12          -      -      -      -      -      -      -       -
   13          -      -      -      -      -      -      -       -
   14          -      -      -      -      -      -      -       -
   15          -      -      -      -      -      -      -       -
   16          -      -      -      -      -      -      -       -
   17          -      -      -      -      -      -      -       -
   18          -      -      -      -      -      -      -       -
   19          -      -      -      -      -      -      -       -
   20          -      -      -      -      -      -      -       -
   21          -      -      -      -      -      -      -       -
   22          