 
 
 
*LOCATION   : ............................................................
*SITE NUMBER: 10700106
*FILE NUMBER:        2
*INTERVAL   :   15 MIN
*BATTERY    :    6.3 V
*RESTARTS   :        0
*CONFIG     :        0
*CHANNEL    :  1 OF  1
 
             TUE    WED    THU    FRI    SAT    SUN    MON    7-DAY
DATE    07/01/02     03     04     05     06     07     08   AVERAGE
 
START HOUR
 
    0          -      0      3      2      1      2      2       -
    1          -      1      0      2      0      1      2       -
    2          -      1      1      0      1      1      1       -
    3          -      0      0      0      2      4      0       -
    4          -      0      2      0      4      1      1       -
    5          -      3      3      5      1      2      2       -
    6          -     17     17     10      3      0     19       -
    7          -     33     25     23      5      2     55       -
    8          -     47     44     41      4      1     65       -
    9          -     35     28     19      4      6     32       -
   10          -     21     16     22     13      9     24       -
   11         18     12     12      7     19     14     19      14
   12         10     22     14     18     23     18     20      18
   13         15     21      9     13     24     26     28      19
   14         21     23     15     22     31     22     23      22
   15         34     44     16     45     39     12     35      32
   16         43     58     36     39     25      8     49      37
   17         38     43     32     35     19      9     52      33
   18         22     27     22     16      7      5     24      18
   19          8     22      6     16      3      2     17      11
   20         13     15      7     11      8      3     20      11
   21          7     24      7     11      6      4     18      11
   22          7      5      2     13     14      4      8       8
   23          4      8      2      4     12      1      2       5
 
TOTALS
 
12HR 7-19      -    386    269    300    213    132    426       -
16HR 6-22      -    464    306    348    233    141    500       -
18HR 6-24      -    477    310    365    259    146    510       -
24HR 0-24      -    482    319    374    268    157    518       -
 
 
 
 
*LOCATION   : ............................................................
*SITE NUMBER: 10700106
*FILE NUMBER:        2
*INTERVAL   :   15 MIN
*BATTERY    :    6.3 V
*RESTARTS   :        0
*CONFIG     :        0
*CHANNEL    :  1 OF  1
 
             TUE    WED    THU    FRI    SAT    SUN    MON    7-DAY
DATE    07/01/09     10     11     12     13     14     15   AVERAGE
 
START HOUR
 
    0          0      3      2      2      3      3      2       2
    1          0      2      5      1      2      0      0       1
    2          2      0      1      0      0      1      0       1
    3          0      0      0      1      1      1      1       1
    4          1      1      0      0      1      1      1       1
    5          3      2      2      1      1      0      4       2
    6         17     10     10     14      1      4     10       9
    7         39     36     26     27      0      5     30      23
    8         65     59     39     39      3      3     33      34
    9         32     33     26     25      6      4     30      22
   10         16     29     13     14      3      4     21      14
   11         33     23     12      8     12      9     13      16
   12         27     17     11     13     15      3     25      16
   13         31     24     13     12     13      9     19      17
   14         29     28     21     30      5      6     15      19
   15         43     52     33     32      8      5     38      30
   16         58     60     39     29     10      3     38      34
   17         68     44     29     17     11      6     43      31
   18         18     36     21     20      7      2     14      17
   19         22     17      9      9      5      2     14      11
   20         18     16     12      4      3      7     10      10
   21          7     11     11      4      2      5      8       7
   22          3      6      9      2      3      3      2       4
   23          6      3      2      0      3      2      1       2
 
TOTALS
 
12HR 7-19    459    441    283    266     93     59    319     274
16HR 6-22    523    495    325    297    104     77    361     312
18HR 6-24    532    504    336    299    110     82    364     318
24HR 0-24    538    512    346    304    118     88    372     325
 
 
 
 
*LOCATION   : ............................................................
*SITE NUMBER: 10700106
*FILE NUMBER:        2
*INTERVAL   :   15 MIN
*BATTERY    :    6.3 V
*RESTARTS   :        0
*CONFIG     :        0
*CHANNEL    :  1 OF  1
 
             TUE    WED    THU    FRI    SAT    SUN    MON    7-DAY
DATE    07/01/16     17     18     19     20     21     22   AVERAGE
 
START HOUR
 
    0          1      1      1      1      0      1      1       1
    1          0      1      2      0      0      0      4       1
    2          1      0      1      2      2      0      1       1
    3          1      2      0      1      1      2      2       1
    4          1      1      0      2      1      1      2       1
    5          1      2      2      3      1      0      0       1
    6         16     15      8     10      5      1     10       9
    7         25     30     25     28      2      0     20      19
    8         46     56     32     39      5      3     41      32
    9         27     36     26     27     11      4     25      22
   10         24     20     10     21     11     10     16      16
   11         14     23     11     21     12      2     11      13
   12         11     18     14     21     14      4     16      14
   13         14     24     15     22     23      9     17      18
   14         19     29     19     29     20      8     17      20
   15         41     42     32     32     20      5     23      28
   16         31     55     35     37     15      2     26      29
   17         45     43     32     23     16     11     31      29
   18         23     33     24     18     10      6     11      18
   19         17     17     11      7      5      5     14      11
   20         14     14     10      8      4      6     11      10
   21          6      7     10      7      1      4      8       6
   22          6      7      2      4      2      2      4       4
   23          3      3      3      4      3      6      3       4
 
TOTALS
 
12HR 7-19    320    409    275    318    159     64    254     257
16HR 6-22    373    462    314    350    174     80    297     293
18HR 6-24    382    472    319    358    179     88    304     300
24HR 0-24    387    479    325    367    184     92    314     307
 
 
 
 
*LOCATION   : ............................................................
*SITE NUMBER: 10700106
*FILE NUMBER:        2
*INTERVAL   :   15 MIN
*BATTERY    :    6.3 V
*RESTARTS   :        0
*CONFIG     :        0
*CHANNEL    :  1 OF  1
 
             TUE    WED    THU    FRI    SAT    SUN    MON    7-DAY
DATE    07/01/23     24     25     26     27     28     29   AVERAGE
 
START HOUR
 
    0          1      2      1      0      1      0      1       1
    1          0      0      0      1      1      0      3       1
    2          0      0      0      0      2      1      1       1
    3          0      0      0      1      1      4      0       1
    4          0      0      0      0      0      0      1       0
    5          4      1      5      2      0      0      2       2
    6          7     10     14      8      0      1      7       7
    7         28     28     45     15      1      3     25      21
    8         44     28     67     25      6      5     14      27
    9         28     21     24     24      9      1     18      18
   10         17      9     11      8      3      5     14      10
   11         18      9      7      3     17      6      6       9
   12         10     16     13     10      9     10     15      12
   13          6      9      9      8      8      6     12       8
   14          7     17     13     16     11     10     16      13
   15         27     23     24     11      8      4     15      16
   16         21     25     23     20     11      4     20      18
   17         27     37     28     13      7      7     25      21
   18         16     19     19     12      2      6      6      11
   19         10     13      5     10      6      3      9       8
   20         12      8     14      4      5      5     12       9
   21         12     11      5      1      1      2      8       6
   22          4      4      0      2      2      0      6       3
   23          1      4      1      2      2      1      0       2
 
TOTALS
 
12HR 7-19    249    241    283    165     92     67    186     183
16HR 6-22    290    283    321    188    104     78    222     212
18HR 6-24    295    291    322    192    108     79    228     216
24HR 0-24    300    294    328    196    113     84    236     222
 
 
 
 
*LOCATION   : ............................................................
*SITE NUMBER: 10700106
*FILE NUMBER:        2
*INTERVAL   :   15 MIN
*BATTERY    :    6.3 V
*RESTARTS   :        0
*CONFIG     :        0
*CHANNEL    :  1 OF  1
 
             TUE    WED    THU    FRI    SAT    SUN    MON    7-DAY
DATE    07/01/30     31     01     02     03     04     05   AVERAGE
 
START HOUR
 
    0          4      0      1      -      -      -      -       -
    1          4      0      0      -      -      -      -       -
    2          0      0      1      -      -      -      -       -
    3          0      0      0      -      -      -      -       -
    4          1      0      2      -      -      -      -       -
    5          1      2      2      -      -      -      -       -
    6         13     11     10      -      -      -      -       -
    7         27     15     25      -      -      -      -       -
    8         26     24     22      -      -      -      -       -
    9         21     13     16      -      -      -      -       -
   10         11      9      -      -      -      -      -       -
   11          9     16      -      -      -      -      -       -
   12         13      8      -      -      -      -      -       -
   13         17     12      -      -      -      -      -       -
   14         16     11      -      -      -      -      -       -
   15         24     24      -      -      -      -      -       -
   16         25     24      -      -      -      -      -       -
   17         32     25      -      -      -      -      -       -
   18         18     11      -      -      -      -      -       -
   19          9     10      -      -      -      -      -       -
   20         12      8      -      -      -      -      -       -
   21          7      7      -      -      -      -      -       -
   22          4      3      -      -      -      -      -       -
   23          4      1      -      -      -      -      -       -
 
TOTALS
 
12HR 7-19    239    192      -      -      -      -      -       -
16HR 6-22    280    228      -      -      -      -      -       -
18HR 6-24    288    232      -      -      -      -      -       -
24HR 0-24    298    234      -      -      -      -      -       -
 
