 
 
 
*LOCATION   : ............................................................
*SITE NUMBER: 11500128
*FILE NUMBER:        1
*INTERVAL   :   15 MIN
*BATTERY    :    6.4 V
*RESTARTS   :        0
*CONFIG     :        0
*CHANNEL    :  1 OF  1
 
             TUE    WED    THU    FRI    SAT    SUN    MON    7-DAY
DATE    07/01/02     03     04     05     06     07     08   AVERAGE
 
START HOUR
 
    0          -      1      1      2      4      2      1       -
    1          -      3      3      2      5      2      3       -
    2          -      2      2      0      0      0      1       -
    3          -      0      0      0      1      3      0       -
    4          -      1      1      0      0      0      0       -
    5          -      5      3      1      0      1      6       -
    6          -     15     19     18      4      1     15       -
    7          -     22     18     24      5      1     19       -
    8          -     27     27     21      3      3     33       -
    9          -     32     31     28      2      6     33       -
   10          -     22     14     16     10      8     20       -
   11         24     17     21     32     12     14     22      20
   12         20     30     13     31     20     14     19      21
   13         21     25     13     23     14     20     27      20
   14         17     25     17     27     18     14     21      20
   15         29     34     20     30     18     15     41      27
   16         31     47     35     38     10      9     54      32
   17         30     44     27     24      9     11     40      26
   18         20     26     15     19      1      7     23      16
   19         13     14     15      8      3      6      9      10
   20          8     10      5      8      5      3     17       8
   21          2      8     16     12     10      2     10       9
   22          6      8      3      6      4      2      5       5
   23          6      7      4      2      4      1      0       3
 
TOTALS
 
12HR 7-19      -    351    251    313    122    122    352       -
16HR 6-22      -    398    306    359    144    134    403       -
18HR 6-24      -    413    313    367    152    137    408       -
24HR 0-24      -    425    323    372    162    145    419       -
 
 
 
 
*LOCATION   : ............................................................
*SITE NUMBER: 11500128
*FILE NUMBER:        1
*INTERVAL   :   15 MIN
*BATTERY    :    6.4 V
*RESTARTS   :        0
*CONFIG     :        0
*CHANNEL    :  1 OF  1
 
             TUE    WED    THU    FRI    SAT    SUN    MON    7-DAY
DATE    07/01/09     10     11     12     13     14     15   AVERAGE
 
START HOUR
 
    0          1      2      4      2      2      4      3       3
    1          2      1      1      2      1      1      1       1
    2          1      0      0      0      1      1      1       1
    3          1      1      0      1      1      1      1       1
    4          0      0      1      0      0      1      1       0
    5          3      2      4      3      0      0      4       2
    6         19     13     15      9      2      0     12      10
    7         25     15     19     20      2      2     12      14
    8         39     36     41     32      4      0     25      25
    9         36     33     22     24      4      3     34      22
   10         46     26     19     25      7      5     18      21
   11         35     37     14     22     14      9     13      21
   12         30     29     14     23      4      3     22      18
   13         41     21     21     24      6      8     25      21
   14         28     50     17     18     11      5     19      21
   15         45     39     35     31      3      8     30      27
   16         63     45     27     29      4      5     33      29
   17         44     37     24     25      4      8     32      25
   18         23     27     23     23      3      5     24      18
   19         16     16     10     10      4      7     12      11
   20         11     17      5      4      4     10     10       9
   21          7     16      5      9      2      6      5       7
   22          8      6      9      5      3      4      4       6
   23          1      3      2      4      7      3      0       3
 
TOTALS
 
12HR 7-19    455    395    276    296     66     61    287     262
16HR 6-22    508    457    311    328     78     84    326     299
18HR 6-24    517    466    322    337     88     91    330     307
24HR 0-24    525    472    332    345     93     99    341     315
 
 
 
 
*LOCATION   : ............................................................
*SITE NUMBER: 11500128
*FILE NUMBER:        1
*INTERVAL   :   15 MIN
*BATTERY    :    6.4 V
*RESTARTS   :        0
*CONFIG     :        0
*CHANNEL    :  1 OF  1
 
             TUE    WED    THU    FRI    SAT    SUN    MON    7-DAY
DATE    07/01/16     17     18     19     20     21     22   AVERAGE
 
START HOUR
 
    0          4      1      3      6      4      2      2       3
    1          3      0      1      2      5      0      2       2
    2          1      1      1      0      1      1      1       1
    3          0      1      1      0      5      1      1       1
    4          2      1      1      1      1      0      1       1
    5          6      5      1      3      0      0      4       3
    6         16     14      9      9      2      0      8       8
    7         18     25     16     20      1      0     10      13
    8         26     34     19     44      4      4     17      21
    9         36     39     18     29      6      1     25      22
   10         27     27     14     27     12      2     16      18
   11         21     23     19     32      8      5     14      17
   12         21     27     23     34     12      5     11      19
   13         29     21     24     21      9      5      9      17
   14         24     29     30     26     21      2     12      21
   15         32     37     22     23      9      3     20      21
   16         37     38     36     24     11      8     21      25
   17         35     54     27     20      7      6     21      24
   18         17     26     16     11      7      1     12      13
   19         18     14      7      8      3      1      6       8
   20         13     11     11     11      4      2      8       9
   21          9     12     13      5      2      3     15       8
   22          4     10      8      4      1      1      1       4
   23          1      3      4      3      2      3      0       2
 
TOTALS
 
12HR 7-19    323    380    264    311    107     42    188     231
16HR 6-22    379    431    304    344    118     48    225     264
18HR 6-24    384    444    316    351    121     52    226     271
24HR 0-24    400    453    324    363    137     56    237     281
 
 
 
 
*LOCATION   : ............................................................
*SITE NUMBER: 11500128
*FILE NUMBER:        1
*INTERVAL   :   15 MIN
*BATTERY    :    6.4 V
*RESTARTS   :        0
*CONFIG     :        0
*CHANNEL    :  1 OF  1
 
             TUE    WED    THU    FRI    SAT    SUN    MON    7-DAY
DATE    07/01/23     24     25     26     27     28     29   AVERAGE
 
START HOUR
 
    0          2      0      1      1      1      2      2       1
    1          2      1      2      4      0      1      1       2
    2          1      2      1      0      0      1      0       1
    3          0      0      1      0      0      0      0       0
    4          2      2      2      2      1      0      0       1
    5          2      3      2      2      0      0      1       1
    6          5     11     10      5      0      0      4       5
    7         13     15     14      9      4      1      9       9
    8         22     23     23     25      3      0     21      17
    9         18     16     17     13      6      6     19      14
   10         18     17     13      9      4      2     13      11
   11         20     10     13     13      9      4     18      12
   12         11     17     13     10      2      9     15      11
   13         11     11      6     19     11      3      4       9
   14          7     13     14      9      8     11     12      11
   15         22     17     19     10      9      5     19      14
   16         30     26     15     22      2      4     11      16
   17         14     24     20     10      3      7     17      14
   18         14     10     19     11      1      4     10      10
   19          5     12      9      5      0      3      4       5
   20          9      5      7      7      2      3      4       5
   21          9      6      3      0      4      5      3       4
   22          4      3      4      2      1      4      1       3
   23          2      3      1      2      1      0      2       2
 
TOTALS
 
12HR 7-19    200    199    186    160     62     56    168     147
16HR 6-22    228    233    215    177     68     67    183     167
18HR 6-24    234    239    220    181     70     71    186     172
24HR 0-24    243    247    229    190     72     75    190     178
 
 
 
 
*LOCATION   : ............................................................
*SITE NUMBER: 11500128
*FILE NUMBER:        1
*INTERVAL   :   15 MIN
*BATTERY    :    6.4 V
*RESTARTS   :        0
*CONFIG     :        0
*CHANNEL    :  1 OF  1
 
             TUE    WED    THU    FRI    SAT    SUN    MON    7-DAY
DATE    07/01/30     31     01     02     03     04     05   AVERAGE
 
START HOUR
 
    0          0      0      3      -      -      -      -       -
    1          3      1      2      -      -      -      -       -
    2          0      0      0      -      -      -      -       -
    3          0      0      1      -      -      -      -       -
    4          2      2      1      -      -      -      -       -
    5          1      0      3      -      -      -      -       -
    6         12      6      7      -      -      -      -       -
    7         19     15     15      -      -      -      -       -
    8         24     18     17      -      -      -      -       -
    9         24     19     24      -      -      -      -       -
   10         13     16      -      -      -      -      -       -
   11         19     20      -      -      -      -      -       -
   12         12     10      -      -      -      -      -       -
   13          7      8      -      -      -      -      -       -
   14         16     13      -      -      -      -      -       -
   15         16     23      -      -      -      -      -       -
   16         24     19      -      -      -      -      -       -
   17         21     15      -      -      -      -      -       -
   18         10     10      -      -      -      -      -       -
   19          4      8      -      -      -      -      -       -
   20          9      3      -      -      -      -      -       -
   21          3      5      -      -      -      -      -       -
   22          5      3      -      -      -      -      -       -
   23          1      2      -      -      -      -      -       -
 
TOTALS
 
12HR 7-19    205    186      -      -      -      -      -       -
16HR 6-22    233    208      -      -      -      -      -       -
18HR 6-24    239    213      -      -      -      -      -       -
24HR 0-24    245    216      -      -      -      -      -       -
 
