*LOCATION	: ..	........	.......	.......	.......	.......	.......	...............
*SITE NUMB	ER: 10	704406						
*FILE NUMB	ER:	2						
*INTERVAL	:	15 MIN						
*BATTERY	:	6.3 V						
*RESTARTS	:	0						
*CONFIG	:	0						
*CHANNEL	:  1	OF  1						

	MON	TUE	WED	THU	FRI	SAT	SUN	7-DAY
DATE    06	/10/30	31	1	2	3	4	5	AVERAGE

START HOUR								

0	-	4	5	0	3	2	0	-
1	-	0	0	1	3	3	2	-
2	-	0	0	1	3	1	1	-
3	-	1	2	1	0	3	1	-
4	-	1	2	2	0	0	0	-
5	-	3	3	2	4	0	0	-
6	-	17	14	8	11	0	2	-
7	-	73	33	20	21	2	2	-
8	-	94	61	32	31	4	4	-
9	-	62	46	35	18	4	1	-
10	-	41	17	13	23	4	4	-
11	-	27	13	16	15	6	15	-
12	21	19	16	15	20	12	18	17
13	17	28	32	18	20	12	15	20
14	36	22	39	16	27	25	16	26
15	64	37	25	25	29	10	16	29
16	99	56	59	35	20	13	6	41
17	73	53	66	20	25	8	11	37
18	39	45	25	17	12	6	19	23
19	31	14	20	13	11	4	3	14
20	27	18	11	13	7	4	1	12
21	8	11	9	10	6	2	5	7
22	12	2	3	5	4	3	6	5
23	5	4	4	3	1	2	1	3

TOTALS								
	432							
12HR 7-19	-	557	432	262	261	106	127	-
16HR 6-22	-	617	486	306	296	116	138	-
18HR 6-24	-	623	493	314	301	121	145	-
24HR 0-24	-	632	505	321	314	130	149	-
								



*LOCATION	: ..	........	.......	.......	.......	.......	.......	...............
*SITE NUMB	ER: 10	704406						
*FILE NUMB	ER:	2						
*INTERVAL	:	15 MIN						
*BATTERY	:	6.3 V						
*RESTARTS	:	0						
*CONFIG	:	0						
*CHANNEL	:  1	OF  1						

	MON	TUE	WED	THU	FRI	SAT	SUN	7-DAY
DATE    06	/11/06	7	8	9	10	11	12	AVERAGE

START HOUR								

0	1	2	2	0	0	2	0	1
1	2	0	0	1	0	2	1	1
2	0	1	0	2	1	1	2	1
3	0	0	0	1	0	4	5	1
4	0	1	0	1	2	0	1	1
5	2	1	1	3	3	1	1	2
6	13	10	16	15	11	2	2	10
7	24	26	31	27	21	2	1	19
8	37	40	45	43	47	7	2	32
9	16	21	34	37	32	9	6	22
10	7	24	19	22	22	8	5	15
11	12	12	10	15	15	12	4	11
12	8	15	17	12	21	22	8	15
13	9	13	25	22	26	18	6	17
14	8	15	28	37	26	15	6	19
15	16	32	39	34	30	19	11	26
16	35	38	41	35	37	12	6	29
17	25	36	33	25	29	6	13	24
18	13	28	29	16	25	12	6	18
19	10	20	9	12	13	7	5	11
20	12	12	9	8	10	4	7	9
21	8	6	6	7	11	3	2	6
22	3	2	5	6	4	7	1	4
23	1	3	4	2	2	2	3	2

TOTALS								

12HR 7-19	210	300	351	325	331	142	74	248
16HR 6-22	253	348	391	367	376	158	90	283
18HR 6-24	257	353	400	375	382	167	94	290
24HR 0-24	262	358	403	383	388	177	104	296
								



*LOCATION	: ..	........	.......	.......	.......	.......	.......	...............
*SITE NUMB	ER: 10	704406						
*FILE NUMB	ER:	2						
*INTERVAL	:	15 MIN						
*BATTERY	:	6.3 V						
*RESTARTS	:	0						
*CONFIG	:	0						
*CHANNEL	:  1	OF  1						

	MON	TUE	WED	THU	FRI	SAT	SUN	7-DAY
DATE    06	/11/13	14	15	16	17	18	19	AVERAGE

START HOUR								

0	0	0	1	6	1	1	3	2
1	2	1	0	2	1	5	2	2
2	0	1	0	1	0	1	0	0
3	1	0	0	0	0	2	2	1
4	0	0	0	1	5	0	0	1
5	2	2	3	3	3	2	0	2
6	11	17	15	16	11	5	5	11
7	31	37	28	31	35	3	2	24
8	45	47	48	47	56	12	4	37
9	33	22	43	36	40	13	5	27
10	16	24	20	30	32	13	4	20
11	10	17	11	20	19	18	10	15
12	13	13	8	23	26	17	18	17
13	14	26	18	22	30	12	20	20
14	23	21	19	25	43	20	16	24
15	33	31	37	39	43	21	24	33
16	36	42	41	48	46	15	17	35
17	45	34	26	52	44	18	22	34
18	19	23	33	30	21	11	12	21
19	16	9	6	20	18	4	15	13
20	12	12	17	17	19	4	7	13
21	4	7	10	13	7	4	8	8
22	5	7	4	9	7	4	4	6
23	1	1	4	5	5	6	2	3

TOTALS								

12HR 7-19	318	337	332	403	435	173	154	307
16HR 6-22	361	382	380	469	490	190	189	352
18HR 6-24	367	390	388	483	502	200	195	361
24HR 0-24	372	394	392	496	512	211	202	368
								



*LOCATION	: ..	........	.......	.......	.......	.......	.......	...............
*SITE NUMB	ER: 10	704406						
*FILE NUMB	ER:	2						
*INTERVAL	:	15 MIN						
*BATTERY	:	6.3 V						
*RESTARTS	:	0						
*CONFIG	:	0						
*CHANNEL	:  1	OF  1						

	MON	TUE	WED	THU	FRI	SAT	SUN	7-DAY
DATE    06	/11/20	21	22	23	24	25	26	AVERAGE

START HOUR								

0	0	3	1	2	3	4	6	3
1	1	1	4	1	0	0	2	1
2	0	2	1	1	2	4	2	2
3	0	1	0	0	0	2	2	1
4	2	0	1	2	2	6	5	3
5	3	3	3	3	3	4	0	3
6	19	22	20	19	15	3	5	15
7	40	58	43	42	30	4	1	31
8	79	82	74	75	60	5	4	54
9	37	59	41	31	42	15	5	33
10	21	34	27	22	25	9	6	21
11	15	39	25	14	27	27	14	23
12	45	28	23	13	24	29	21	26
13	29	42	33	21	12	27	26	27
14	25	35	36	21	25	37	23	29
15	36	41	38	37	38	26	23	34
16	63	58	62	43	43	17	16	43
17	56	55	55	34	37	14	27	40
18	25	48	46	31	20	11	13	28
19	25	34	20	25	12	15	8	20
20	22	22	25	14	16	6	2	15
21	11	18	12	14	8	4	6	10
22	7	9	7	4	6	6	6	6
23	3	4	5	4	5	7	3	4

TOTALS								

12HR 7-19	471	579	503	384	383	221	179	389
16HR 6-22	548	675	580	456	434	249	200	449
18HR 6-24	558	688	592	464	445	262	209	460
24HR 0-24	564	698	602	473	455	282	226	471
								



*LOCATION	: ..	........	.......	.......	.......	.......	.......	...............
*SITE NUMB	ER: 10	704406						
*FILE NUMB	ER:	2						
*INTERVAL	:	15 MIN						
*BATTERY	:	6.3 V						
*RESTARTS	:	0						
*CONFIG	:	0						
*CHANNEL	:  1	OF  1						

	MON	TUE	WED	THU	FRI	SAT	SUN	7-DAY
DATE    06	/11/27	28	29	30	1	2	3	AVERAGE

START HOUR								

0	1	1	3	4	2	2	0	2
1	2	2	1	3	1	1	2	2
2	0	0	1	1	2	2	4	1
3	1	0	1	2	1	3	2	1
4	0	2	0	5	4	3	2	2
5	2	4	6	3	6	2	0	3
6	23	16	14	20	17	3	2	14
7	46	57	40	39	31	2	2	31
8	72	83	62	84	65	8	4	54
9	48	45	40	51	43	11	3	34
10	25	38	24	25	28	20	11	24
11	48	24	17	32	29	21	19	27
12	23	20	18	25	37	34	17	25
13	40	25	20	25	42	33	27	30
14	45	30	32	29	31	36	32	34
15	60	48	50	53	53	27	28	46
16	67	54	51	67	54	17	18	47
17	60	59	55	60	44	22	12	45
18	33	37	33	36	29	18	20	29
19	23	29	22	17	25	5	10	19
20	25	20	19	17	16	1	11	16
21	9	4	3	15	11	5	5	7
22	8	13	8	7	8	2	2	7
23	5	6	2	2	4	4	0	3

TOTALS								

12HR 7-19	567	520	442	526	486	249	193	426
16HR 6-22	647	589	500	595	555	263	221	481
18HR 6-24	660	608	510	604	567	269	223	492
24HR 0-24	666	617	522	622	583	282	233	504
								



*LOCATION	: ..	........	.......	.......	.......	.......	.......	...............
*SITE NUMB	ER: 10	704406						
*FILE NUMB	ER:	2						
*INTERVAL	:	15 MIN						
*BATTERY	:	6.3 V						
*RESTARTS	:	0						
*CONFIG	:	0						
*CHANNEL	:  1	OF  1						

	MON	TUE	WED	THU	FRI	SAT	SUN	7-DAY
DATE    06	/12/04	5	6	7	8	9	10	AVERAGE

START HOUR								

0	1	-	-	-	-	-	-	-
1	2	-	-	-	-	-	-	-
2	1	-	-	-	-	-	-	-
3	1	-	-	-	-	-	-	-
4	0	-	-	-	-	-	-	-
5	4	-	-	-	-	-	-	-
6	23	-	-	-	-	-	-	-
7	36	-	-	-	-	-	-	-
8	50	-	-	-	-	-	-	-
9	33	-	-	-	-	-	-	-
10	25	-	-	-	-	-	-	-
11	13	-	-	-	-	-	-	-
12	-	-	-	-	-	-	-	-
13	-	-	-	-	-	-	-	-
14	-	-	-	-	-	-	-	-
15	-	-	-	-	-	-	-	-
16	-	-	-	-	-	-	-	-
17	-	-	-	-	-	-	-	-
18	-	-	-	-	-	-	-	-
19	-	-	-	-	-	-	-	-
20	-	-	-	-	-	-	-	-
21	-	-	-	-	-	-	-	-
22	-	-	-	-	-	-	-	-
23	-	-	-	-	-	-	-	-

TOTALS								

12HR 7-19	-	-	-	-	-	-	-	-
16HR 6-22	-	-	-	-	-	-	-	-
18HR 6-24	-	-	-	-	-	-	-	-
24HR 0-24	-	-	-	-	-	-	-	-
								
								
