*LOCATION	: ..	........	.......	.......	.......	.......	.......	...............
*SITE NUMB	ER: 10	701806						
*FILE NUMB	ER:	2						
*INTERVAL	:	15 MIN						
*BATTERY	:	6.3 V						
*RESTARTS	:	0						
*CONFIG	:	0						
*CHANNEL	:  1	OF  1						

	TUE	WED	THU	FRI	SAT	SUN	MON	7-DAY
DATE    06	/05/02	3	4	5	6	7	8	AVERAGE

START HOUR								

0	-	2	5	8	22	7	3	-
1	-	2	1	6	15	14	5	-
2	-	1	1	5	11	6	0	-
3	-	1	3	6	3	6	2	-
4	-	2	3	2	7	3	2	-
5	-	14	20	12	4	5	19	-
6	-	52	53	54	10	7	51	-
7	-	149	158	142	14	7	213	-
8	-	231	218	217	40	18	275	-
9	-	87	127	114	41	32	161	-
10	-	76	77	79	51	57	84	-
11	-	57	66	76	84	92	88	-
12	48	62	75	102	129	121	96	90
13	63	70	79	86	132	139	90	94
14	93	87	104	102	110	130	112	105
15	147	152	161	173	101	89	192	145
16	207	230	256	235	100	105	280	202
17	169	194	219	180	98	98	263	174
18	121	133	170	102	101	92	186	129
19	87	114	116	95	76	82	147	102
20	69	76	109	131	56	62	107	87
21	49	58	57	89	32	26	78	56
22	18	22	26	63	30	22	22	29
23	9	7	18	26	21	10	10	14

TOTALS								
	1080							
12HR 7-19	-	1528	1710	1608	1001	980	2040	-
16HR 6-22	-	1828	2045	1977	1175	1157	2423	-
18HR 6-24	-	1857	2089	2066	1226	1189	2455	-
24HR 0-24	-	1879	2122	2105	1288	1230	2486	-
								



*LOCATION	: ..	........	.......	.......	.......	.......	.......	...............
*SITE NUMB	ER: 10	701806						
*FILE NUMB	ER:	2						
*INTERVAL	:	15 MIN						
*BATTERY	:	6.3 V						
*RESTARTS	:	0						
*CONFIG	:	0						
*CHANNEL	:  1	OF  1						

	TUE	WED	THU	FRI	SAT	SUN	MON	7-DAY
DATE    06	/05/09	10	11	12	13	14	15	AVERAGE

START HOUR								

0	2	8	9	14	5	9	2	7
1	2	4	6	6	5	12	0	5
2	4	4	6	4	3	5	1	4
3	3	1	0	0	6	8	2	3
4	5	2	4	1	7	9	0	4
5	20	17	15	18	3	3	14	13
6	75	54	63	63	12	3	57	47
7	220	216	190	159	15	11	175	141
8	289	293	279	238	25	12	241	197
9	159	148	139	140	51	26	143	115
10	132	98	102	82	57	34	74	83
11	79	77	104	79	87	42	68	77
12	105	95	91	103	86	45	36	80
13	98	97	86	103	91	47	48	81
14	130	110	124	123	87	31	59	95
15	205	215	211	195	71	26	132	151
16	338	306	260	257	70	23	203	208
17	245	246	243	189	51	21	172	167
18	229	197	193	124	47	42	108	134
19	127	155	138	107	38	54	88	101
20	126	88	104	74	39	31	40	72
21	81	81	57	49	24	25	33	50
22	39	38	39	30	21	7	23	28
23	19	22	23	17	16	6	6	16

TOTALS								

12HR 7-19	2229	2098	2022	1792	738	360	1459	1528
16HR 6-22	2638	2476	2384	2085	851	473	1677	1798
18HR 6-24	2696	2536	2446	2132	888	486	1706	1841
24HR 0-24	2732	2572	2486	2175	917	532	1725	1877
								



*LOCATION	: ..	........	.......	.......	.......	.......	.......	...............
*SITE NUMB	ER: 10	701806						
*FILE NUMB	ER:	2						
*INTERVAL	:	15 MIN						
*BATTERY	:	6.3 V						
*RESTARTS	:	0						
*CONFIG	:	0						
*CHANNEL	:  1	OF  1						

	TUE	WED	THU	FRI	SAT	SUN	MON	7-DAY
DATE    06	/05/16	17	18	19	20	21	22	AVERAGE

START HOUR								

0	3	11	8	16	6	3	5	7
1	0	5	3	7	11	9	1	5
2	2	1	3	2	0	5	0	2
3	1	1	2	3	6	5	2	3
4	1	4	3	7	5	5	4	4
5	22	20	9	12	3	2	16	12
6	46	53	49	33	3	5	55	35
7	172	171	156	128	9	3	176	116
8	246	256	236	181	19	14	282	176
9	127	125	146	95	34	9	148	98
10	78	69	90	61	34	26	103	66
11	70	74	71	51	46	44	99	65
12	65	69	65	58	69	49	105	69
13	122	99	70	70	49	71	94	82
14	84	113	107	88	71	97	123	98
15	164	199	178	125	53	90	175	141
16	264	210	245	172	30	77	303	186
17	191	218	202	100	25	63	237	148
18	135	123	133	82	30	68	191	109
19	136	125	96	42	21	59	160	91
20	78	84	72	46	18	38	125	66
21	67	60	49	28	15	26	64	44
22	33	29	20	24	15	8	34	23
23	11	21	10	14	10	11	13	13

TOTALS								

12HR 7-19	1718	1726	1699	1211	469	611	2036	1353
16HR 6-22	2045	2048	1965	1360	526	739	2440	1589
18HR 6-24	2089	2098	1995	1398	551	758	2487	1625
24HR 0-24	2118	2140	2023	1445	582	787	2515	1659
								



*LOCATION	: ..	........	.......	.......	.......	.......	.......	...............
*SITE NUMB	ER: 10	701806						
*FILE NUMB	ER:	2						
*INTERVAL	:	15 MIN						
*BATTERY	:	6.3 V						
*RESTARTS	:	0						
*CONFIG	:	0						
*CHANNEL	:  1	OF  1						

	TUE	WED	THU	FRI	SAT	SUN	MON	7-DAY
DATE    06	/05/23	24	25	26	27	28	29	AVERAGE

START HOUR								

0	9	5	10	5	13	9	2	8
1	4	2	7	5	8	4	5	5
2	1	1	8	0	11	5	4	4
3	3	3	5	3	4	8	0	4
4	1	0	7	4	7	4	6	4
5	14	11	4	10	4	3	13	8
6	49	32	8	15	9	6	64	26
7	131	101	10	44	14	6	190	71
8	143	131	17	80	20	8	274	96
9	41	34	24	58	43	28	145	53
10	24	36	54	45	32	44	80	45
11	13	37	66	40	74	90	81	57
12	21	35	64	59	132	126	84	74
13	20	48	81	77	165	153	97	92
14	32	55	110	78	177	131	97	97
15	77	104	78	89	190	123	176	120
16	124	148	85	109	182	112	290	150
17	130	109	43	92	121	121	231	121
18	78	90	38	86	128	155	163	105
19	75	55	34	88	102	92	142	84
20	51	33	27	72	63	56	87	56
21	38	28	21	71	34	39	77	44
22	19	16	14	71	23	25	27	28
23	18	11	5	27	8	12	15	14

TOTALS								

12HR 7-19	834	928	670	857	1278	1097	1908	1082
16HR 6-22	1047	1076	760	1103	1486	1290	2278	1291
18HR 6-24	1084	1103	779	1201	1517	1327	2320	1333
24HR 0-24	1116	1125	820	1228	1564	1360	2350	1366
								



*LOCATION	: ..	........	.......	.......	.......	.......	.......	...............
*SITE NUMB	ER: 10	701806						
*FILE NUMB	ER:	2						
*INTERVAL	:	15 MIN						
*BATTERY	:	6.3 V						
*RESTARTS	:	0						
*CONFIG	:	0						
*CHANNEL	:  1	OF  1						

	TUE	WED	THU	FRI	SAT	SUN	MON	7-DAY
DATE    06	/05/30	31	1	2	3	4	5	AVERAGE

START HOUR								

0	8	9	-	-	-	-	-	-
1	4	7	-	-	-	-	-	-
2	4	4	-	-	-	-	-	-
3	1	2	-	-	-	-	-	-
4	2	4	-	-	-	-	-	-
5	14	11	-	-	-	-	-	-
6	84	60	-	-	-	-	-	-
7	201	192	-	-	-	-	-	-
8	275	294	-	-	-	-	-	-
9	142	129	-	-	-	-	-	-
10	95	91	-	-	-	-	-	-
11	89	90	-	-	-	-	-	-
12	84	-	-	-	-	-	-	-
13	108	-	-	-	-	-	-	-
14	112	-	-	-	-	-	-	-
15	220	-	-	-	-	-	-	-
16	283	-	-	-	-	-	-	-
17	218	-	-	-	-	-	-	-
18	181	-	-	-	-	-	-	-
19	146	-	-	-	-	-	-	-
20	98	-	-	-	-	-	-	-
21	66	-	-	-	-	-	-	-
22	27	-	-	-	-	-	-	-
23	17	-	-	-	-	-	-	-
		893						
TOTALS								

12HR 7-19	2008	-	-	-	-	-	-	-
16HR 6-22	2402	-	-	-	-	-	-	-
18HR 6-24	2446	-	-	-	-	-	-	-
24HR 0-24	2479	-	-	-	-	-	-	-
								
								
