*LOCATION	: ..	........	.......	.......	.......	.......	.......	...............
*SITE NUMB	ER: 11	801813						
*FILE NUMB	ER:	6						
*INTERVAL	:	15 MIN						
*BATTERY	:	6.3 V						
*RESTARTS	:	0						
*CONFIG	:	0						
*CHANNEL	:  1	OF  1						

	WED	THU	FRI	SAT	SUN	MON	TUE	7-DAY
DATE    06	/05/03	4	5	6	7	8	9	AVERAGE

START HOUR								

0	-	0	3	3	4	3	1	-
1	-	2	3	5	5	1	0	-
2	-	1	3	2	1	1	3	-
3	-	2	0	0	4	0	1	-
4	-	0	1	0	2	0	2	-
5	-	16	14	2	2	18	15	-
6	-	47	68	10	7	63	70	-
7	-	82	90	15	14	115	113	-
8	-	52	58	21	37	79	63	-
9	-	28	32	46	68	42	45	-
10	-	35	32	49	83	36	38	-
11	-	45	35	72	135	38	48	-
12	-	42	62	96	135	56	60	-
13	-	60	62	91	104	53	65	-
14	53	79	86	89	141	66	54	81
15	79	83	99	103	100	109	97	96
16	106	110	120	119	102	158	167	126
17	79	97	81	82	105	124	99	95
18	76	84	77	98	91	78	84	84
19	54	81	47	53	78	70	118	72
20	43	52	47	49	45	77	77	56
21	17	24	29	27	43	19	40	28
22	9	15	38	14	11	15	6	15
23	4	4	12	18	1	2	2	6
	520							
TOTALS								

12HR 7-19	-	797	834	881	1115	954	933	-
16HR 6-22	-	1001	1025	1020	1288	1183	1238	-
18HR 6-24	-	1020	1075	1052	1300	1200	1246	-
24HR 0-24	-	1041	1099	1064	1318	1223	1268	-
								



*LOCATION	: ..	........	.......	.......	.......	.......	.......	...............
*SITE NUMB	ER: 11	801813						
*FILE NUMB	ER:	6						
*INTERVAL	:	15 MIN						
*BATTERY	:	6.3 V						
*RESTARTS	:	0						
*CONFIG	:	0						
*CHANNEL	:  1	OF  1						

	WED	THU	FRI	SAT	SUN	MON	TUE	7-DAY
DATE    06	/05/10	11	12	13	14	15	16	AVERAGE

START HOUR								

0	6	2	3	7	1	0	0	3
1	3	2	1	3	3	0	0	2
2	1	1	1	3	0	0	1	1
3	1	2	1	2	1	0	0	1
4	2	3	0	0	2	0	1	1
5	16	14	13	1	2	11	8	9
6	60	57	58	4	8	50	57	42
7	115	94	93	11	11	88	74	69
8	54	59	58	37	21	44	47	46
9	50	31	30	40	27	28	38	35
10	42	30	33	51	59	29	31	39
11	49	42	52	78	94	28	19	52
12	40	45	51	71	50	27	39	46
13	72	68	66	66	36	30	45	55
14	72	59	96	54	31	46	53	59
15	116	78	106	53	22	42	84	72
16	133	141	100	58	37	90	125	98
17	103	93	71	47	30	49	75	67
18	95	96	60	41	40	28	79	63
19	82	71	68	36	55	50	74	62
20	61	70	49	32	40	39	65	51
21	34	42	17	24	20	17	21	25
22	9	9	17	10	5	14	17	12
23	0	2	17	1	1	10	4	5

TOTALS								

12HR 7-19	941	836	816	607	458	529	709	699
16HR 6-22	1178	1076	1008	703	581	685	926	880
18HR 6-24	1187	1087	1042	714	587	709	947	896
24HR 0-24	1216	1111	1061	730	596	720	957	913
								



*LOCATION	: ..	........	.......	.......	.......	.......	.......	...............
*SITE NUMB	ER: 11	801813						
*FILE NUMB	ER:	6						
*INTERVAL	:	15 MIN						
*BATTERY	:	6.3 V						
*RESTARTS	:	0						
*CONFIG	:	0						
*CHANNEL	:  1	OF  1						

	WED	THU	FRI	SAT	SUN	MON	TUE	7-DAY
DATE    06	/05/17	18	19	20	21	22	23	AVERAGE

START HOUR								

0	2	3	1	3	2	0	4	2
1	0	0	0	5	3	1	1	1
2	0	1	1	1	5	2	2	2
3	1	1	1	1	0	1	3	1
4	1	2	1	3	1	0	1	1
5	14	12	8	0	1	15	11	9
6	49	47	34	4	6	61	39	34
7	80	75	66	5	8	101	70	58
8	50	51	42	13	15	63	38	39
9	40	49	34	16	21	33	11	29
10	31	35	26	19	34	47	16	30
11	34	47	20	41	56	45	7	36
12	56	62	31	43	75	44	17	47
13	58	51	38	38	61	65	14	46
14	61	59	30	44	80	58	27	51
15	92	78	55	29	110	91	32	70
16	104	89	58	16	75	137	65	78
17	86	56	35	12	61	110	34	56
18	78	61	20	16	52	106	46	54
19	61	65	24	23	68	90	38	53
20	46	35	19	13	36	76	26	36
21	29	24	23	16	17	52	27	27
22	14	9	15	6	11	15	7	11
23	5	3	1	2	6	5	1	3

TOTALS								

12HR 7-19	770	713	455	292	648	900	377	594
16HR 6-22	955	884	555	348	775	1179	507	743
18HR 6-24	974	896	571	356	792	1199	515	758
24HR 0-24	992	915	583	369	804	1218	537	774
								



*LOCATION	: ..	........	.......	.......	.......	.......	.......	...............
*SITE NUMB	ER: 11	801813						
*FILE NUMB	ER:	6						
*INTERVAL	:	15 MIN						
*BATTERY	:	6.3 V						
*RESTARTS	:	0						
*CONFIG	:	0						
*CHANNEL	:  1	OF  1						

	WED	THU	FRI	SAT	SUN	MON	TUE	7-DAY
DATE    06	/05/24	25	26	27	28	29	30	AVERAGE

START HOUR								

0	0	4	2	0	6	3	2	2
1	1	3	0	0	1	0	0	1
2	3	1	0	1	0	0	1	1
3	1	0	0	0	0	1	0	0
4	1	0	1	1	0	2	4	1
5	10	6	4	4	3	19	13	8
6	29	8	12	9	9	49	54	24
7	58	50	28	7	10	106	82	44
8	22	17	16	19	16	54	53	28
9	8	44	21	15	27	36	41	27
10	18	52	10	40	44	42	40	35
11	20	50	48	49	49	46	51	51
12	20	50	25	60	65	53	45	55
13	25	60	68	69	91	60	57	67
14	42	93	42	55	77	62	67	63
15	47	72	41	65	38	82	98	63
16	78	101	48	50	64	122	135	85
17	52	36	57	81	48	104	88	67
18	46	21	43	53	61	76	77	54
19	31	36	17	41	70	60	92	50
20	27	28	28	18	50	59	65	39
21	22	11	17	19	19	29	35	22
22	14	13	10	13	9	12	14	12
23	5	2	10	8	4	7	4	6

TOTALS								

12HR 7-19	436	765	447	563	590	843	834	640
16HR 6-22	545	848	521	650	738	1040	1080	775
18HR 6-24	564	863	541	671	751	1059	1098	792
24HR 0-24	580	758	548	677	761	1084	1118	806
								



*LOCATION	: ..	........	.......	.......	.......	.......	.......	...............
*SITE NUMB	ER: 11	801813						
*FILE NUMB	ER:	6						
*INTERVAL	:	15 MIN						
*BATTERY	:	6.3 V						
*RESTARTS	:	0						
*CONFIG	:	0						
*CHANNEL	:  1	OF  1						

	WED	THU	FRI	SAT	SUN	MON	TUE	7-DAY
DATE    06	/05/31	1	2	3	4	5	6	AVERAGE

START HOUR								

0	0	-	-	-	-	-	-	-
1	1	-	-	-	-	-	-	-
2	2	-	-	-	-	-	-	-
3	0	-	-	-	-	-	-	-
4	3	-	-	-	-	-	-	-
5	13	-	-	-	-	-	-	-
6	53	-	-	-	-	-	-	-
7	103	-	-	-	-	-	-	-
8	49	-	-	-	-	-	-	-
9	43	-	-	-	-	-	-	-
10	121	-	-	-	-	-	-	-
11	65	-	-	-	-	-	-	-
12	75	-	-	-	-	-	-	-
13	71	-	-	-	-	-	-	-
14	-	-	-	-	-	-	-	-
15	-	-	-	-	-	-	-	-
16	-	-	-	-	-	-	-	-
17	-	-	-	-	-	-	-	-
18	-	-	-	-	-	-	-	-
19	-	-	-	-	-	-	-	-
20	-	-	-	-	-	-	-	-
21	-	-	-	-	-	-	-	-
22								
	599							
