 
 
 
*LOCATION   : ............................................................
*SITE NUMBER: 11600501
*FILE NUMBER:        6
*INTERVAL   :   15 MIN
*BATTERY    :    6.4 V
*RESTARTS   :        0
*CONFIG     :        0
*CHANNEL    :  1 OF  1
 
             THU    FRI    SAT    SUN    MON    TUE    WED    7-DAY
DATE    09/01/29     30     31     01     02     03     04   AVERAGE
 
START HOUR
 
    0          -      0      0      0      0      2      0       -
    1          -      0      0      0      0      0      0       -
    2          -      0      1      3      1      2      2       -
    3          -      1      1      1      1      1      2       -
    4          -      0      0      1      1      0      0       -
    5          -      4      1      2      5      7      4       -
    6          -     13      3      3     13     13     16       -
    7          -     14      2      1     16     18     19       -
    8          -     14      6      1     21     16     14       -
    9          -     13      4      2      7     12     13       -
   10          -     12      9      2      5     11     11       -
   11          -     14      7      5      8     14     21       -
   12          -     15     13      6     13      8     34       -
   13          -     33     20      2     20     25     23       -
   14          -     23     11     11     45     38     31       -
   15         36     42     20      7     49     39     41      33
   16         24     36     13     10     42     32     31      27
   17         19     19      5      8     15     14     16      14
   18          9     10      7      3      8     23     16      11
   19          5     12      1      2     12      5     12       7
   20          4      5      1      2      6      6     10       5
   21          2      1      2      1      6      6      7       4
   22          2      3      1      2      2      2      2       2
   23          1      2      0      1      0      0      2       1
 
TOTALS
 
12HR 7-19      -    245    117     58    249    250    270       -
16HR 6-22      -    276    124     66    286    280    315       -
18HR 6-24      -    281    125     69    288    282    319       -
24HR 0-24      -    286    128     76    296    294    327       -
 
 
 
 
*LOCATION   : ............................................................
*SITE NUMBER: 11600501
*FILE NUMBER:        6
*INTERVAL   :   15 MIN
*BATTERY    :    6.4 V
*RESTARTS   :        0
*CONFIG     :        0
*CHANNEL    :  1 OF  1
 
             THU    FRI    SAT    SUN    MON    TUE    WED    7-DAY
DATE    09/02/05     06     07     08     09     10     11   AVERAGE
 
START HOUR
 
    0          0      0      1      0      0      0      1       0
    1          0      0      0      0      0      0      1       0
    2          2      2      2      1      1      1      2       2
    3          1      1      4      2      1      0      2       2
    4          0      0      0      0      0      1      0       0
    5          6      5      0      1      5      6      8       4
    6          9     11      5      2     10     10     10       8
    7         24     18      3      1     15     12     14      12
    8         15     12      2      0     18     13     17      11
    9         16     11      8      0     15      7     14      10
   10         17     13     21      1     12     20     12      14
   11         10      8     14      3     11     10     14      10
   12         19     12     16      7     15     18      8      14
   13         33     48     18      7     35     27     25      28
   14         30     28      6     11     35     32     47      27
   15         34     26     20      9     48     32     37      29
   16         25     26     15      1     24     29     35      22
   17         23     11     15      4     17     10     13      13
   18         17     11      4      1     13      6     17      10
   19         10     11      2      2     14     10      4       8
   20          6      1      2      3      6      4      7       4
   21          3      0      1      1      5      1      0       2
   22          4      4      3      1      4      3      4       3
   23          1      0      2      2      1      1      0       1
 
TOTALS
 
12HR 7-19    263    224    142     45    258    216    253     200
16HR 6-22    291    247    152     53    293    241    274     222
18HR 6-24    296    251    157     56    298    245    278     226
24HR 0-24    305    259    164     60    305    253    292     234
 
 
 
 
*LOCATION   : ............................................................
*SITE NUMBER: 11600501
*FILE NUMBER:        6
*INTERVAL   :   15 MIN
*BATTERY    :    6.4 V
*RESTARTS   :        0
*CONFIG     :        0
*CHANNEL    :  1 OF  1
 
             THU    FRI    SAT    SUN    MON    TUE    WED    7-DAY
DATE    09/02/12     13     14     15     16     17     18   AVERAGE
 
START HOUR
 
    0          2      0      2      0      1      0      1       1
    1          0      0      0      2      0      0      0       0
    2          3      2      2      1      1      1      1       2
    3          0      2      1      2      1      1      0       1
    4          0      0      0      0      0      0      0       0
    5          8      5      0      1      6      4      3       4
    6         10     11      2      2      8      7      8       7
    7         15     11      2      1     14     16     16      11
    8         14     12      6      1     13     12     11      10
    9          9     14     16      4      8      5     13      10
   10          6     26     16      1      5     12      9      11
   11         15     16      9      0     16      9     12      11
   12         22     25     14      6      9      7      8      13
   13         15     22     17      8     23     17     26      18
   14         29     41     34     10     31     18     28      27
   15         39     36     21     15     27     38     41      31
   16         33     24     19      5     20     27     20      21
   17         19     26     18     12     11     18     23      18
   18         22     12      3      5     13      8     18      12
   19         17     15      3      7     10     10      9      10
   20          7      5      2      3      7      6      3       5
   21          4      4      4      1      2      1      0       2
   22          4      1      1      1      1      1      2       2
   23          2      2      2      3      1      0      2       2
 
TOTALS
 
12HR 7-19    238    265    175     68    190    187    225     193
16HR 6-22    276    300    186     81    217    211    245     217
18HR 6-24    282    303    189     85    219    212    249     220
24HR 0-24    295    312    194     91    228    218    254     227
 
 
 
 
*LOCATION   : ............................................................
*SITE NUMBER: 11600501
*FILE NUMBER:        6
*INTERVAL   :   15 MIN
*BATTERY    :    6.4 V
*RESTARTS   :        0
*CONFIG     :        0
*CHANNEL    :  1 OF  1
 
             THU    FRI    SAT    SUN    MON    TUE    WED    7-DAY
DATE    09/02/19     20     21     22     23     24     25   AVERAGE
 
START HOUR
 
    0          0      1      2      0      0      1      0       1
    1          0      0      0      0      1      0      0       0
    2          2      2      1      1      1      1      1       1
    3          2      1      1      1      1      2      1       1
    4          0      1      0      1      1      0      0       0
    5          8      4      3      1      8      8      8       6
    6          8      7      2      1      8      9      9       6
    7         12     13      3      1     20     13     22      12
    8          9     13      4      2     20     20     20      13
    9          7      8      7      1     16     14     12       9
   10          9     13     21      4     13     17     12      13
   11         11     12     22      4      8     14     16      12
   12          8     19     18      5     19     13     16      14
   13         14     17     26      6     19     16     18      17
   14         22     17     23      6     27     14      -       -
   15         34     36     37      9     33     33      -       -
   16         14     34     22      7     24     35      -       -
   17         18     17     16      7     28     25      -       -
   18          8      9      6      0     11     20      -       -
   19         14     14      0      5     13     14      -       -
   20          7      7      1      1      9      8      -       -
   21          1      3      0      0      3      2      -       -
   22          3      3      1      1      2      2      -       -
   23          4      0      0      0      0      3      -       -
 
TOTALS
 
12HR 7-19    166    208    205     52    238    234      -       -
16HR 6-22    196    239    208     59    271    267      -       -
18HR 6-24    203    242    209     60    273    272      -       -
24HR 0-24    215    251    216     64    285    284      -       -
 
