 
 
 
*LOCATION   : ............................................................
*SITE NUMBER: 12003212
*FILE NUMBER:        3
*INTERVAL   :   15 MIN
*BATTERY    :    6.1 V
*RESTARTS   :        0
*CONFIG     :       12
*CHANNEL    :  1 OF  2
 
             MON    TUE    WED    THU    FRI    SAT    SUN    7-DAY
DATE    04/08/02     03     04     05     06     07     08   AVERAGE
 
START HOUR
 
    0          -      7      3      4      3      6      5       -
    1          -      0      1      3      7      4      1       -
    2          -      0      0      2      0      3      0       -
    3          -      0      0      1      0      2      0       -
    4          -      2      2      3      3      1      0       -
    5          -      6      5      6      5      0      1       -
    6          -     57     59     59     50     12      6       -
    7          -    161    166    152    129     18      9       -
    8          -    156    180    162    178     17     20       -
    9          -    138    103    100     99     43     37       -
   10          -     93     70     73     54     83     55       -
   11          -     97     80     75    107     86     55       -
   12          -     68     96     75     93     91     92       -
   13          -     68     84     76     82    101    104       -
   14          -     80    133    119    125     64     73       -
   15          -    148    168    151    159     52     90       -
   16        188    218    222    187    155     75     91     162
   17        126    155    187    164    129     47     61     124
   18        107    116    148    159     73     67     90     109
   19         79     80    105    125     77     55     91      87
   20         89     72     85     95     37     60     57      71
   21         31     43     44     34     93     21     94      51
   22         13     15     17     36     31      8     13      19
   23          2      4      4     10      9      2      7       5
 
TOTALS
 
12HR 7-19      -   1498   1637   1493   1383    744    777       -
16HR 6-22      -   1750   1930   1806   1640    892   1025       -
18HR 6-24      -   1769   1951   1852   1680    902   1045       -
24HR 0-24      -   1784   1962   1871   1698    918   1052       -

 
 
 
 













*LOCATION   : ............................................................
*SITE NUMBER: 12003212
*FILE NUMBER:        3
*INTERVAL   :   15 MIN
*BATTERY    :    6.1 V
*RESTARTS   :        0
*CONFIG     :       12
*CHANNEL    :  1 OF  2
 
             MON    TUE    WED    THU    FRI    SAT    SUN    7-DAY
DATE    04/08/09     10     11     12     13     14     15   AVERAGE
 
START HOUR
 
    0          1      2      4      1      2      4      0       2
    1          0      1      3      1      2      2      0       1
    2          2      1      2      1      0      1      0       1
    3          1      0      1      1      0      0      1       1
    4          2      2      1      2      1      1      4       2
    5          5      7      7      5      4      3      1       5
    6         56     69     63     59     45      9      5      44
    7        159    179    177    162    139     11      6     119
    8        203    211    204    185    158     11      7     140
    9        100    117     87     79     87     27     35      76
   10         64     63     40     34     36     40     65      49
   11         65     59     47     56     52     47     79      58
   12         70     73     35     63     45     68     83      62
   13         53    112     31     67     60     42     69      62
   14         80     88     46     63     92     37     74      69
   15        132    152    108    130    118     41     44     104
   16        225    241    205    221    155     44     13     158
   17        167    227    118    180    104     35     22     122
   18        131    144    116    123     72     36     48      96
   19        104    145     88     85     35     30     26      73
   20         75     83    135    126     33     21     32      72
   21         35     72     35     46     11     16     15      33
   22         18     20      8     16     12     10      4      13
   23          5      3      2      5      6      1      2       3
 
TOTALS
 
12HR 7-19   1449   1666   1214   1363   1118    439    545    1113
16HR 6-22   1719   2035   1535   1679   1242    515    623    1335
18HR 6-24   1742   2058   1545   1700   1260    526    629    1351
24HR 0-24   1753   2071   1563   1711   1269    537    635    1363

 
 
 
 
*LOCATION   : ............................................................
*SITE NUMBER: 12003212
*FILE NUMBER:        3
*INTERVAL   :   15 MIN
*BATTERY    :    6.1 V
*RESTARTS   :        0
*CONFIG     :       12
*CHANNEL    :  1 OF  2
 
             MON    TUE    WED    THU    FRI    SAT    SUN    7-DAY
DATE    04/08/16     17     18     19     20     21     22   AVERAGE
 
START HOUR
 
    0          1      0      0      1      1      2      1       1
    1          2      0      0      1      1      3      2       1
    2          0      2      0      2      1      2      2       1
    3          0      0      0      0      0      1      1       0
    4          0      1      0      1      0      1      1       1
    5          5      5      6      4      2      0      1       3
    6         52     61     52     49     44      8      1      38
    7        167    153    128    161    124      6      8     107
    8        212    148    115    172    131     10      7     114
    9         76     57     46     83     66     22     12      52
   10         48     20     27     70     25     26     26      35
   11         51     16     18     37     42     37     26      32
   12         54     15     35     42     38     38     27      36
   13         55     27     39     48     46     69     30      45
   14         74     31     47     68     73    102     37      62
   15        128     67     55    117    122     55     65      87
   16        188     83    115    181    151     55     61     119
   17        166     63     99    150    132     84     79     110
   18        133     58     73    101     71    105     74      88
   19        114     41     47     79     42     83     66      67
   20         53     31     50     48     92     51     40      52
   21         45     22     20     26     68     23     16      31
   22          9      3      7      8      6      6      5       6
   23          3      3      1      9      2      4      3       4
 
TOTALS
 
12HR 7-19   1352    738    797   1230   1021    609    452     886
16HR 6-22   1616    893    966   1432   1267    774    575    1075
18HR 6-24   1628    899    974   1449   1275    784    583    1085
24HR 0-24   1636    907    980   1458   1280    793    591    1092

 
 
 
 














*LOCATION   : ............................................................
*SITE NUMBER: 12003212
*FILE NUMBER:        3
*INTERVAL   :   15 MIN
*BATTERY    :    6.1 V
*RESTARTS   :        0
*CONFIG     :       12
*CHANNEL    :  1 OF  2
 
             MON    TUE    WED    THU    FRI    SAT    SUN    7-DAY
DATE    04/08/23     24     25     26     27     28     29   AVERAGE
 
START HOUR
 
    0          2      4      0      2      0      3      1       2
    1          0      0      0      0      1      3      0       1
    2          0      1      0      0      0      1      1       0
    3          0      0      0      0      0      3      0       0
    4          0      0      1      0      1      0      2       1
    5          6      9      4      4      6      0      0       4
    6         50     54     54     41     35     11      6      36
    7        140    149    157     93     89     12      7      92
    8        186    191    186    102    121     17      9     116
    9         81     87     68     29     61     35     20      54
   10         48     47     51     16     25     53     49      41
   11         38     39     47      8     44     58     40      39
   12         36     57     51     20     46     47     42      43
   13         48     47     80     13     40     60     95      55
   14         56     73     74     28     57     53    123      66
   15         94    114    148     53    106     72     93      97
   16        150    171    188     78    108     84     77     122
   17        117    194    170     67     89     24     80     106
   18         84    110    136     40    156     24     75      89
   19        115     84    110     33    104     30     38      73
   20        112     69    146     66     82    100     25      86
   21         35     30     36     20     14     70     12      31
   22          5      4      6      9     15      1      9       7
   23          3      6      3      4      5      3      3       4
 
TOTALS
 
12HR 7-19   1078   1279   1356    547    942    539    710     922
16HR 6-22   1390   1516   1702    707   1177    750    791    1148
18HR 6-24   1398   1526   1711    720   1197    754    803    1158
24HR 0-24   1406   1540   1716    726   1205    764    807    1166

 
 
 
 
*LOCATION   : ............................................................
*SITE NUMBER: 12003212
*FILE NUMBER:        3
*INTERVAL   :   15 MIN
*BATTERY    :    6.1 V
*RESTARTS   :        0
*CONFIG     :       12
*CHANNEL    :  1 OF  2
 
             MON    TUE    WED    THU    FRI    SAT    SUN    7-DAY
DATE    04/08/30     31     01     02     03     04     05   AVERAGE
 
START HOUR
 
    0          0      1      1      0      1      6      3       2
    1          1      0      0      1      0      2      0       1
    2          0      1      0      1      0      2      2       1
    3          0      0      0      0      1      0      0       0
    4          1      1      1      0      1      0      1       1
    5          6      6      7      4      2      1      3       4
    6         25     30     43     48     44      8      6      29
    7         92    106    119    127    102      8      9      80
    8        128     98     88    143    105     15     10      84
    9         42     38     35     59     43     30     22      38
   10         33     20     26     32     24     46     37      31
   11         18     28     20     29     32     52     58      34
   12         15     32     36     29     24     57     98      42
   13         31     24     27     51     26     71     92      46
   14         35     46     36     62     56     75    102      59
   15         74     77     71     85     78     77     67      76
   16        122    103     89    123    100     76     59      96
   17         96    112     78    118     80     52     57      85
   18         70     55     77    102     64     46     86      71
   19         78     57     54     46     71     39     75      60
   20         32     33     50     37     50     24     34      37
   21         17     18     24     15     29     14     16      19
   22          6      6      7      7      5      8      5       6
   23          4      7      3      2      2      7      4       4
 
TOTALS
 
12HR 7-19    756    739    702    960    734    605    697     742
16HR 6-22    908    877    873   1106    928    690    828     887
18HR 6-24    918    890    883   1115    935    705    837     898
24HR 0-24    926    899    892   1121    940    716    846     906

 
 
 
 
















*LOCATION   : ............................................................
*SITE NUMBER: 12003212
*FILE NUMBER:        3
*INTERVAL   :   15 MIN
*BATTERY    :    6.1 V
*RESTARTS   :        0
*CONFIG     :       12
*CHANNEL    :  1 OF  2
 
             MON    TUE    WED    THU    FRI    SAT    SUN    7-DAY
DATE    04/09/06     07     08     09     10     11     12   AVERAGE
 
START HOUR
 
    0          2      -      -      -      -      -      -       -
    1          0      -      -      -      -      -      -       -
    2          0      -      -      -      -      -      -       -
    3          1      -      -      -      -      -      -       -
    4          3      -      -      -      -      -      -       -
    5          5      -      -      -      -      -      -       -
    6         50      -      -      -      -      -      -       -
    7        143      -      -      -      -      -      -       -
    8        190      -      -      -      -      -      -       -
    9         75      -      -      -      -      -      -       -
   10          -      -      -      -      -      -      -       -
   11          -      -      -      -      -      -      -       -
   12          -      -      -      -      -      -      -       -
   13          -      -      -      -      -      -      -       -
   14          -      -      -      -      -      -      -       -
   15          -      -      -      -      -      -      -       -
   16          -      -      -      -      -      -      -       -
   17          -      -      -      -      -      -      -       -
   18          -      -      -      -      -      -      -       -
   19          -      -      -      -      -      -      -       -
   20          -      -      -      -      -      -      -       -
   21          -      -      -      -      -      -      -       -
   22          -      -      -      -      -      -      -       -
   23          -      -      -      -      -      -      -       -
 
TOTALS
 
12HR 7-19      -      -      -      -      -      -      -       -
16HR 6-22      -      -      -      -      -      -      -       -
18HR 6-24      -      -      -      -      -      -      -       -
24HR 0-24      -      -      -      -      -      -      -       -

 

