 
 
 
*LOCATION   : ............................................................
*SITE NUMBER: 12103210
*FILE NUMBER:        7
*INTERVAL   :   15 MIN
*BATTERY    :    6.2 V
*RESTARTS   :        0
*CONFIG     :       12
*CHANNEL    :  1 OF  2
 
             MON    TUE    WED    THU    FRI    SAT    SUN    7-DAY
DATE    04/08/02     03     04     05     06     07     08   AVERAGE
 
START HOUR
 
    0          -      6      7     15      7      7     11       -
    1          -      1      5      0      5      5      5       -
    2          -      0      3      1      2      4      1       -
    3          -      0      2      2      2     10      5       -
    4          -      5      4      5      7      6      0       -
    5          -     17     16     17     13      9      9       -
    6          -     63     61     64     50     13      8       -
    7          -     78     95     99     82     10      8       -
    8          -     33     56     60     59     20     20       -
    9          -     46     57     63     53     44     31       -
   10          -     48     64     52     55     75     60       -
   11          -     52     58     60     88     78    121       -
   12          -     84     80     67     77    100    108       -
   13          -     67     81    106    100    132    155       -
   14         58     70     84     73    110    129    125      93
   15        120    105    110    130    115    127    118     118
   16        108    110    125    160    128    116    105     122
   17        110    111    127    141    103     99    120     116
   18        109    114    126    124    102     90     99     109
   19         83     85    142    124     73     72    101      97
   20         80     67     81     74     59     61     56      68
   21         57     55     55     50     43     35     52      50
   22         20     16     24     26     23     24     16      21
   23          9      6      9     10     19     15      9      11
 
TOTALS
 
12HR 7-19      -    918   1063   1135   1072   1020   1070       -
16HR 6-22      -   1188   1402   1447   1297   1201   1287       -
18HR 6-24      -   1210   1435   1483   1339   1240   1312       -
24HR 0-24      -   1239   1472   1523   1375   1281   1343       -
 
 
 
 
*LOCATION   : ............................................................
*SITE NUMBER: 12103210
*FILE NUMBER:        7
*INTERVAL   :   15 MIN
*BATTERY    :    6.2 V
*RESTARTS   :        0
*CONFIG     :       12
*CHANNEL    :  1 OF  2
 
             MON    TUE    WED    THU    FRI    SAT    SUN    7-DAY
DATE    04/08/09     10     11     12     13     14     15   AVERAGE
 
START HOUR
 
    0          2     14      7      3      7      9     14       8
    1          1      4      4      3      6     10      2       4
    2          1      2      0      3      3      6      2       2
    3          1      2      1      0      0      1      3       1
    4          4      9      5      7      9      2      4       6
    5         22     30     35     27     24     10      5      22
    6         72    109     91     86     57      6      8      61
    7        101    145    122    138    121     20     15      95
    8         53     86     91     68     54     24     17      56
    9         45     57     54     59     31     31     49      47
   10         37     60     47     86     60     48     93      62
   11         49    110     71     66     61    101    132      84
   12         65    136     64     74     83     85    154      94
   13         81    111     62     91    101     88    137      96
   14        112    153    103    133     99     65    108     110
   15        185    181    122    136    137     49     51     123
   16        182    223    156    169    129    123     29     144
   17        151    174    106    133    111     55     28     108
   18        153    180     83    133    103     24     61     105
   19        110    130     75    128     75     40     49      87
   20         83    108     68    116     40     28     45      70
   21         65     78     54     70     33     33     22      51
   22         17     33     22     23     15     15     10      19
   23          5      4      3     11      2     23      3       7
 
TOTALS
 
12HR 7-19   1214   1616   1081   1286   1090    713    874    1125
16HR 6-22   1544   2041   1369   1686   1295    820    998    1393
18HR 6-24   1566   2078   1394   1720   1312    858   1011    1420
24HR 0-24   1597   2139   1446   1763   1361    896   1041    1463
 
 
 
 
*LOCATION   : ............................................................
*SITE NUMBER: 12103210
*FILE NUMBER:        7
*INTERVAL   :   15 MIN
*BATTERY    :    6.2 V
*RESTARTS   :        0
*CONFIG     :       12
*CHANNEL    :  1 OF  2
 
             MON    TUE    WED    THU    FRI    SAT    SUN    7-DAY
DATE    04/08/16     17     18     19     20     21     22   AVERAGE
 
START HOUR
 
    0          2      7      6      3      5     14      8       6
    1          4      3      2      1      1     13      7       4
    2          0      3      2      3      0      6      6       3
    3          0      0      4      3      1      6      9       3
    4          7      5      7      0      5      5      6       5
    5         30     29     28     25     20     10      6      21
    6         96     68     65     71     41      4      6      50
    7        144    129    102    128    106      7     13      90
    8         68     79     47     69     52     11     25      50
    9         44     36     21     38     39     31     38      35
   10         45     19     18     83     45     60     45      45
   11         48     20     39     73     60     69     55      52
   12         61     21     27     60     53     82     38      49
   13         68     27     53     81    103     86     34      65
   14        100     32     70     73    108     78     58      74
   15        130     59     65    132    117     75     85      95
   16        156     73     79    133    105     93     91     104
   17        168     58     83     96    110     69     88      96
   18        144     59     68     71     90     95     90      88
   19        105     37     45     45     68     43     80      60
   20        107     59     47     59     54     43     60      61
   21         45     27     31     17     45     23     30      31
   22         22      7     15     17     25     17     12      16
   23          4      5      2     10      8     12      7       7
 
TOTALS
 
12HR 7-19   1176    612    672   1037    988    756    660     843
16HR 6-22   1529    803    860   1229   1196    869    836    1046
18HR 6-24   1555    815    877   1256   1229    898    855    1069
24HR 0-24   1598    862    926   1291   1261    952    897    1112
 
 
 
 
*LOCATION   : ............................................................
*SITE NUMBER: 12103210
*FILE NUMBER:        7
*INTERVAL   :   15 MIN
*BATTERY    :    6.2 V
*RESTARTS   :        0
*CONFIG     :       12
*CHANNEL    :  1 OF  2
 
             MON    TUE    WED    THU    FRI    SAT    SUN    7-DAY
DATE    04/08/23     24     25     26     27     28     29   AVERAGE
 
START HOUR
 
    0          6      2      1      2      5      1      8       4
    1          5      3      0      2      0     12      0       3
    2          3      5      2      5      3      0      9       4
    3          1      1      6      1      1     14      4       4
    4          5      1      2      2      2      2      2       2
    5         27     30     19     24     19      9      2      19
    6         67    107     88     46     43      4      6      52
    7        122    110    123     73     71     11     14      75
    8         71     80     60     38     39     23     19      47
    9         45     34     61     17     17     30     35      34
   10         65     37     34      3     31     34     62      38
   11         63     59     79     12     48     92     93      64
   12         38     80     70     14     45     82    123      65
   13         57     60     63     19     61     73    137      67
   14         76    102     93     28     62     94    142      85
   15         88    108    110     53     90     70    101      89
   16        126    174    142     69    117     64    105     114
   17        116    133    147     50    103     69    115     105
   18         74    107    100     21     82     21     72      68
   19         76     82     67     30     59     20     63      57
   20         43     64     32     20     52     18     50      40
   21         45     49     36     10     39     15     10      29
   22         22     10     20      5     13      5     14      13
   23          3      6     11      4      7      7      8       7
 
TOTALS
 
12HR 7-19    941   1084   1082    397    766    663   1018     850
16HR 6-22   1172   1386   1305    503    959    720   1147    1027
18HR 6-24   1197   1402   1336    512    979    732   1169    1047
24HR 0-24   1244   1444   1366    548   1009    770   1194    1082
 
 
 
 
*LOCATION   : ............................................................
*SITE NUMBER: 12103210
*FILE NUMBER:        7
*INTERVAL   :   15 MIN
*BATTERY    :    6.2 V
*RESTARTS   :        0
*CONFIG     :       12
*CHANNEL    :  1 OF  2
 
             MON    TUE    WED    THU    FRI    SAT    SUN    7-DAY
DATE    04/08/30     31     01     02     03     04     05   AVERAGE
 
START HOUR
 
    0          6      0      3      9      1      1      5       4
    1          3      2      4      1      4      7      2       3
    2          2      1      3      5      0      2      5       3
    3          3      0      1      0      0      0      2       1
    4          4      2      7      8      3      1      2       4
    5         17     16     18     18     18      4      4      14
    6         33     36     72     66     49      3      4      38
    7         60     85    111     95     94      8      8      66
    8         47     30     26     34     41     17     21      31
    9         33     21     14     13     31     40     48      29
   10         29     14     21     16     42     62     72      37
   11         27     29     22     21     31     89     76      42
   12         31     44     15     29     41     90    160      59
   13         33     39     32     66     60     94    150      68
   14         37     64     35     64     54    118    112      69
   15         70     71     78     86     82     86     81      79
   16         65    114     73     95     75     95     94      87
   17         70     83     73     63     84    103     72      78
   18         71     63     87     52     74     58     86      70
   19         55     28     85     21     54     54     81      54
   20         47     40     44     20     40     31     40      37
   21         36     30     26     21     54     23     10      29
   22         15     14     14      9     17      6     10      12
   23          7      3      8      4      1      5      2       4
 
TOTALS
 
12HR 7-19    573    657    587    634    709    860    980     714
16HR 6-22    744    791    814    762    906    971   1115     872
18HR 6-24    766    808    836    775    924    982   1127     888
24HR 0-24    801    829    872    816    950    997   1147     916
 
 
 
 
*LOCATION   : ............................................................
*SITE NUMBER: 12103210
*FILE NUMBER:        7
*INTERVAL   :   15 MIN
*BATTERY    :    6.2 V
*RESTARTS   :        0
*CONFIG     :       12
*CHANNEL    :  1 OF  2
 
             MON    TUE    WED    THU    FRI    SAT    SUN    7-DAY
DATE    04/09/06     07     08     09     10     11     12   AVERAGE
 
START HOUR
 
    0          1      -      -      -      -      -      -       -
    1          2      -      -      -      -      -      -       -
    2          2      -      -      -      -      -      -       -
    3          2      -      -      -      -      -      -       -
    4          2      -      -      -      -      -      -       -
    5         19      -      -      -      -      -      -       -
    6         59      -      -      -      -      -      -       -
    7        121      -      -      -      -      -      -       -
    8         55      -      -      -      -      -      -       -
    9         45      -      -      -      -      -      -       -
   10         47      -      -      -      -      -      -       -
   11         64      -      -      -      -      -      -       -
   12         44      -      -      -      -      -      -       -
   13          -      -      -      -      -      -      -       -
   14          -      -      -      -      -      -      -       -
   15          -      -      -      -      -      -      -       -
   16          -      -      -      -      -      -      -       -
   17          -      -      -      -      -      -      -       -
   18          -      -      -      -      -      -      -       -
   19          -      -      -      -      -      -      -       -
   20          -      -      -      -      -      -      -       -
   21          -      -      -      -      -      -      -       -
   22          -      -      -      -      -      -      -       -
   23          -      -      -      -      -      -      -       -
 
TOTALS
 
12HR 7-19      -      -      -      -      -      -      -       -
16HR 6-22      -      -      -      -      -      -      -       -
18HR 6-24      -      -      -      -      -      -      -       -
24HR 0-24      -      -      -      -      -      -      -       -
 
 
 
 
*LOCATION   : ............................................................
*SITE NUMBER: 12103210
*FILE NUMBER:        7
*INTERVAL   :   15 MIN
*BATTERY    :    6.2 V
*RESTARTS   :        0
*CONFIG     :       12
*CHANNEL    :  2 OF  2
 
             MON    TUE    WED    THU    FRI    SAT    SUN    7-DAY
DATE    04/08/02     03     04     05     06     07     08   AVERAGE
 
START HOUR
 
    0          -      5      6      3      3      6      4       -
    1          -      2      4      3      1      2      0       -
    2          -      1      2      1      0      2      0       -
    3          -      2      0      0      1      3      3       -
    4          -      0      1      2      0      2      2       -
    5          -      8     12     11     11      5      6       -
    6          -     34     34     33     33      8      4       -
    7          -     43     51     55     42      5      9       -
    8          -     52     34     59     65     15      9       -
    9          -     29     44     37    267     25     26       -
   10          -     30     42     31     87     34     46       -
   11          -     49     39     37    100     41     63       -
   12          -     36     56    198     48     53     73       -
   13          -     45    129     55     57     50     61       -
   14         52     66     51     39     49     57     66      54
   15         69     59     66     54     66     66     60      63
   16         69     65     72     65     52     51     60      62
   17         93     66     80     72     54     57     65      70
   18         79     56     64     87     58     49     56      64
   19         58     61     48     70     45     36     49      52
   20         50     53     54     42     22     28     28      40
   21         27     28     37     25     24     33     17      27
   22         14      9     41     20      8      9     12      16
   23          6      6      7      4     11      5      4       6
 
TOTALS
 
12HR 7-19      -    596    728    789    945    503    594       -
16HR 6-22      -    772    901    959   1069    608    692       -
18HR 6-24      -    787    949    983   1088    622    708       -
24HR 0-24      -    805    974   1003   1104    642    723       -
 
 
 
 
*LOCATION   : ............................................................
*SITE NUMBER: 12103210
*FILE NUMBER:        7
*INTERVAL   :   15 MIN
*BATTERY    :    6.2 V
*RESTARTS   :        0
*CONFIG     :       12
*CHANNEL    :  2 OF  2
 
             MON    TUE    WED    THU    FRI    SAT    SUN    7-DAY
DATE    04/08/09     10     11     12     13     14     15   AVERAGE
 
START HOUR
 
    0          4      8      5      1      6     16      7       7
    1          0      4      0      5      3      8      4       3
    2          0      3     11      3      0      1      2       3
    3          0      7      0      1      2      4      2       2
    4          1      1      5      0      2      2     10       3
    5         12     26     22     19     13      0      4      14
    6         23     83     83     76     70      7      6      50
    7         36    117    133    101    104     24     24      77
    8         34     78     94     92     73     35     35      63
    9         25     61     53     78     71     61     62      59
   10         17     93     64     43     91     38    101      64
   11         31    121     67     91     73     67    133      83
   12        588    118     54     84     67     65    152     161
   13        716    123     98    116    108     64    114     191
   14        145    123     84    154    119     54     99     111
   15        190    197    165    169    160     80     49     144
   16        133    221    122    206     90     70     25     124
   17        180    209    116    154    119     48     43     124
   18        153    204     92    145    103     58     64     117
   19        153    178     97    124     66     55     63     105
   20        120    115    134    115     52     35     42      88
   21         75     86     52     55     39     38     32      54
   22         30     29     28     19      8      6      7      18
   23         15     13      6      8     18     10      2      10
 
TOTALS
 
12HR 7-19   2248   1665   1142   1433   1178    664    901    1319
16HR 6-22   2619   2127   1508   1803   1405    799   1044    1615
18HR 6-24   2664   2169   1542   1830   1431    815   1053    1643
24HR 0-24   2681   2218   1585   1859   1457    846   1082    1675
 
 
 
 
*LOCATION   : ............................................................
*SITE NUMBER: 12103210
*FILE NUMBER:        7
*INTERVAL   :   15 MIN
*BATTERY    :    6.2 V
*RESTARTS   :        0
*CONFIG     :       12
*CHANNEL    :  2 OF  2
 
             MON    TUE    WED    THU    FRI    SAT    SUN    7-DAY
DATE    04/08/16     17     18     19     20     21     22   AVERAGE
 
START HOUR
 
    0          3     11      5      7      9      6     13       8
    1          0      2      6      1      5      9      3       4
    2          0      2      0      0      1      2      1       1
    3          3      1      0      3      0      0      3       1
    4          1      3      2      5      5      0      2       3
    5         17     21     10     23      8      1      5      12
    6         52     76     57     51     37      8      9      41
    7        147     98    106    108     78     20     22      83
    8         90     76     85     72     84     14     20      63
    9         51     36     39     67     44     36     26      43
   10         47     29     31     77     65     32     58      48
   11         96     19     62     47     57     63     62      58
   12         78     20     41     89     56     69     21      53
   13         82     19     49     65     57     89     25      55
   14        114     56     79    130    111     88     60      91
   15        123     90     71    144    112     84     64      98
   16        150     56     71    145    116     61     77      97
   17        206     33     81    149     62     69    118     103
   18        167     45     43     93     66     92    102      87
   19        154     71     57     91     58     51    100      83
   20        108     62     72     63     69     39     67      69
   21         66     25     29     29     40     26     40      36
   22         17     12     14      6     11      8      4      10
   23         11      3      1      0     13     12      6       7
 
TOTALS
 
12HR 7-19   1351    577    758   1186    908    717    655     879
16HR 6-22   1731    811    973   1420   1112    841    871    1108
18HR 6-24   1759    826    988   1426   1136    861    881    1125
24HR 0-24   1783    866   1011   1465   1164    879    908    1154
 
 
 
 
*LOCATION   : ............................................................
*SITE NUMBER: 12103210
*FILE NUMBER:        7
*INTERVAL   :   15 MIN
*BATTERY    :    6.2 V
*RESTARTS   :        0
*CONFIG     :       12
*CHANNEL    :  2 OF  2
 
             MON    TUE    WED    THU    FRI    SAT    SUN    7-DAY
DATE    04/08/23     24     25     26     27     28     29   AVERAGE
 
START HOUR
 
    0          9      4      9      4      2     10      3       6
    1          3      0      0      0      0      0      3       1
    2          3      1      0      0      3      3      1       2
    3          1      3      0      0      2      2      1       1
    4          1      1      1      2      4      1      0       1
    5         19     18     18      9      8      3      3      11
    6         62     60     59     29     31     12      6      37
    7        110    107    106     69    100     23     14      76
    8         88     76     71     29     50     27     31      53
    9         44     58     57     37     45     72     55      53
   10         47     53     72     23     26     54     84      51
   11         50     69     56      6     38     78    129      61
   12         51     67     71     18     93    106    138      78
   13         56     66     92     15     59    112    111      73
   14         98     92     79     35     95    111    103      88
   15        103    112    168     58    114    100    134     113
   16        117    138    151     58    132     82     71     107
   17        137    144    115     34     79     52    120      97
   18         94    143     93     41    106     31     79      84
   19         78    118    116     39     75     33     79      77
   20         49     87     73     40     74     21     77      60
   21         44     40     49     10     36     27     46      36
   22         17     25     23      4     17      4      9      14
   23          3      4      8      3      1      3      4       4
 
TOTALS
 
12HR 7-19    995   1125   1131    423    937    848   1069     933
16HR 6-22   1228   1430   1428    541   1153    941   1277    1143
18HR 6-24   1248   1459   1459    548   1171    948   1290    1160
24HR 0-24   1284   1486   1487    563   1190    967   1301    1183
 
 
 
 
*LOCATION   : ............................................................
*SITE NUMBER: 12103210
*FILE NUMBER:        7
*INTERVAL   :   15 MIN
*BATTERY    :    6.2 V
*RESTARTS   :        0
*CONFIG     :       12
*CHANNEL    :  2 OF  2
 
             MON    TUE    WED    THU    FRI    SAT    SUN    7-DAY
DATE    04/08/30     31     01     02     03     04     05   AVERAGE
 
START HOUR
 
    0          2      5      5      4      0      6      2       3
    1          0      2      0      9      0      3      5       3
    2          1      0      0      0      0      0      3       1
    3          0      1      0      0      2      5      0       1
    4          1      4      1      0      5      3      0       2
    5         21     13     15     23      6      1      1      11
    6         29     35     47     53     41      4     14      32
    7         62     91     94     91     84      6     20      64
    8         54     37     41     40     44     26     23      38
    9         33     23     30     30     30     40     56      35
   10         25     17     25     20     28     69     68      36
   11         36     36     38     31     42    111    108      57
   12         16     67     16     30     37    153    137      65
   13         30     50     38     44     61    126    155      72
   14         69     59     47     53     53    122    155      80
   15        107     75     74     86     69    103     94      87
   16         87    103     85    145     97     97     70      98
   17        106    118     78     46    111    128    122     101
   18         97     78     95     50     74     90     91      82
   19         80     37     77     15     80     64     97      64
   20         78     60     84     36     35     47     67      58
   21         34     44     28     15     23     28     41      30
   22         19     20     12      3     12     14      3      12
   23          3      5      2      2      7      5      3       4
 
TOTALS
 
12HR 7-19    722    754    661    666    730   1071   1099     815
16HR 6-22    943    930    897    785    909   1214   1318     999
18HR 6-24    965    955    911    790    928   1233   1324    1015
24HR 0-24    990    980    932    826    941   1251   1335    1036
 
 
 
 
*LOCATION   : ............................................................
*SITE NUMBER: 12103210
*FILE NUMBER:        7
*INTERVAL   :   15 MIN
*BATTERY    :    6.2 V
*RESTARTS   :        0
*CONFIG     :       12
*CHANNEL    :  2 OF  2
 
             MON    TUE    WED    THU    FRI    SAT    SUN    7-DAY
DATE    04/09/06     07     08     09     10     11     12   AVERAGE
 
START HOUR
 
    0          3      -      -      -      -      -      -       -
    1          0      -      -      -      -      -      -       -
    2          0      -      -      -      -      -      -       -
    3          2      -      -      -      -      -      -       -
    4          3      -      -      -      -      -      -       -
    5          5      -      -      -      -      -      -       -
    6         51      -      -      -      -      -      -       -
    7         89      -      -      -      -      -      -       -
    8         79      -      -      -      -      -      -       -
    9         40      -      -      -      -      -      -       -
   10         63      -      -      -      -      -      -       -
   11         64      -      -      -      -      -      -       -
   12         89      -      -      -      -      -      -       -
   13          -      -      -      -      -      -      -       -
   14          -      -      -      -      -      -      -       -
   15          -      -      -      -      -      -      -       -
   16          -      -      -      -      -      -      -       -
   17          -      -      -      -      -      -      -       -
   18          -      -      -      -      -      -      -       -
   19          -      -      -      -      -      -      -       -
   20          -      -      -      -      -      -      -       -
   21          -      -      -      -      -      -      -       -
   22          -      -      -      -      -      -      -       -
   23          -      -      -      -      -      -      -       -
 
TOTALS
 
12HR 7-19      -      -      -      -      -      -      -       -
16HR 6-22      -      -      -      -      -      -      -       -
18HR 6-24      -      -      -      -      -      -      -       -
24HR 0-24      -      -      -      -      -      -      -       -
 
