 
 
 
*LOCATION   : ............................................................
*SITE NUMBER: 10203618
*FILE NUMBER:        8
*INTERVAL   :   15 MIN
*BATTERY    :    6.6 V
*RESTARTS   :        0
*CONFIG     :        0
*CHANNEL    :  1 OF  1
 
             MON    TUE    WED    THU    FRI    SAT    SUN    7-DAY
DATE    09/08/31     01     02     03     04     05     06   AVERAGE
 
START HOUR
 
    0          -      5      8     12     10      7     10       -
    1          -      8      8      6      8      9      7       -
    2          -      2      1      1      3      5      5       -
    3          -      0      0      2      0      2      4       -
    4          -      3      0      4      0      0      3       -
    5          -     22     19     20     15      3      0       -
    6          -    101     98     83     54     10      5       -
    7          -    292    332    294    131     12      8       -
    8          -    277    312    267    126     39      7       -
    9          -    121    144    100     74     40     24       -
   10          -     58     82     67     51     45     32       -
   11          -     59     68     53     39     48     40       -
   12          -     55     94     63     52     71     50       -
   13          -     78     71     64     41     76     63       -
   14          -    118    110     91     70     70     86       -
   15        178    166    217    175    123     76     59     142
   16        305    255    357    279    151     76     47     210
   17        211    223    312    196    114    111     55     175
   18        145    156    182    125     89     83     30     116
   19        115    101    106     79     77     59     20      80
   20         82     53     75     85     50     37     20      57
   21         56     53     39     51     34     22     10      38
   22         20     27     22     28     18     11     11      20
   23         17      8      7     14      7     13      8      11
 
TOTALS
 
12HR 7-19      -   1858   2281   1774   1061    747    501       -
16HR 6-22      -   2166   2599   2072   1276    875    556       -
18HR 6-24      -   2201   2628   2114   1301    899    575       -
24HR 0-24      -   2241   2664   2159   1337    925    604       -
 
 
 
 
*LOCATION   : ............................................................
*SITE NUMBER: 10203618
*FILE NUMBER:        8
*INTERVAL   :   15 MIN
*BATTERY    :    6.6 V
*RESTARTS   :        0
*CONFIG     :        0
*CHANNEL    :  1 OF  1
 
             MON    TUE    WED    THU    FRI    SAT    SUN    7-DAY
DATE    09/09/07     08     09     10     11     12     13   AVERAGE
 
START HOUR
 
    0          2      3      5      4      7      6      7       5
    1          0      5      5      4     10      5      5       5
    2          0      2      0      1      2      6      1       2
    3          0      2      0      2      0      1      1       1
    4          2      4      0      2      1      2      1       2
    5         17     18     20     22     16     10      1      15
    6         85     97     89     82     74      9      7      63
    7        290    306    300    295    270     12     14     212
    8        283    267    273    281    268     22     16     201
    9        147    135    154    144    142     51     32     115
   10         85      0     75     79     78     60     62      63
   11         70     35     65     78     62     59    103      67
   12         65     64     52     57     56     67    141      72
   13         52     57     77     66     63    104    118      77
   14         88     72     86     97    108     81    116      93
   15        176    156    197    199    220     82     89     160
   16        288    263    299    311    258     39     83     220
   17        245    208    266    232    177     29     98     179
   18        177    125    178    144    133     35     82     125
   19        129    106    131    102     62     28     82      91
   20        113     59     80    101     42     23     49      67
   21         49     39     45     43     32     17     23      35
   22         21     21     26     17     21      9     13      18
   23         10      7     11     13     12     10      5      10
 
TOTALS
 
12HR 7-19   1966   1688   2022   1983   1835    641    954    1584
16HR 6-22   2342   1989   2367   2311   2045    718   1115    1841
18HR 6-24   2373   2017   2404   2341   2078    737   1133    1869
24HR 0-24   2394   2051   2434   2376   2114    767   1149    1898
 
 
 
 
*LOCATION   : ............................................................
*SITE NUMBER: 10203618
*FILE NUMBER:        8
*INTERVAL   :   15 MIN
*BATTERY    :    6.6 V
*RESTARTS   :        0
*CONFIG     :        0
*CHANNEL    :  1 OF  1
 
             MON    TUE    WED    THU    FRI    SAT    SUN    7-DAY
DATE    09/09/14     15     16     17     18     19     20   AVERAGE
 
START HOUR
 
    0          4      5      4      7      5     10      6       6
    1          0      4      5      2      4      5      4       3
    2          1      0      1      0      2      1      3       1
    3          0      0      1      0      0      0      2       0
    4          2      1      1      2      2      1      0       1
    5         26     21     19     17     17      2      0      15
    6         77     92     81     84     64      7      8      59
    7        299    316    260    274    208      9     15     197
    8        328    322    226    233    258     20     15     200
    9        163    138     78    137    111     32     31      99
   10         66     87     34     69     51     45     71      60
   11         65     79     44     63     50     46     85      62
   12         60     66     41     46     64     61    170      73
   13         58     75     36     58     67     77    188      80
   14         87     93     64     85     85     74    180      95
   15        180    207    152    180    164     65    142     156
   16        295    315    230    284    215     67    118     218
   17        269    285    164    203    156     62     96     176
   18        182    186    127    151     89     52    100     127
   19        116    128     82     97     41     44     60      81
   20         82     82     63     68     37     26     35      56
   21         51     53     35     35     18     15     22      33
   22         29     23     23     19     17     14     16      20
   23          8     12     10      5      6      9      8       8
 
TOTALS
 
12HR 7-19   2052   2169   1456   1783   1518    610   1211    1543
16HR 6-22   2378   2524   1717   2067   1678    702   1336    1772
18HR 6-24   2415   2559   1750   2091   1701    725   1360    1800
24HR 0-24   2448   2590   1781   2119   1731    744   1375    1827
 
 
 
 
*LOCATION   : ............................................................
*SITE NUMBER: 10203618
*FILE NUMBER:        8
*INTERVAL   :   15 MIN
*BATTERY    :    6.6 V
*RESTARTS   :        0
*CONFIG     :        0
*CHANNEL    :  1 OF  1
 
             MON    TUE    WED    THU    FRI    SAT    SUN    7-DAY
DATE    09/09/21     22     23     24     25     26     27   AVERAGE
 
START HOUR
 
    0          7      4      3      4      9      8     11       7
    1          1      3      3      3      5      6      6       4
    2          1      2      0      2      4      3      0       2
    3          0      1      1      1      1      0      1       1
    4          1      1      2      1      1      1      1       1
    5         14     19     19     17      9      6      2      12
    6         80     81     76     79     80     11      6      59
    7        226    287    240    229    227     13      3     175
    8        279    259    233    253    221     20     18     183
    9        135    141    124    105    107     36     23      96
   10         69     69     78     56     62     51     30      59
   11         69     67     68     69     45     61     63      63
   12         55     58     59     62     65     46     63      58
   13         53     62     64     72     66     60     55      62
   14         91     78     74     84     95     68     68      80
   15        151    151    156    144    154     67     57     126
   16        240    262    256    259    240     70     38     195
   17        244    198    190    232    141     72     53     161
   18        160    127    141    152     84     57     42     109
   19        107     81    102     79     47     26     35      68
   20         65     47     56     46     39     17     28      43
   21         40     23     30     44     27     13     11      27
   22         24     15     17     20     12     16      9      16
   23         11      8      8     10      5      5      9       8
 
TOTALS
 
12HR 7-19   1772   1759   1683   1717   1507    621    513    1367
16HR 6-22   2064   1991   1947   1965   1700    688    593    1564
18HR 6-24   2099   2014   1972   1995   1717    709    611    1588
24HR 0-24   2123   2044   2000   2023   1746    733    632    1614
 
 
 
 
*LOCATION   : ............................................................
*SITE NUMBER: 10203618
*FILE NUMBER:        8
*INTERVAL   :   15 MIN
*BATTERY    :    6.6 V
*RESTARTS   :        0
*CONFIG     :        0
*CHANNEL    :  1 OF  1
 
             MON    TUE    WED    THU    FRI    SAT    SUN    7-DAY
DATE    09/09/28     29     30     01     02     03     04   AVERAGE
 
START HOUR
 
    0          3      4      5      2      4      6      4       4
    1          1      3      4      7      3      6      3       4
    2          1      0      1      7      2      1      0       2
    3          0      1      1      2      1      1      0       1
    4          1      3      1      2      3      2      0       2
    5         15     15     18     14     12      4      1      11
    6         59     80     59     62     63      6      4      48
    7        206    250    206    190    168     14      5     148
    8        235    240    196    225    201     22      7     161
    9        119    131    115    104    102     19     12      86
   10         72     56     66     61     50     32     10      50
   11         58     53     47     52     41     35     10      42
   12         40     66     52     73     51     53     11      49
   13         54     70     51     55     66     59     11      52
   14         67     81     74     64     82     66     11      64
   15        132    133    126    133    145     74     12     108
   16        245    253    223    206    205     64     10     172
   17        218    163    176    185    138     30     21     133
   18        155    105    127    119     80     22      6      88
   19         94     71     61     75     35     18      9      52
   20         57     51     51     54     27     23     14      40
   21         28     26     30     31     18      8      8      21
   22         15     15     13     18     15     12      4      13
   23         10     10      7     10      6      4      5       7
 
TOTALS
 
12HR 7-19   1601   1601   1459   1467   1329    490    126    1153
16HR 6-22   1839   1829   1660   1689   1472    545    161    1314
18HR 6-24   1864   1854   1680   1717   1493    561    170    1334
24HR 0-24   1885   1880   1710   1751   1518    581    178    1358
 
 
 
 
*LOCATION   : ............................................................
*SITE NUMBER: 10203618
*FILE NUMBER:        8
*INTERVAL   :   15 MIN
*BATTERY    :    6.6 V
*RESTARTS   :        0
*CONFIG     :        0
*CHANNEL    :  1 OF  1
 
             MON    TUE    WED    THU    FRI    SAT    SUN    7-DAY
DATE    09/10/05     06     07     08     09     10     11   AVERAGE
 
START HOUR
 
    0          2      5      3      3      -      -      -       -
    1          1      2      4      2      -      -      -       -
    2          0      0      2      1      -      -      -       -
    3          1      1      0      0      -      -      -       -
    4          0      1      2      2      -      -      -       -
    5         16     18     12     14      -      -      -       -
    6         55     61     49     64      -      -      -       -
    7        154    196    137    195      -      -      -       -
    8        180    230    113    189      -      -      -       -
    9         91    109     50    106      -      -      -       -
   10         52     54     32      -      -      -      -       -
   11         34     52     19      -      -      -      -       -
   12         41     50     21      -      -      -      -       -
   13         35     44     21      -      -      -      -       -
   14         66     70     30      -      -      -      -       -
   15         98    128     80      -      -      -      -       -
   16        174    224    118      -      -      -      -       -
   17        148    180     97      -      -      -      -       -
   18         99    134     60      -      -      -      -       -
   19         63     76     49      -      -      -      -       -
   20         50     48     29      -      -      -      -       -
   21         23     38     25      -      -      -      -       -
   22         16     19     14      -      -      -      -       -
   23          7      3      5      -      -      -      -       -
 
TOTALS
 
12HR 7-19   1172   1471    778      -      -      -      -       -
16HR 6-22   1363   1694    930      -      -      -      -       -
18HR 6-24   1386   1716    949      -      -      -      -       -
24HR 0-24   1406   1743    972      -      -      -      -       -
 
