 
 
 
*LOCATION   : ............................................................
*SITE NUMBER: 11203613
*FILE NUMBER:        2
*INTERVAL   :   15 MIN
*BATTERY    :    6.3 V
*RESTARTS   :        0
*CONFIG     :        0
*CHANNEL    :  1 OF  1
 
             MON    TUE    WED    THU    FRI    SAT    SUN    7-DAY
DATE    09/08/31     01     02     03     04     05     06   AVERAGE
 
START HOUR
 
    0          -      7      2      2      3      3      1       -
    1          -      0      1      0      0      0      2       -
    2          -      2      0      1      4      3      1       -
    3          -      0      1      0      1      2      1       -
    4          -      1      1      1      1      1      4       -
    5          -     20     16     15     14      4      1       -
    6          -     70     69     75     39      4      4       -
    7          -    121    136    118     47     10      3       -
    8          -     80    106     76     30     14      3       -
    9          -     44     61     39     20     34      5       -
   10          -     25     65     36     23     55      7       -
   11          -     29     50     46     32     59     18       -
   12          -     25     61     39     27     75     33       -
   13          -     38     66     55     33     85     53       -
   14         58     33     86     70     59     67     35      58
   15         99    100    156    103     79    100     69     101
   16        152    129    196    132     81     76     40     115
   17        116     84    122     72     77     82     33      84
   18         91     65    118     71     67     82     40      76
   19         73     53     62     53     47     64     15      52
   20         46     38     43     44     35     30     12      35
   21         21     16     18     22     11      9      4      14
   22          4     10      7      7      8      8      4       7
   23          4      3      5      3      3      3      3       3
 
TOTALS
 
12HR 7-19      -    773   1223    857    575    739    339       -
16HR 6-22      -    950   1415   1051    707    846    374       -
18HR 6-24      -    963   1427   1061    718    857    381       -
24HR 0-24      -    993   1448   1080    741    870    391       -
 
 
 
 
*LOCATION   : ............................................................
*SITE NUMBER: 11203613
*FILE NUMBER:        2
*INTERVAL   :   15 MIN
*BATTERY    :    6.3 V
*RESTARTS   :        0
*CONFIG     :        0
*CHANNEL    :  1 OF  1
 
             MON    TUE    WED    THU    FRI    SAT    SUN    7-DAY
DATE    09/09/07     08     09     10     11     12     13   AVERAGE
 
START HOUR
 
    0          1      1      0      1      0      4      4       2
    1          2      1      0      0      2      0      0       1
    2          0      1      2      2      0      2      0       1
    3          0      1      1      0      2      0      0       1
    4          1      1      1      1      1      1      1       1
    5         16     17     19     17     15      1      2      12
    6         72     74     70     80     59      9      8      53
    7        130    121    121    129    119      9     16      92
    8         89     85     81     82     95     23     13      67
    9         51     49     52     51     56     46     25      47
   10         46     30     47     38     52     54     71      48
   11         32     39     47     52     62     81    110      60
   12         39     38     42     58     64     88    102      62
   13         46     36     61     73     61     90    110      68
   14         61     40     62     64    100     85     84      71
   15        125     87    140    132    139    100    130     122
   16        156    123    151    127    119     44    107     118
   17        120     67    114    119     87     33     83      89
   18        127     59     89    108     64     27     81      79
   19         72     51     53     85     60     23     72      59
   20         58     40     42     64     37     11     36      41
   21         22     13     13     42     16     20     16      20
   22         11     10     11      9     11      2      6       9
   23          3      2      2      1      7      1      0       2
 
TOTALS
 
12HR 7-19   1022    774   1007   1033   1018    680    932     924
16HR 6-22   1246    952   1185   1304   1190    743   1064    1098
18HR 6-24   1260    964   1198   1314   1208    746   1070    1109
24HR 0-24   1280    986   1221   1335   1228    754   1077    1126
 
 
 
 
*LOCATION   : ............................................................
*SITE NUMBER: 11203613
*FILE NUMBER:        2
*INTERVAL   :   15 MIN
*BATTERY    :    6.3 V
*RESTARTS   :        0
*CONFIG     :        0
*CHANNEL    :  1 OF  1
 
             MON    TUE    WED    THU    FRI    SAT    SUN    7-DAY
DATE    09/09/14     15     16     17     18     19     20   AVERAGE
 
START HOUR
 
    0          0      4      3      1      1      2      2       2
    1          0      0      1      1      1      0      1       1
    2          1      1      0      1      1      1      0       1
    3          0      0      1      0      2      0      0       0
    4          3      3      2      1      0      2      1       2
    5         13     18     12     14     13      1      1      10
    6         71     70     70     53     41      6      7      45
    7        141    142     87     94     87      7      3      80
    8         89     97     66     72     67     16     17      61
    9         43     55     18     38     41     25     31      36
   10         32     47     14     38     40     48     61      40
   11         38     49     29     34     47     46     91      48
   12         41     71     28     35     44     75    119      59
   13         46     81     25     46     46     79    124      64
   14         81     88     39     69     64     83    120      78
   15        133    168     87     86     79     76    113     106
   16        162    160     97    111     99     62    101     113
   17        109    135     83     88     62     64     95      91
   18        110    126     62     59     52     70     77      79
   19         79     84     45     51     27     38     44      53
   20         48     56     41     35     18     18     31      35
   21         23     16      9     20     10     12     16      15
   22          7     12      1      6      7      6      4       6
   23          1      2      3      0      5      1      1       2
 
TOTALS
 
12HR 7-19   1025   1219    635    770    728    651    952     854
16HR 6-22   1246   1445    800    929    824    725   1050    1003
18HR 6-24   1254   1459    804    935    836    732   1055    1011
24HR 0-24   1271   1485    823    953    854    738   1060    1026
 
 
 
 
*LOCATION   : ............................................................
*SITE NUMBER: 11203613
*FILE NUMBER:        2
*INTERVAL   :   15 MIN
*BATTERY    :    6.3 V
*RESTARTS   :        0
*CONFIG     :        0
*CHANNEL    :  1 OF  1
 
             MON    TUE    WED    THU    FRI    SAT    SUN    7-DAY
DATE    09/09/21     22     23     24     25     26     27   AVERAGE
 
START HOUR
 
    0          0      2      0      2      3      2     12       3
    1          0      0      0      0      1      1      7       1
    2          1      0      1      1      2      1      0       1
    3          1      3      2      0      0      1      2       1
    4          2      1      0      1      1      0      0       1
    5          9     16     16     13      9      4      0      10
    6         48     62     50     56     42      9      4      39
    7         84    100     90     85     81      4     10      65
    8         68     76     60     62     45     10     10      47
    9         40     43     47     41     41     31     35      40
   10         40     33     36     34     25     48     47      38
   11         50     44     39     37     38     51     50      44
   12         33     43     51     45     39     62     58      47
   13         44     39     43     47     38     60     71      49
   14         36     46     64     51     53     74     77      57
   15         74     93     83     87     78     95     70      83
   16        115    113    120    130     85     81     59     100
   17         79     73     67     78     51     82     41      67
   18         75     63     47     79     59     45     25      56
   19         43     32     52     57     34     22     31      39
   20         29     18     36     32     14     17     15      23
   21         17      9     11     13     18     12     13      13
   22          7     10      8      6      3      9      5       7
   23          1      4      2      5      5      4      3       3
 
TOTALS
 
12HR 7-19    738    766    747    776    633    643    553     694
16HR 6-22    875    887    896    934    741    703    616     807
18HR 6-24    883    901    906    945    749    716    624     818
24HR 0-24    896    923    925    962    765    725    645     834
 
 
 
 
*LOCATION   : ............................................................
*SITE NUMBER: 11203613
*FILE NUMBER:        2
*INTERVAL   :   15 MIN
*BATTERY    :    6.3 V
*RESTARTS   :        0
*CONFIG     :        0
*CHANNEL    :  1 OF  1
 
             MON    TUE    WED    THU    FRI    SAT    SUN    7-DAY
DATE    09/09/28     29     30     01     02     03     04   AVERAGE
 
START HOUR
 
    0          1      2      1      1      -      -      -       -
    1          0      0      2      1      -      -      -       -
    2          1      0      0      0      -      -      -       -
    3          1      1      0      0      -      -      -       -
    4          2      1      2      2      -      -      -       -
    5         14     16     11     14      -      -      -       -
    6         48     51     50     37      -      -      -       -
    7         70     81     57     70      -      -      -       -
    8         67     64     60     41      -      -      -       -
    9         35     34     41     21      -      -      -       -
   10         35     30     37     29      -      -      -       -
   11         36     38     41     32      -      -      -       -
   12         35     32     34     26      -      -      -       -
   13         37     33     35      -      -      -      -       -
   14         45     44     39      -      -      -      -       -
   15         77     77     70      -      -      -      -       -
   16        114     90    113      -      -      -      -       -
   17         80     54     78      -      -      -      -       -
   18         76     42     47      -      -      -      -       -
   19         37     30     27      -      -      -      -       -
   20         28     32     24      -      -      -      -       -
   21         16     10      8      -      -      -      -       -
   22          