 
 
 
*LOCATION   : ............................................................
*SITE NUMBER: 11503602
*FILE NUMBER:        3
*INTERVAL   :   15 MIN
*BATTERY    :    6.3 V
*RESTARTS   :        0
*CONFIG     :        0
*CHANNEL    :  1 OF  1
 
             MON    TUE    WED    THU    FRI    SAT    SUN    7-DAY
DATE    09/08/31     01     02     03     04     05     06   AVERAGE
 
START HOUR
 
    0          -     14      9     10     24     31     32       -
    1          -      7      3      5      8     30     24       -
    2          -      5      5      6      8     18     14       -
    3          -      3      2      2      8     15     13       -
    4          -      1      1      2      2      5      9       -
    5          -     13      9     12     12      7      1       -
    6          -     46     46     52     28     10      4       -
    7          -    148    163    146     59     11      1       -
    8          -    314    321    272     95     27      8       -
    9          -    164    190    176    112     50     15       -
   10          -     99    135    100     64     92     28       -
   11         89    115    110    110     69    115     27      91
   12         97    104    120    114     92    127     47     100
   13         99    115    131    108     97    130     52     105
   14        114    109    141    127    100    128     67     112
   15        192    158    205    185    125    108     75     150
   16        283    254    344    269    136    111     52     207
   17        282    215    277    231    132    109     70     188
   18        185    155    197    143     99     79     28     127
   19        116    106    129    124     74     52     22      89
   20        107     79     71     86     69     53     27      70
   21         57     62     56     92     39     29     23      51
   22         35     25     31     55     23     31     13      30
   23         21     21     15     47     29     28     14      25
 
TOTALS
 
12HR 7-19      -   1950   2334   1981   1180   1087    470       -
16HR 6-22      -   2243   2636   2335   1390   1231    546       -
18HR 6-24      -   2289   2682   2437   1442   1290    573       -
24HR 0-24      -   2332   2711   2474   1504   1396    666       -
 
 
 
 
*LOCATION   : ............................................................
*SITE NUMBER: 11503602
*FILE NUMBER:        3
*INTERVAL   :   15 MIN
*BATTERY    :    6.3 V
*RESTARTS   :        0
*CONFIG     :        0
*CHANNEL    :  1 OF  1
 
             MON    TUE    WED    THU    FRI    SAT    SUN    7-DAY
DATE    09/09/07     08     09     10     11     12     13   AVERAGE
 
START HOUR
 
    0          4      8     11     14     24     26     20      15
    1          5      2      7      5      9      8     29       9
    2          5      1      4      6      6     14     16       7
    3          3      0      1      3      1     14     20       6
    4          1      4      2      0      4      4      8       3
    5         10     12     15     16     10      1      1       9
    6         45     46     42     41     38      8      4      32
    7        159    185    150    171    132      9      6     116
    8        302    298    285    275    267     25     13     209
    9        193    174    172    200    153     62     24     140
   10         84     95    112    106     98     85     45      89
   11         64     99     99    115    101     90     65      90
   12         79    107    116    116     94    111     79     100
   13         94    107    110    131    125    135     86     113
   14        105    106    133    138    154    119     77     119
   15        175    162    206    178    208    114     80     160
   16        300    243    280    247    284     69     75     214
   17        259    202    287    235    180     46     92     186
   18        181    147    196    178    144     39     66     136
   19        133    109    134    124     91     27     51      96
   20         72     58     99     87     74     26     55      67
   21         53     32     56     67     44     28     30      44
   22         16     20     54     33     26     11     18      25
   23         16     18     25     29     41     25     11      24
 
TOTALS
 
12HR 7-19   1995   1925   2146   2090   1940    904    708    1673
16HR 6-22   2298   2170   2477   2409   2187    993    848    1912
18HR 6-24   2330   2208   2556   2471   2254   1029    877    1961
24HR 0-24   2358   2235   2596   2515   2308   1096    971    2011
 
 
 
 
*LOCATION   : ............................................................
*SITE NUMBER: 11503602
*FILE NUMBER:        3
*INTERVAL   :   15 MIN
*BATTERY    :    6.3 V
*RESTARTS   :        0
*CONFIG     :        0
*CHANNEL    :  1 OF  1
 
             MON    TUE    WED    THU    FRI    SAT    SUN    7-DAY
DATE    09/09/14     15     16     17     18     19     20   AVERAGE
 
START HOUR
 
    0         10      5     10      6     17     26     34      15
    1          4      2      2      9      6     18     16       8
    2          2      2      2      4      4     12     14       6
    3          0      2      1      3      2     14     12       5
    4          2      0      1      3      3      5      7       3
    5          7     12     11     12     10      1      4       8
    6         43     44     38     38     32      9      1      29
    7        148    174    134    140    137      7     11     107
    8        314    338    225    273    242     25      6     203
    9        190    187     83    192    151     47     19     124
   10         99     96     49    103     99     74     51      82
   11        104    135     62    116    115    101     74     101
   12        105    114     49    140    136    107     90     106
   13        127    117     51    125     88    105    105     103
   14        131    149     70    120    116    101     85     110
   15        213    180    140    172    185     93    109     156
   16        315    302    239    242    217     99     77     213
   17        272    251    205    231    176     72     92     186
   18        165    193    139    144    122     55     69     127
   19        152    156    110    109     70     46     59     100
   20         92    110     79     71     42     56     54      72
   21         56     66     38     51     30     29     29      43
   22         24     35     23     31     26     36     27      29
   23         11     25     15     17     14     25     17      18
 
TOTALS
 
12HR 7-19   2183   2236   1446   1998   1784    886    788    1617
16HR 6-22   2526   2612   1711   2267   1958   1026    931    1862
18HR 6-24   2561   2672   1749   2315   1998   1087    975    1908
24HR 0-24   2586   2695   1776   2352   2040   1163   1062    1953
 
 
 
 
*LOCATION   : ............................................................
*SITE NUMBER: 11503602
*FILE NUMBER:        3
*INTERVAL   :   15 MIN
*BATTERY    :    6.3 V
*RESTARTS   :        0
*CONFIG     :        0
*CHANNEL    :  1 OF  1
 
             MON    TUE    WED    THU    FRI    SAT    SUN    7-DAY
DATE    09/09/21     22     23     24     25     26     27   AVERAGE
 
START HOUR
 
    0          8      8      8     19     10     18     18      13
    1          0      3      3     11      9     24     18      10
    2          2      0      0      4      2     11      9       4
    3          1      4      1      7      5      9      9       5
    4          4      4      2      1      4      5     10       4
    5          7     13      9      7      6      3      0       6
    6         41     34     47     43     38      8      2      30
    7        122    146    134    122    131      9     10      96
    8        246    252    256    283    228     18     15     185
    9        160    172    169    162    171     53     21     130
   10         78     88     79     90    111     61     26      76
   11        110    101    101    105     99     88     57      94
   12         97    126    102     94     97     87     65      95
   13         96     97    109    107    104     84     71      95
   14        131    125    116    121    102    104     51     107
   15        188    143    181    184    164     98     52     144
   16        248    287    264    238    199     86     42     195
   17        247    236    209    219    140     86     60     171
   18        158    152    157    169    137     67     41     126
   19        113     85    111    110     71     44     35      81
   20         76     61     82    100     45     34     40      63
   21         46     37     47     48     40     30     25      39
   22         28     23     30     51     17     23      8      26
   23         17     20     16     26     30     23     12      21
 
TOTALS
 
12HR 7-19   1881   1925   1877   1894   1683    841    511    1516
16HR 6-22   2157   2142   2164   2195   1877    957    613    1729
18HR 6-24   2202   2185   2210   2272   1924   1003    633    1776
24HR 0-24   2224   2217   2233   2321   1960   1073    697    1818
 
 
 
 
*LOCATION   : ............................................................
*SITE NUMBER: 11503602
*FILE NUMBER:        3
*INTERVAL   :   15 MIN
*BATTERY    :    6.3 V
*RESTARTS   :        0
*CONFIG     :        0
*CHANNEL    :  1 OF  1
 
             MON    TUE    WED    THU    FRI    SAT    SUN    7-DAY
DATE    09/09/28     29     30     01     02     03     04   AVERAGE
 
START HOUR
 
    0          3      0      6      8     11     10      4       6
    1          1      2      1      5     12      9      8       5
    2          2      2      1      0      6     11      6       4
    3          4      3      3      2      4      5      5       4
    4          1      3      4      2      1      3      4       3
    5          9     10     10     11      9      4      4       8
    6         30     30     32     31     27      5      1      22
    7        118    142    112    105     98     11      6      85
    8        227    264    214    217    191     20      5     163
    9        140    160    143    144    126     51     13     111
   10         74     65     80     79     83     47     13      63
   11         74     88     87     80     78     78     11      71
   12         88     87    102     85     74     90     12      77
   13         74     88     83     88     82     87     15      74
   14         84     85     88     93     94    115     21      83
   15        161    121    139    131    152     73     20     114
   16        226    200    219    193    174     73     24     158
   17        212    198    198    169    147     46     16     141
   18        147    154    140    156    115     35      5     107
   19         99     95     98     83     63     26     11      68
   20         70     60     61     51     38     33      7      46
   21         52     53     46     41     28     18      7      35
   22         21     24     33     29     21     14      3      21
   23         12     21     18     18     20      5      4      14
 
TOTALS
 
12HR 7-19   1625   1652   1605   1540   1414    726    161    1246
16HR 6-22   1876   1890   1842   1746   1570    808    187    1417
18HR 6-24   1909   1935   1893   1793   1611    827    194    1452
24HR 0-24   1929   1955   1918   1821   1654    869    225    1482
 
 
 
 
*LOCATION   : ............................................................
*SITE NUMBER: 11503602
*FILE NUMBER:        3
*INTERVAL   :   15 MIN
*BATTERY    :    6.3 V
*RESTARTS   :        0
*CONFIG     :        0
*CHANNEL    :  1 OF  1
 
             MON    TUE    WED    THU    FRI    SAT    SUN    7-DAY
DATE    09/10/05     06     07     08     09     10     11   AVERAGE
 
START HOUR
 
    0          0      -      -      -      -      -      -       -
    1          1      -      -      -      -      -      -       -
    2          0      -      -      -      -      -      -       -
    3          1      -      -      -      -      -      -       -
    4          2      -      -      -      -      -      -       -
    5          8      -      -      -      -      -      -       -
    6         28      -      -      -      -      -      -       -
    7         69      -      -      -      -      -      -       -
    8        159      -      -      -      -      -      -       -
    9        100      -      -      -      -      -      -       -
   10         48      -      -      -      -      -      -       -
   11         58      -      -      -      -      -      -       -
   12         51      -      -      -      -      -      -       -
   13          -      -      -      -      -      -      -       -
   14          -      -      -      -      -      -      -       -
   15          -      -      -      -      -      -      -       -
   16          -      -      -      -      -      -      -       -
   17          -      -      -      -      -      -      -       -
   18          -      -      -      -      -      -      -       -
   19          -      -      -      -      -      -      -       -
   20          -      -      -      -      -      -      -       -
   21          -      -      -      -      -      -      -       -
   22          -      -      -      -      -      -      -       -
   23          -      -      -      -      -      -      -       -
 
TOTALS
 
12HR 7-19      -      -      -      -      -      -      -       -
16HR 6-22      -      -      -      -      -      -      -       -
18HR 6-24      -      -      -      -      -      -      -       -
24HR 0-24      -      -      -      -      -      -      -       -
 
