 
 
 
*LOCATION   : ............................................................
*SITE NUMBER: 11803619
*FILE NUMBER:        3
*INTERVAL   :   15 MIN
*BATTERY    :    6.2 V
*RESTARTS   :        0
*CONFIG     :        0
*CHANNEL    :  1 OF  1
 
             MON    TUE    WED    THU    FRI    SAT    SUN    7-DAY
DATE    09/08/31     01     02     03     04     05     06   AVERAGE
 
START HOUR
 
    0          -      1      0      2      2      4      8       -
    1          -      2      0      0      2      2      2       -
    2          -      1      0      0      0      0      0       -
    3          -      2      1      1      0      0      0       -
    4          -      1      0      0      0      1      0       -
    5          -      8     10      8      2      2      0       -
    6          -     57     57     50     26     11      8       -
    7          -     94    108     95     38     12      3       -
    8          -     58     76     67     20     15      3       -
    9          -     28     40     32     14     39      4       -
   10          -     27     40     31     18     39     11       -
   11          -     36     69     43     25     45     28       -
   12          -     25     52     50     26     68     28       -
   13         44     37     51     56     42     68     40      48
   14         55     43     59     62     55     70     46      56
   15         73     76     94     96     76     69     62      78
   16        125     81    153    100     54     87     30      90
   17         92     63    114     61     47     83     28      70
   18         48     44     86     68     48     60     22      54
   19         66     46     41     33     31     49     21      41
   20         42     31     23     36     38     21      8      28
   21         23     22     20     12     24     16      9      18
   22          7     10      5     11      8     20      1       9
   23          3      0      3      3      1      4      1       2
 
TOTALS
 
12HR 7-19      -    612    942    761    463    655    305       -
16HR 6-22      -    768   1083    892    582    752    351       -
18HR 6-24      -    778   1091    906    591    776    353       -
24HR 0-24      -    793   1102    917    597    785    363       -
 
 
 
 
*LOCATION   : ............................................................
*SITE NUMBER: 11803619
*FILE NUMBER:        3
*INTERVAL   :   15 MIN
*BATTERY    :    6.2 V
*RESTARTS   :        0
*CONFIG     :        0
*CHANNEL    :  1 OF  1
 
             MON    TUE    WED    THU    FRI    SAT    SUN    7-DAY
DATE    09/09/07     08     09     10     11     12     13   AVERAGE
 
START HOUR
 
    0          0      1      3      2      3      5     10       3
    1          0      0      0      1      0      4      7       2
    2          0      0      0      0      1      1      7       1
    3          0      1      1      0      0      2      7       2
    4          3      0      0      1      1      1      7       2
    5          3      9     10     10      2      2      1       5
    6         42     55     51     59     47      4      4      37
    7         95     96     98     99     88      7      9      70
    8         59     57     51     58     40     27     11      43
    9         33     37     44     34     30     17     40      34
   10         33     33     26     24     34     52     47      36
   11         45     30     42     42     49     67     79      51
   12         31     40     48     50     39     73     70      50
   13         40     36     49     56     55     86     77      57
   14         54     45     70     59     81     88     64      66
   15         81     79    110     96     93     44     85      84
   16        125     90    124     93     98     36     64      90
   17         82     63    102     71     68     29     78      70
   18         80     40     90     71     77     17     67      63
   19         73     57     63     79     44     17     44      54
   20         36     24     59     40     23     22     23      32
   21         15     11     15     16     16     20      5      14
   22          8     16     11      7     10     11      1       9
   23          1      4      3      3      1      6      1       3
 
TOTALS
 
12HR 7-19    758    646    854    753    752    543    691     714
16HR 6-22    924    793   1042    947    882    606    767     852
18HR 6-24    933    813   1056    957    893    623    769     863
24HR 0-24    939    824   1070    971    900    638    808     879
 
 
 
 
*LOCATION   : ............................................................
*SITE NUMBER: 11803619
*FILE NUMBER:        3
*INTERVAL   :   15 MIN
*BATTERY    :    6.2 V
*RESTARTS   :        0
*CONFIG     :        0
*CHANNEL    :  1 OF  1
 
             MON    TUE    WED    THU    FRI    SAT    SUN    7-DAY
DATE    09/09/14     15     16     17     18     19     20   AVERAGE
 
START HOUR
 
    0          0      5      2      1      0      4      8       3
    1          1      2      0      0      0      0      4       1
    2          0      0      0      0      0      0      0       0
    3          0      1      0      3      0      1      4       1
    4          2      2      2      2      1      0      0       1
    5          6      7      7      4      8      2      0       5
    6         49     46     46     44     34     10      2      33
    7        100    105     85     81     76     10      6      66
    8         63     50     32     50     56      7     15      39
    9         25     33     16     40     30     20     36      29
   10         33     34     15     34     28     41     53      34
   11         53     25     21     37     32     44     88      43
   12         50     51     23     44     43     49    119      54
   13         48     58     29     52     38     69    116      59
   14         53     54     37     64     55     62     92      60
   15        104    112     64     74     82     76     84      85
   16        120    135     93     70     62     61     84      89
   17         71     81     60     66     53     47     81      66
   18         78     80     56     40     44     55     47      57
   19         66     66     52     51     27     24     46      47
   20         20     39     40     30     11     13     16      24
   21          8     14     18     21     16     14      9      14
   22          9     12     10      8     12      9      3       9
   23          4      2      2      2      4     17      5       5
 
TOTALS
 
12HR 7-19    798    818    531    652    599    541    821     680
16HR 6-22    941    983    687    798    687    602    894     799
18HR 6-24    954    997    699    808    703    628    902     813
24HR 0-24    963   1014    710    818    712    635    918     824
 
 
 
 
*LOCATION   : ............................................................
*SITE NUMBER: 11803619
*FILE NUMBER:        3
*INTERVAL   :   15 MIN
*BATTERY    :    6.2 V
*RESTARTS   :        0
*CONFIG     :        0
*CHANNEL    :  1 OF  1
 
             MON    TUE    WED    THU    FRI    SAT    SUN    7-DAY
DATE    09/09/21     22     23     24     25     26     27   AVERAGE
 
START HOUR
 
    0          0      0      3      0      1      1      3       1
    1          2      1      1      0      1      1      3       1
    2          1      1      1      1      0      1      1       1
    3          0      0      2      1      0      2      1       1
    4          2      2      2      1      0      1      1       1
    5          4      6     11      6      8      0      0       5
    6         34     33     41     44     25      8      4      27
    7         91     93     77     76     66      8     11      60
    8         55     64     47     50     48     21     14      43
    9         21     48     29     32     32     19     20      29
   10         43     36     29     22     26     52     38      35
   11         41     37     42     37     39     58     68      46
   12         31     34     37     28     37     46     74      41
   13         46     39     53     60     45     47     69      51
   14         43     63     45     67     44     56     76      56
   15         84     72     76     77     84     65     40      71
   16        106     81     87     83     85     75     36      79
   17         71     89     67     81     57     45     41      64
   18         63     40     54     41     31     37     26      42
   19         50     40     45     56     39     33     31      42
   20         38     16     23     20     20     26     24      24
   21         14     10     12     15     19      2     11      12
   22          5      2      7      9     14     10      5       7
   23          2      4      3      2      5      5      5       4
 
TOTALS
 
12HR 7-19    695    696    643    654    594    529    513     618
16HR 6-22    831    795    764    789    697    598    583     722
18HR 6-24    838    801    774    800    716    613    593     734
24HR 0-24    847    811    794    809    726    619    602     744
 
 
 
 
*LOCATION   : ............................................................
*SITE NUMBER: 11803619
*FILE NUMBER:        3
*INTERVAL   :   15 MIN
*BATTERY    :    6.2 V
*RESTARTS   :        0
*CONFIG     :        0
*CHANNEL    :  1 OF  1
 
             MON    TUE    WED    THU    FRI    SAT    SUN    7-DAY
DATE    09/09/28     29     30     01     02     03     04   AVERAGE
 
START HOUR
 
    0          1      0      3      0      -      -      -       -
    1          0      0      0      2      -      -      -       -
    2          0      2      0      1      -      -      -       -
    3          0      0      0      0      -      -      -       -
    4          0      0      1      0      -      -      -       -
    5          4      4      1      1      -      -      -       -
    6         30     37     34     28      -      -      -       -
    7         63     94     61     57      -      -      -       -
    8         53     43     42     39      -      -      -       -
    9         17     34     24     23      -      -      -       -
   10         18     30     23     20      -      -      -       -
   11         34     33     41     28      -      -      -       -
   12         30     42     22     34      -      -      -       -
   13         44     43     35     49      -      -      -       -
   14         42     42     27      -      -      -      -       -
   15         74     59     54      -      -      -      -       -
   16        101     63     68      -      -      -      -       -
   17         71     47     53      -      -      -      -       -
   18         79     37     29      -      -      -      -       -
   19         38     28     34      -      -      -      -       -
   20         20     24     17      -      -      -      -       -
   21         14     13     16      -      -      -      -       -
   22          