
 
 
 
*LOCATION   : ............................................................
*SITE NUMBER: 12103615
*FILE NUMBER:        1
*INTERVAL   :   15 MIN
*BATTERY    :    6.5 V
*RESTARTS   :        0
*CONFIG     :       12
*CHANNEL    :  2 OF  2
 
             MON    TUE    WED    THU    FRI    SAT    SUN    7-DAY
DATE    09/08/31     01     02     03     04     05     06   AVERAGE
 
START HOUR
 
    0          -      4      0      4      7      6      2       -
    1          -      3      6      3      5      7      4       -
    2          -      2      0      1      6      6      7       -
    3          -      0      1      0      0      6      1       -
    4          -      7      2      7      1      5      4       -
    5          -     20     20     17     16      4      3       -
    6          -     84     87     68     33      9      8       -
    7          -    129    115     82     30      7      4       -
    8          -     55     72     47     15     15      0       -
    9          -     32     47     25     20     33      5       -
   10          -     34     43     47     13     62     10       -
   11          -     40     67     31     15     84     15       -
   12          -     30     70     46     37     87     19       -
   13          -     28     58     52     45     68     44       -
   14         46     59     87     65     60    112     44      68
   15         94     71    145     79     76    105     74      92
   16        107    111    135    100     75     69     37      91
   17         82     70    143     81     52     85     51      81
   18         63     58    106     85     45     60     22      63
   19         50     51     75     52     35     56     12      47
   20         50     52     28     42     17     35     13      34
   21         24     23     20     19     15     10     11      17
   22         14     10      5     15     10      6      3       9
   23          2      3      3      8      6     11      0       5
 
TOTALS
 
12HR 7-19      -    717   1088    740    483    787    325       -
16HR 6-22      -    927   1298    921    583    897    369       -
18HR 6-24      -    940   1306    944    599    914    372       -
24HR 0-24      -    976   1335    976    634    948    393       -

 
 
 













 
*LOCATION   : ............................................................
*SITE NUMBER: 12103615
*FILE NUMBER:        1
*INTERVAL   :   15 MIN
*BATTERY    :    6.5 V
*RESTARTS   :        0
*CONFIG     :       12
*CHANNEL    :  2 OF  2
 
             MON    TUE    WED    THU    FRI    SAT    SUN    7-DAY
DATE    09/09/07     08     09     10     11     12     13   AVERAGE
 
START HOUR
 
    0          1      6      6      9     12      4      7       6
    1          3      2      4      3      1      5      1       3
    2          0      0      5      1      6      3      5       3
    3          0      2      0      1      3      0      1       1
    4          5      6      4      1      3      2      0       3
    5         20     23     18     16     14      4      0      14
    6         65     87     49     66     66      6     10      50
    7         91    104    115    107     93     11     11      76
    8         61     59     66     49     75     14     17      49
    9         43     37     32     38     38     38     39      38
   10         40     32     40     29     26     57     38      37
   11         31     28     38     48     40     53    121      51
   12         29     42     56     46     55     96    147      67
   13         52     50     58     51     75    110    130      75
   14         68     54     85     66     75    100    138      84
   15        111     87    103    110     92     90    141     105
   16        120    115    107     96    108     90    127     109
   17        125     52    110    104     94     34    111      90
   18         96     54    110     96     85     33     98      82
   19         88     37     91     62     56     29     58      60
   20         69     54     61     58     30     12     36      46
   21         26     16     25     37     20     17     10      22
   22         18      9     15     17     23     11      9      15
   23          3      4      1      4      7      2      1       3
 
TOTALS
 
12HR 7-19    867    714    920    840    856    726   1118     863
16HR 6-22   1115    908   1146   1063   1028    790   1232    1040
18HR 6-24   1136    921   1162   1084   1058    803   1242    1058
24HR 0-24   1165    960   1199   1115   1097    821   1256    1088

 
 
 
 
*LOCATION   : ............................................................
*SITE NUMBER: 12103615
*FILE NUMBER:        1
*INTERVAL   :   15 MIN
*BATTERY    :    6.5 V
*RESTARTS   :        0
*CONFIG     :       12
*CHANNEL    :  2 OF  2
 
             MON    TUE    WED    THU    FRI    SAT    SUN    7-DAY
DATE    09/09/14     15     16     17     18     19     20   AVERAGE
 
START HOUR
 
    0          4      5      5      2      3     10      7       5
    1          0      2      3      4      4      4      2       3
    2          1      4      3      0      3      4      3       3
    3          0      3      0      0      1      2      5       2
    4          3      4      4      4      6      7      4       5
    5         18     12     21     13     10      4      2      11
    6         54     72     60     44     47      8     12      42
    7         91    121    107    105     89      3      8      75
    8         64     64     63     53     50     18     15      47
    9         29     40     18     36     41     29     38      33
   10         38     35     18     42     32     21     93      40
   11         52     47     24     53     40     83    149      64
   12         53     72     17     63     44     62    189      71
   13         51     79     23     46     46     61    167      68
   14         75     72     31     71     77     90    172      84
   15        105    136     75     90     77     82    144     101
   16        131    136     87     91     80     60    109      99
   17        103    125     80     87     73     63     69      86
   18         99    104     67     59     31     47     55      66
   19         80     87     44     59     32     31     50      55
   20         31     56     10     36     20     21     33      30
   21         21     26     20     24     14     14     13      19
   22          8      9     10      7     16     13      6      10
   23         10      4      4      3      4     15      2       6
 
TOTALS
 
12HR 7-19    891   1031    610    796    680    619   1208     834
16HR 6-22   1077   1272    744    959    793    693   1316     979
18HR 6-24   1095   1285    758    969    813    721   1324     995
24HR 0-24   1121   1315    794    992    840    752   1347    1023

 














 
 
 
*LOCATION   : ............................................................
*SITE NUMBER: 12103615
*FILE NUMBER:        1
*INTERVAL   :   15 MIN
*BATTERY    :    6.5 V
*RESTARTS   :        0
*CONFIG     :       12
*CHANNEL    :  2 OF  2
 
             MON    TUE    WED    THU    FRI    SAT    SUN    7-DAY
DATE    09/09/21     22     23     24     25     26     27   AVERAGE
 
START HOUR
 
    0          6      6      4      0      2      6      5       4
    1          2      4      3      1      5      6      7       4
    2          0      2      2      0      6      8      1       3
    3          2      2      0      0      6      8      4       3
    4          2      3      2      2      1      3      1       2
    5         12     20     24     18     13      2      2      13
    6         53     71     48     58     68     14      8      46
    7         63     94     82     85     85      6      6      60
    8         55     62     57     51     56      7     13      43
    9         28     31     32     34     21     39     15      29
   10         28     33     50     30     18     38     39      34
   11         50     41     55     42     40     52     36      45
   12         39     42     48     71     40     62     64      52
   13         46     48     59     62     58     57     56      55
   14         61     58     54     83     70    109     53      70
   15         92     75     83    101     62     67     61      77
   16         94    111     98    112     85     77     54      90
   17         96     96     54    100     63     71     37      74
   18         89     53     67     74     28     41     41      56
   19         52     36     57     53     26     28     23      39
   20         34     29     25     41     17     28     18      27
   21         13     18     30     31     18     12     16      20
   22         15      5      3     18     14      9      5      10
   23         11      6      6      4      5      8      3       6
 
TOTALS
 
12HR 7-19    741    744    739    845    626    626    475     685
16HR 6-22    893    898    899   1028    755    708    540     817
18HR 6-24    919    909    908   1050    774    725    548     833
24HR 0-24    943    946    943   1071    807    758    568     862

 
 
 
 
*LOCATION   : ............................................................
*SITE NUMBER: 12103615
*FILE NUMBER:        1
*INTERVAL   :   15 MIN
*BATTERY    :    6.5 V
*RESTARTS   :        0
*CONFIG     :       12
*CHANNEL    :  2 OF  2
 
             MON    TUE    WED    THU    FRI    SAT    SUN    7-DAY
DATE    09/09/28     29     30     01     02     03     04   AVERAGE
 
START HOUR
 
    0          0      1      0      1      -      -      -       -
    1          2      0      1      0      -      -      -       -
    2          1      1      0      2      -      -      -       -
    3          2      2      1      1      -      -      -       -
    4          2      3      2      2      -      -      -       -
    5          9     13      7      8      -      -      -       -
    6         47     61     52     58      -      -      -       -
    7         58     87     62     58      -      -      -       -
    8         48     49     43     28      -      -      -       -
    9         28     23     32     30      -      -      -       -
   10         24     30     21     26      -      -      -       -
   11         37     48     20     24      -      -      -       -
   12         48     31     54     25      -      -      -       -
   13         45     43     38      -      -      -      -       -
   14         51     47     42      -      -      -      -       -
   15         87     57     48      -      -      -      -       -
   16         94     71     68      -      -      -      -       -
   17         87     49     65      -      -      -      -       -
   18         67     43     31      -      -      -      -       -
   19         46     38     29      -      -      -      -       -
   20         33     21     33      -      -      -      -       -
   21         17     12     17      -      -      -      -       -
   22          4      7      5      -      -      -      -       -
   23          2      3      2      -      -      -      -       -
 
TOTALS
 
12HR 7-19    674    578    524      -      -      -      -       -
16HR 6-22    817    710    655      -      -      -      -       -
18HR 6-24    823    720    662      -      -      -      -       -
24HR 0-24    839    740    673      -      -      -      -       -

 

