 
 
 
*LOCATION   : ............................................................
*SITE NUMBER: 10202615
*FILE NUMBER:        5
*INTERVAL   :   15 MIN
*BATTERY    :    6.5 V
*RESTARTS   :        0
*CONFIG     :        0
*CHANNEL    :  1 OF  1
 
             TUE    WED    THU    FRI    SAT    SUN    MON    7-DAY
DATE    07/06/26     27     28     29     30     01     02   AVERAGE
 
START HOUR
 
    0          -      3      0      0      0      0      3       -
    1          -      0      0      0      0      0      2       -
    2          -      0      0      0      0      0      2       -
    3          -      0      0      0      0      0      0       -
    4          -      0      0      0      0      0      2       -
    5          -      0      0      0      0      0     22       -
    6          -      0      0      0      0      0     96       -
    7          -      0      0      0      0      0    236       -
    8          -      0      0      0      0      0    230       -
    9          -      0      0      0      0      0     82       -
   10          -      0      0      0      0      0     68       -
   11          -      0      0      0      0      0     55       -
   12          -      0      0      0      0      0     59       -
   13          -      0      0      0      0      0     62       -
   14          -      0      0      0      0      0     53       -
   15          -      0      0      0      0      0    169       -
   16          0      0      0      0      0      0    255      36
   17          0      0      0      0      0      0    229      33
   18          0      0      0      0      0      0    159      23
   19          0      0      0      0      0      0    166      24
   20          0      0      0      0      0      0     77      11
   21          0      0      0      0      0      0     57       8
   22          0      0      0      0      0      0     23       3
   23          1      0      0      0      0      0     11       2
 
TOTALS
 
12HR 7-19      -      0      0      0      0      0   1657       -
16HR 6-22      -      0      0      0      0      0   2053       -
18HR 6-24      -      0      0      0      0      0   2087       -
24HR 0-24      -      3      0      0      0      0   2118       -
 
 
 
 
*LOCATION   : ............................................................
*SITE NUMBER: 10202615
*FILE NUMBER:        5
*INTERVAL   :   15 MIN
*BATTERY    :    6.5 V
*RESTARTS   :        0
*CONFIG     :        0
*CHANNEL    :  1 OF  1
 
             TUE    WED    THU    FRI    SAT    SUN    MON    7-DAY
DATE    07/07/03     04     05     06     07     08     09   AVERAGE
 
START HOUR
 
    0          4     14      7      6      7      3      5       7
    1          4      4      6      0      1      0      1       2
    2          0      1      1      4      1      2      1       1
    3          0      3      2      2      0      0      0       1
    4          3      6      6      1      1      1      3       3
    5         19     18     14     16      4      3     10      12
    6        106    104     86     54      6      6     59      60
    7        261    273    248    147      9      9    138     155
    8        245    227    211    136     13     10    125     138
    9        108    100     87     65     34      4     61      66
   10         95     53     61     39     37     30     16      47
   11         94     59     78     43     46     38     19      54
   12         75     70     84     32     74     53     19      58
   13         87     72     74     51     65     56     24      61
   14        103     81     99     54     24     72     20      65
   15        218    194    210    140     39     77    110     141
   16        350    269    308    150     15     89    150     190
   17        277    218    233     97     20     87    140     153
   18        191    150    158     64     40     60    124     112
   19        148    124    132     48     34     89     87      95
   20        132    117     88     33     57     60     67      79
   21         68     64     65     19     23     57     39      48
   22         47     38     40     14     21     23     31      31
   23         23     16      7      2     10      9     12      11
 
TOTALS
 
12HR 7-19   2104   1766   1851   1018    416    585    946    1241
16HR 6-22   2558   2175   2222   1172    536    797   1198    1523
18HR 6-24   2628   2229   2269   1188    567    829   1241    1564
24HR 0-24   2658   2275   2305   1217    581    838   1261    1591
 
 
 
 
*LOCATION   : ............................................................
*SITE NUMBER: 10202615
*FILE NUMBER:        5
*INTERVAL   :   15 MIN
*BATTERY    :    6.5 V
*RESTARTS   :        0
*CONFIG     :        0
*CHANNEL    :  1 OF  1
 
             TUE    WED    THU    FRI    SAT    SUN    MON    7-DAY
DATE    07/07/10     11     12     13     14     15     16   AVERAGE
 
START HOUR
 
    0          4     13      5      3      7      8      4       6
    1          1      1      2      2      6      3      0       2
    2          2      3      2      3      2      4      1       2
    3          2      0      0      3      2      0      4       2
    4          2      2      2      2      1      1      2       2
    5         15     14      8      8      7      3     15      10
    6         88     77     64     67     11     12     74      56
    7        169    145    172    151     16     13    158     118
    8        171    104    142    116     16     13    115      97
    9         64     26     64     64     20     15     90      49
   10         37     21     73     64     34     13     68      44
   11         41     13     55    105     38     14     73      48
   12         59     10     65     64     44     27     73      49
   13         56     24     93     77     54     24     67      56
   14         68     21    103     99     59     18     85      65
   15        155    121    151    161     59     39    137     118
   16        217    137    205    170     61     44    193     147
   17        147    103    171    132     50     61    167     119
   18        128     77    166     67     48     61    144      99
   19        111     29    132     81     41     57    101      79
   20         80     25     95     58     38     55     92      63
   21         72     27     59     43     28     35     63      47
   22         30     17     25     23     14     17     23      21
   23         12      7     14      5     12      7     13      10
 
TOTALS
 
12HR 7-19   1312    802   1460   1270    499    342   1370    1008
16HR 6-22   1663    960   1810   1519    617    501   1700    1253
18HR 6-24   1705    984   1849   1547    643    525   1736    1284
24HR 0-24   1731   1017   1868   1568    668    544   1762    1308
 
 
 
 
*LOCATION   : ............................................................
*SITE NUMBER: 10202615
*FILE NUMBER:        5
*INTERVAL   :   15 MIN
*BATTERY    :    6.5 V
*RESTARTS   :        0
*CONFIG     :        0
*CHANNEL    :  1 OF  1
 
             TUE    WED    THU    FRI    SAT    SUN    MON    7-DAY
DATE    07/07/17     18     19     20     21     22     23   AVERAGE
 
START HOUR
 
    0          1      0      5     10      4      8      8       5
    1          4      4      2      3      4      1      1       3
    2          0      0      0      3      1      1      3       1
    3          1      1      2      3      2      2      1       2
    4          3      1      3      2      1      3      2       2
    5         11     12     11     10      5      3     13       9
    6         88     85     75     47     12      2     84      56
    7        177    156    123    119      6     11    161     108
    8        156    151    111    106     16     20    153     102
    9         89     69     58     61     30     26     70      58
   10         74     64     41     45     40     67     68      57
   11         70     61     44     57     63    119     76      70
   12         83     66     47     83     88    160     64      84
   13        100     70     53     64     81    128     74      81
   14        120     93     72     78     74    127     85      93
   15        198    136    123    119     55    135    130     128
   16        248    189    172    128     58    112    188     156
   17        209    149    135     74     49    118    119     122
   18        176     97    120     40     48    109     64      93
   19        129     65     79     45     50     74     39      69
   20        112     62     62     27     43     81     42      61
   21         64     42     41     21     29     49     27      39
   22         33     24     23     15     15     28     16      22
   23         11      7      8      4      9     12     12       9
 
TOTALS
 
12HR 7-19   1700   1301   1099    974    608   1132   1252    1152
16HR 6-22   2093   1555   1356   1114    742   1338   1444    1377
18HR 6-24   2137   1586   1387   1133    766   1378   1472    1408
24HR 0-24   2157   1604   1410   1164    783   1396   1500    1431
 
 
 
 
*LOCATION   : ............................................................
*SITE NUMBER: 10202615
*FILE NUMBER:        5
*INTERVAL   :   15 MIN
*BATTERY    :    6.5 V
*RESTARTS   :        0
*CONFIG     :        0
*CHANNEL    :  1 OF  1
 
             TUE    WED    THU    FRI    SAT    SUN    MON    7-DAY
DATE    07/07/24     25     26     27     28     29     30   AVERAGE
 
START HOUR
 
    0          5      3      3      1      6      3      2       3
    1          0      0      3      5      2      1      1       2
    2          1      1      2      3      1      2      1       2
    3          0      1      4      2      0      1      1       1
    4          1      1      3      4      3      1      2       2
    5          6     13     13      4      4      3     14       8
    6         51     72     68     63      8      9     74      49
    7        122    121    152    115      8     10    199     104
    8         71    110    127    129     17      8    174      91
    9         38     66     70     68     22     25     70      51
   10         18     34     61     81     50     48     35      47
   11         18     30     77     66     63     48     47      50
   12         13     34     73     73     70     84     52      57
   13         14     50    106     77     63     71     56      62
   14         30     72    103    101     82     65      -       -
   15         67    115    163    151     61     56      -       -
   16        121    164    214    149     64     46      -       -
   17        122    134    175     85     48     50      -       -
   18        110     87    136     76     56     77      -       -
   19        111     68    126     47     40     72      -       -
   20         99     57    104     32     47     51      -       -
   21         47     40     72     23     24     39      -       -
   22         31     16     26     14     16     21      -       -
   23          9      9     13      2     14      9      -       -
 
TOTALS
 
12HR 7-19    744   1017   1457   1171    604    588      -       -
16HR 6-22   1052   1254   1827   1336    723    759      -       -
18HR 6-24   1092   1279   1866   1352    753    789      -       -
24HR 0-24   1105   1298   1894   1371    769    800      -       -
 
