 
 
 
*LOCATION   : ............................................................
*SITE NUMBER: 10702606
*FILE NUMBER:        2
*INTERVAL   :   15 MIN
*BATTERY    :    6.4 V
*RESTARTS   :        0
*CONFIG     :        0
*CHANNEL    :  1 OF  1
 
             TUE    WED    THU    FRI    SAT    SUN    MON    7-DAY
DATE    07/06/26     27     28     29     30     01     02   AVERAGE
 
START HOUR
 
    0          -     15      3     15     18     21      7       -
    1          -      5      4      5     10      8      6       -
    2          -      8      3      1      8     12      5       -
    3          -      3      1      0      9      9      5       -
    4          -      3      3      5      5      7      4       -
    5          -      9      5      3      1      4     11       -
    6          -     30     42     47      5      8     55       -
    7          -     80     97    108     14     10    157       -
    8          -    100    165    130     25     15    215       -
    9          -     44     86     88     43     31    110       -
   10          -     19     47     59     50     31     69       -
   11          -     18     65     44     49     44     97       -
   12          -     20     48     68     94     37     79       -
   13         42     30     53     56    107     59    114      66
   14         73     42     82     75     81    100    115      81
   15        108     81     96    121     85     85    161     105
   16        185    113    165    120     87    109    252     147
   17        158    101    152    122    100     84    205     132
   18        130     49     78     83     95    116    155     101
   19         95     57     69     93     73     90    117      85
   20         92     43     38     58     58     70     67      61
   21         60     25     31     48     39     43     67      45
   22         42     14     16     29     47     16     38      29
   23         15     13      6     19     19     19     17      15
 
TOTALS
 
12HR 7-19      -    697   1134   1074    830    721   1729       -
16HR 6-22      -    852   1314   1320   1005    932   2035       -
18HR 6-24      -    879   1336   1368   1071    967   2090       -
24HR 0-24      -    922   1355   1397   1122   1028   2128       -
 
 
 
 
*LOCATION   : ............................................................
*SITE NUMBER: 10702606
*FILE NUMBER:        2
*INTERVAL   :   15 MIN
*BATTERY    :    6.4 V
*RESTARTS   :        0
*CONFIG     :        0
*CHANNEL    :  1 OF  1
 
             TUE    WED    THU    FRI    SAT    SUN    MON    7-DAY
DATE    07/07/03     04     05     06     07     08     09   AVERAGE
 
START HOUR
 
    0          6      9     13     12     10     10      6       9
    1          3      7      5      9     10      6      5       6
    2          7      8      8      4      7     10      5       7
    3          3      5      5      6     13     10      2       6
    4          5      4      7      6      3      9      4       5
    5          9     15     10      9      8      6      4       9
    6         59     57     61     47     12      6     28      39
    7        166    171    158    108     11      5    102     103
    8        239    229    220    139     21     10    138     142
    9        104    113    109     73     34     10     69      73
   10         77     74     87     52     38     13     34      54
   11         73     79     95     63     59     40     31      63
   12        105     85     84     62     67     44     25      67
   13        120     95    114     57     79     68     26      80
   14        133    111    120     80     37     57     62      86
   15        198    182    195    127     47     51     97     128
   16        286    249    294    160     33     56    162     177
   17        252    212    189    124     39     68    156     149
   18        181    164    151     71     39     68    123     114
   19        158    108    151     64     42     62     81      95
   20        117    110    103     42     47     59     54      76
   21         81     91     85     26     31     33     64      59
   22         35     40     42     25     18     28     31      31
   23         24     20     25     11     29     12     21      20
 
TOTALS
 
12HR 7-19   1934   1764   1816   1116    504    490   1025    1236
16HR 6-22   2349   2130   2216   1295    636    650   1252    1504
18HR 6-24   2408   2190   2283   1331    683    690   1304    1556
24HR 0-24   2441   2238   2331   1377    734    741   1330    1599
 
 
 
 
*LOCATION   : ............................................................
*SITE NUMBER: 10702606
*FILE NUMBER:        2
*INTERVAL   :   15 MIN
*BATTERY    :    6.4 V
*RESTARTS   :        0
*CONFIG     :        0
*CHANNEL    :  1 OF  1
 
             TUE    WED    THU    FRI    SAT    SUN    MON    7-DAY
DATE    07/07/10     11     12     13     14     15     16   AVERAGE
 
START HOUR
 
    0          3     14      6     12     11     15      7      10
    1          8     10      5      7     11     14      3       8
    2          1      5      5      8     13     13      2       7
    3          4      6      2      6      8     11      4       6
    4          5      7     12      5      7     21      4       9
    5         10     10      8      6     14      9     14      10
    6         40     32     35     33     14      8     39      29
    7        130     99     92    114     14      9     95      79
    8        185    132    152    122     23      8    138     109
    9         99     52     86     97     39     11     99      69
   10         55     20     87     94     50     16     58      54
   11         75     17     86     76     77     27     87      64
   12         84     29    103     97     56     21     90      69
   13         85     27    104     94     78     24     74      69
   14         86     55    126    117     80     29    114      87
   15        152     96    146    174     69     41    133     116
   16        204    146    199    176     66     53    200     149
   17        195    116    196    129     57     55    132     126
   18        133     91    139    101     57     61    131     102
   19        121     59    121     73     55     40    128      85
   20         81     53    120     70     49     53    103      76
   21         63     34     61     58     28     42     61      50
   22         33     27     33     43     20     29     32      31
   23         18     13     21     25     28     20     15      20
 
TOTALS
 
12HR 7-19   1483    880   1516   1391    666    355   1351    1092
16HR 6-22   1788   1058   1853   1625    812    498   1682    1331
18HR 6-24   1839   1098   1907   1693    860    547   1729    1382
24HR 0-24   1870   1150   1945   1737    924    630   1763    1431
 
 
 
 
*LOCATION   : ............................................................
*SITE NUMBER: 10702606
*FILE NUMBER:        2
*INTERVAL   :   15 MIN
*BATTERY    :    6.4 V
*RESTARTS   :        0
*CONFIG     :        0
*CHANNEL    :  1 OF  1
 
             TUE    WED    THU    FRI    SAT    SUN    MON    7-DAY
DATE    07/07/17     18     19     20     21     22     23   AVERAGE
 
START HOUR
 
    0          8      9     14     14     11      6     11      10
    1          8      7      6     11      4      8      6       7
    2          3      6      4      2      7      8      1       4
    3          0      2      4      6      6      9      8       5
    4          6      1      1      9      7     10      2       5
    5         13      9     16     13      6      6     14      11
    6         45     48     35     35      9      7     54      33
    7        119    103     96     87     14     10    120      78
    8        156    140    132    134     27     15    170     111
    9         86     90     78     96     24     29     94      71
   10         79     59     51     69     55     44     72      61
   11         82     72     57     66     61     63     90      70
   12         96     85     55     67     75     72     83      76
   13        101     83     75     91     79     95     90      88
   14        122    105    103     90     84     81    116     100
   15        181    147    121    117     71     74    157     124
   16        233    197    163    124     69     81    218     155
   17        158    123    153     87     75     93    100     113
   18        148    134    133     79     51     66     70      97
   19        111     91     95     38     41     73     62      73
   20        109     69     61     39     43     71     45      62
   21         65     50     70     24     29     58     32      47
   22         47     30     34     11     20     21     13      25
   23         21     14     19      9     19     11      9      15
 
TOTALS
 
12HR 7-19   1561   1338   1217   1107    685    723   1380    1144
16HR 6-22   1891   1596   1478   1243    807    932   1573    1360
18HR 6-24   1959   1640   1531   1263    846    964   1595    1400
24HR 0-24   1997   1674   1576   1318    887   1011   1637    1443
 
 
 
 
*LOCATION   : ............................................................
*SITE NUMBER: 10702606
*FILE NUMBER:        2
*INTERVAL   :   15 MIN
*BATTERY    :    6.4 V
*RESTARTS   :        0
*CONFIG     :        0
*CHANNEL    :  1 OF  1
 
             TUE    WED    THU    FRI    SAT    SUN    MON    7-DAY
DATE    07/07/24     25     26     27     28     29     30   AVERAGE
 
START HOUR
 
    0          3     11     14     16     12      7      7      10
    1          6      7      5     12      8      8      4       7
    2          2      3      6     10      5      3      1       4
    3          1      4      3      9      7      7      2       5
    4          3      3      3      7      5      8      9       5
    5         10     13     12     13      3      6     12      10
    6         34     32     46     30     11      5     49      30
    7         91    108    117     97     15      9    116      79
    8         83    132    141    130     17     20    191     102
    9         52     73     93    108     42     16     98      69
   10         35     72     77     80     51     34      -       -
   11         18     48     74     83     59     46      -       -
   12         13     49    100     88     78     54      -       -
   13         26     66     86    124     78     52      -       -
   14         46     69    112    118     96     68      -       -
   15         77    118    181    152     71     41      -       -
   16        134    181    203    197     79     42      -       -
   17        115    121    176    103     68     60      -       -
   18         88    110    148     89     51     49      -       -
   19         85     74    120     60     48     42      -       -
   20         88     72    115     64     40     45      -       -
   21         59     39     80     40     46     43      -       -
   22         27     28     49     20     19     29      -       -
   23         13     18     36     19     13      9      -       -
 
TOTALS
 
12HR 7-19    778   1147   1508   1369    705    491      -       -
16HR 6-22   1044   1364   1869   1563    850    626      -       -
18HR 6-24   1084   1410   1954   1602    882    664      -       -
24HR 0-24   1109   1451   1997   1669    922    703      -       -
 
