 
 
 
*LOCATION   : ............................................................
*SITE NUMBER: 11702609
*FILE NUMBER:        6
*INTERVAL   :   15 MIN
*BATTERY    :    6.5 V
*RESTARTS   :        0
*CONFIG     :       12
*CHANNEL    :  1 OF  2
 
             TUE    WED    THU    FRI    SAT    SUN    MON    7-DAY
DATE    07/06/26     27     28     29     30     01     02   AVERAGE
 
START HOUR
 
    0          -     16     22     24     30     27     18       -
    1          -      6     11     15     19     24      8       -
    2          -      5      1      0      7     20      4       -
    3          -      1      1      4     14     23      2       -
    4          -      6      4      8     11      6      4       -
    5          -     21     24     23     10     10     33       -
    6          -     56     69     68     18     15     91       -
    7          -    100    138    121     33     24    195       -
    8          -    116    209    186     53     34    270       -
    9        142     79    141    134     83     58    161     114
   10         62     55     84    122     96     77    157      93
   11         74     74    121     99    150     98    146     109
   12         69     84    108    119    164    153    186     126
   13         98     86    116    130    175    157    158     131
   14        110     83    108    141    164    163    162     133
   15        172    112    156    188    156    149    221     165
   16        216    149    206    213    159    174    289     201
   17        221    151    180    171    150    150    310     190
   18        183    101    123    151    114    144    249     152
   19        154     86     98    106     97    118    208     124
   20        137     68     64    102     70    109    146      99
   21         99     63     55     81     57     78     96      76
   22         58     24     37     39     48     53     58      45
   23         23     20     18     46     35     33     25      29
 
TOTALS
 
12HR 7-19      -   1190   1690   1775   1497   1381   2504       -
16HR 6-22      -   1463   1976   2132   1739   1701   3045       -
18HR 6-24      -   1507   2031   2217   1822   1787   3128       -
24HR 0-24      -   1562   2094   2291   1913   1897   3197       -
 
 
 
 
*LOCATION   : ............................................................
*SITE NUMBER: 11702609
*FILE NUMBER:        6
*INTERVAL   :   15 MIN
*BATTERY    :    6.5 V
*RESTARTS   :        0
*CONFIG     :       12
*CHANNEL    :  1 OF  2
 
             TUE    WED    THU    FRI    SAT    SUN    MON    7-DAY
DATE    07/07/03     04     05     06     07     08     09   AVERAGE
 
START HOUR
 
    0         19     31     24     35     21     29     20      26
    1         13     14     18     19     16     15      9      15
    2          5      3      7      6      9     11      4       6
    3          2      2      6      6      8      8      3       5
    4          7      3      5      7      6      5      1       5
    5         34     29     34     27      5     10     22      23
    6         98     99     87     83     27      8     62      66
    7        193    194    179    128     31     16    124     124
    8        269    270    262    170     48     23    154     171
    9        200    165    162    115     91     29     91     122
   10        157    121    119     92     96     53     63     100
   11        157    166    182    104    132     80     69     127
   12        191    148    144    114    122     84     52     122
   13        189    162    173    111    149    106     80     139
   14        170    167    176    143     86    121     93     137
   15        255    245    233    167     88    114    161     180
   16        317    313    304    210     58     97    225     218
   17        333    303    304    168     79    123    193     215
   18        275    245    238    111     68     94    191     175
   19        252    208    193     83     80     98    158     153
   20        184    147    159     83     85     88    109     122
   21        134    119     96     52     59     80     75      88
   22         89     66     66     20     44     45     42      53
   23         29     35     42     29     29     19     21      29
 
TOTALS
 
12HR 7-19   2706   2499   2476   1633   1048    940   1496    1828
16HR 6-22   3374   3072   3011   1934   1299   1214   1900    2258
18HR 6-24   3492   3173   3119   1983   1372   1278   1963    2340
24HR 0-24   3572   3255   3213   2083   1437   1356   2022    2420
 
 
 
 
*LOCATION   : ............................................................
*SITE NUMBER: 11702609
*FILE NUMBER:        6
*INTERVAL   :   15 MIN
*BATTERY    :    6.5 V
*RESTARTS   :        0
*CONFIG     :       12
*CHANNEL    :  1 OF  2
 
             TUE    WED    THU    FRI    SAT    SUN    MON    7-DAY
DATE    07/07/10     11     12     13     14     15     16   AVERAGE
 
START HOUR
 
    0         16     28     19     27     26     26     13      22
    1         10     20     13     21     21     19      8      16
    2         10      9      3     17     15     12      7      10
    3          7      6      2     11     17     11      5       8
    4          5     10      5      6      6     11      5       7
    5         28     25     28     21     11     13     24      21
    6         80     73     66     65     24     21     68      57
    7        155    137    159    125     33     17    158     112
    8        207    152    175    146     48     18    186     133
    9        147     88    142    120     78     17    127     103
   10        103     61    136    120     91     31    144      98
   11        112     67    152    158    112     51    160     116
   12        135     70    147    181    115     56    159     123
   13        133     86    186    186    138     60    171     137
   14        151     91    145    188    134     65    169     135
   15        207    117    206    221    136     73    240     171
   16        276    176    267    215    123     98    295     207
   17        248    144    251    196    123     89    226     182
   18        214    120    226    166     94    104    230     165
   19        169    100    178    112     95     94    168     131
   20        143     85    148    105     95     83    141     114
   21         68     61     83     88     59     62    113      76
   22         53     36     59     50     41     29     48      45
   23         39     22     32     41     24     31     30      31
 
TOTALS
 
12HR 7-19   2088   1309   2192   2022   1225    679   2265    1683
16HR 6-22   2548   1628   2667   2392   1498    939   2755    2061
18HR 6-24   2640   1686   2758   2483   1563    999   2833    2137
24HR 0-24   2716   1784   2828   2586   1659   1091   2895    2223
 
 
 
 
*LOCATION   : ............................................................
*SITE NUMBER: 11702609
*FILE NUMBER:        6
*INTERVAL   :   15 MIN
*BATTERY    :    6.5 V
*RESTARTS   :        0
*CONFIG     :       12
*CHANNEL    :  1 OF  2
 
             TUE    WED    THU    FRI    SAT    SUN    MON    7-DAY
DATE    07/07/17     18     19     20     21     22     23   AVERAGE
 
START HOUR
 
    0         26     22     23     19     23     25     20      23
    1         14      8     17     17     12     19      5      13
    2          7      4      9      2      8     10      4       6
    3          3      4      8      4      6     15      4       6
    4          5      5      8      7      3     10      5       6
    5         29     26     22     20      4      6     27      19
    6         82     85     79     82     27     14     74      63
    7        173    159    134    121     32     26    154     114
    8        220    191    174    170     48     34    215     150
    9        187    169    145    115     81     49    145     127
   10        180    129    100    125     99    105    140     125
   11        169    181    110    123    124    154    148     144
   12        181    184    124    141    153    189    197     167
   13        179    160    143    155    160    196    169     166
   14        185    168    136    149    140    195    187     166
   15        258    218    182    152    135    155    179     183
   16        299    267    243    179    115    154    245     215
   17        266    246    236    144    107    143    152     185
   18        228    190    182    108     88    144    127     152
   19        185    137    164     83     69    110     79     118
   20        148    102    117     70     56    100     93      98
   21        119     89     74     47     51     65     50      71
   22         61     64     65     40     47     55     34      52
   23         36     41     35     27     45     25     24      33
 
TOTALS
 
12HR 7-19   2525   2262   1909   1682   1282   1544   2058    1895
16HR 6-22   3059   2675   2343   1964   1485   1833   2354    2245
18HR 6-24   3156   2780   2443   2031   1577   1913   2412    2330
24HR 0-24   3240   2849   2530   2100   1633   1998   2477    2404
 
 
 
 
*LOCATION   : ............................................................
*SITE NUMBER: 11702609
*FILE NUMBER:        6
*INTERVAL   :   15 MIN
*BATTERY    :    6.5 V
*RESTARTS   :        0
*CONFIG     :       12
*CHANNEL    :  1 OF  2
 
             TUE    WED    THU    FRI    SAT    SUN    MON    7-DAY
DATE    07/07/24     25     26     27     28     29     30   AVERAGE
 
START HOUR
 
    0         16     21     18     37     19     25     12      21
    1         11     10     14     23     17     18     10      15
    2         11      5      8     15      5     14      7       9
    3          2      5      6      5      5     15      2       6
    4          4      6     12      7      7     12      3       7
    5         21     25     26     18      6      5     21      17
    6         71     70     71     75     23      9     71      56
    7        107    132    146    129     32     16    176     105
    8        121    173    185    172     48     31    228     137
    9        100    133    129    132     71     46    155     109
   10         71    110    125    149    112    103    114     112
   11         52     98    142    152    121     98    133     114
   12         69    103    163    176    140    137    135     132
   13         77     98    155    160    137    113    151     127
   14        109    151    187    189    154    101    146     148
   15        150    182    226    230    153     96    219     179
   16        148    224    272    259    124     75    279     197
   17        172    195    260    190    119    104    258     185
   18        179    155    232    142    128     96    165     157
   19        150    123    189     97     80     87     94     117
   20        106     95    153     74     71     78     81      94
   21        102     76    123     53     62     84     43      78
   22         35     37     68     28     41     30     18      37
   23         23     32     39     21     30     19     20      26
 
TOTALS
 
12HR 7-19   1355   1754   2222   2080   1339   1016   2159    1704
16HR 6-22   1784   2118   2758   2379   1575   1274   2448    2048
18HR 6-24   1842   2187   2865   2428   1646   1323   2486    2111
24HR 0-24   1907   2259   2949   2533   1705   1412   2541    2187
 
 
 
 
*LOCATION   : ............................................................
*SITE NUMBER: 11702609
*FILE NUMBER:        6
*INTERVAL   :   15 MIN
*BATTERY    :    6.5 V
*RESTARTS   :        0
*CONFIG     :       12
*CHANNEL    :  1 OF  2
 
             TUE    WED    THU    FRI    SAT    SUN    MON    7-DAY
DATE    07/07/31     01     02     03     04     05     06   AVERAGE
 
START HOUR
 
    0          9      -      -      -      -      -      -       -
    1          5      -      -      -      -      -      -       -
    2          2      -      -      -      -      -      -       -
    3          2      -      -      -      -      -      -       -
    4          3      -      -      -      -      -      -       -
    5         19      -      -      -      -      -      -       -
    6         57      -      -      -      -      -      -       -
    7          -      -      -      -      -      -      -       -
    8          -      -      -      -      -      -      -       -
    9          -      -      -      -      -      -      -       -
   10          -      -      -      -      -      -      -       -
   11          -      -      -      -      -      -      -       -
   12          -      -      -      -      -      -      -       -
   13          -      -      -      -      -      -      -       -
   14          -      -      -      -      -      -      -       -
   15          -      -      -      -      -      -      -       -
   16          -      -      -      -      -      -      -       -
   17          -      -      -      -      -      -      -       -
   18          -      -      -      -      -      -      -       -
   19          -      -      -      -      -      -      -       -
   20          -      -      -      -      -      -      -       -
   21          -      -      -      -      -      -      -       -
   22          -      -      -      -      -      -      -       -
   23          -      -      -      -      -      -      -       -
 
TOTALS
 
12HR 7-19      -      -      -      -      -      -      -       -
16HR 6-22      -      -      -      -      -      -      -       -
18HR 6-24      -      -      -      -      -      -      -       -
24HR 0-24      -      -      -      -      -      -      -       -
 
 
 
 
*LOCATION   : ............................................................
*SITE NUMBER: 11702609
*FILE NUMBER:        6
*INTERVAL   :   15 MIN
*BATTERY    :    6.5 V
*RESTARTS   :        0
*CONFIG     :       12
*CHANNEL    :  2 OF  2
 
             TUE    WED    THU    FRI    SAT    SUN    MON    7-DAY
DATE    07/06/26     27     28     29     30     01     02   AVERAGE
 
START HOUR
 
    0          -     10      6      1     10     11      7       -
    1          -      4      1      3      4      9      7       -
    2          -      4      1      4      8      8      2       -
    3          -      2      2      3      7      8      2       -
    4          -      1      0      3      6     11      6       -
    5          -      6      9      8     10      4     15       -
    6          -     27     38     38     13      7     62       -
    7          -     68     79     81     10     13    126       -
    8          -     73    126    114     12      8    162       -
    9         53     31     61     58     41     16     79      48
   10         14     15     49     37     29     29     53      32
   11         16     10     38     29     59     49     52      36
   12         29     23     19     36     86     59     60      45
   13         26     18     23     41     68     70     54      43
   14         33     30     42     59     74     99     77      59
   15         66     49     73     99     78     99    116      83
   16        104     78    106     89     65     81    156      97
   17        124     54     86     73     53     90    176      94
   18         99     49     53     65     62     91    122      77
   19         73     30     52     64     48     75     96      63
   20         80     40     41     43     45     54     63      52
   21         55     24     18     26     32     49     51      36
   22         20     14     20     20     21     30     23      21
   23         19      6      9     16     20     17     17      15
 
TOTALS
 
12HR 7-19      -    498    755    781    637    704   1233       -
16HR 6-22      -    619    904    952    775    889   1505       -
18HR 6-24      -    639    933    988    816    936   1545       -
24HR 0-24      -    666    952   1010    861    987   1584       -
 
 
 
 
*LOCATION   : ............................................................
*SITE NUMBER: 11702609
*FILE NUMBER:        6
*INTERVAL   :   15 MIN
*BATTERY    :    6.5 V
*RESTARTS   :        0
*CONFIG     :       12
*CHANNEL    :  2 OF  2
 
             TUE    WED    THU    FRI    SAT    SUN    MON    7-DAY
DATE    07/07/03     04     05     06     07     08     09   AVERAGE
 
START HOUR
 
    0          3      9      8      9     10      6      3       7
    1          9      4      5      4      6      7      3       5
    2          1      7     10      8      8      5      1       6
    3          2      5      4      4      5      6      5       4
    4          3      5      1      2      0      4      2       2
    5         16     14     13     10      3      7      7      10
    6         68     64     70     50      6      4     45      44
    7        152    128    125     83      7      4     84      83
    8        193    160    162     94     13      9    103     105
    9        107     83     99     61     26     11     53      63
   10         57     61     61     37     44     13     11      41
   11         65     59     63     37     59     22     16      46
   12         60     80     66     38     57     29      9      48
   13         88     52     59     38     63     57     18      54
   14         90     64     97     63     23     66     34      62
   15        140    109    104     90     49     47     83      89
   16        192    173    204    110     14     51    109     122
   17        216    166    153     69     22     85    110     117
   18        138    135    130     59     25     62     93      92
   19        140    108    109     36     19     47     72      76
   20        112     82     75     21     29     62     72      65
   21         69     74     52     20     29     33     52      47
   22         33     45     36     25     19     22     20      29
   23         25     19     26     14     14     12     11      17
 
TOTALS
 
12HR 7-19   1498   1270   1323    779    402    456    723     922
16HR 6-22   1887   1598   1629    906    485    602    964    1153
18HR 6-24   1945   1662   1691    945    518    636    995    1199
24HR 0-24   1979   1706   1732    982    550    671   1016    1234
 
 
 
 
*LOCATION   : ............................................................
*SITE NUMBER: 11702609
*FILE NUMBER:        6
*INTERVAL   :   15 MIN
*BATTERY    :    6.5 V
*RESTARTS   :        0
*CONFIG     :       12
*CHANNEL    :  2 OF  2
 
             TUE    WED    THU    FRI    SAT    SUN    MON    7-DAY
DATE    07/07/10     11     12     13     14     15     16   AVERAGE
 
START HOUR
 
    0          8      7      3     10      4      9      7       7
    1          4     10      6      9      7      7      3       7
    2          1      2      1      8     13      6      3       5
    3          9      0      4      2      8      6      1       4
    4          1      4      2      0      6      4      2       3
    5         15     12     12      8      6      6     15      11
    6         66     49     40     56      9      8     61      41
    7        121     80     90     88      5      2     93      68
    8        139    114    126    109     15     11    124      91
    9         67     31     56     67     34      2     67      46
   10         28     16     57     55     33     12     48      36
   11         46     16     69     48     46     14     61      43
   12         41     14     53     54     49     12     64      41
   13         44     14     66     61     39     26     53      43
   14         66     24     59     85     58     32     95      60
   15         91     62     99     99     50     25     94      74
   16        113    104    152    122     59     33    150     105
   17        115     81    142     68     46     46    124      89
   18        123     58    105     77     41     52    101      80
   19         82     46     98     48     33     43     81      62
   20         67     42     94     44     48     52     61      58
   21         67     41     55     37     26     42     59      47
   22         22     16     33     19     10     22     33      22
   23         11      8     21     17     13     23      9      15
 
TOTALS
 
12HR 7-19    994    614   1074    933    475    267   1074     776
16HR 6-22   1276    792   1361   1118    591    412   1336     984
18HR 6-24   1309    816   1415   1154    614    457   1378    1020
24HR 0-24   1347    851   1443   1191    658    495   1409    1056
 
 
 
 
*LOCATION   : ............................................................
*SITE NUMBER: 11702609
*FILE NUMBER:        6
*INTERVAL   :   15 MIN
*BATTERY    :    6.5 V
*RESTARTS   :        0
*CONFIG     :       12
*CHANNEL    :  2 OF  2
 
             TUE    WED    THU    FRI    SAT    SUN    MON    7-DAY
DATE    07/07/17     18     19     20     21     22     23   AVERAGE
 
START HOUR
 
    0          7      6      9      9      4      8      6       7
    1          5      2      2      2     11      7      1       4
    2          3      4      7      3      5      4      4       4
    3          2      4      3      2      4      4      1       3
    4          2      4      0      1      4      5      0       2
    5         10     10      8     10      1      3     11       8
    6         55     49     48     30      4      4     43      33
    7        112    115     89     76     11      7    108      74
    8        124    130    103     90     21     11    130      87
    9         75     74     42     41     21     27     74      51
   10         56     50     28     43     43     42     48      44
   11         57     53     31     42     63     76     51      53
   12         65     69     55     58     79     96     65      70
   13         76     60     42     57     70     98     73      68
   14         76     74     62     47     84     70     76      70
   15        131    114     96     84     52     70    127      96
   16        169    165    121     79     35     70    149     113
   17        136    122     97     63     48     89     74      90
   18        126     90     94     44     42     55     46      71
   19        104     75     65     36     26     66     39      59
   20         78     80     75     25     34     60     29      54
   21         71     44     49     20     23     39     33      40
   22         26     25     11     14     14     19     15      18
   23         18     20     11      6      9     10      9      12
 
TOTALS
 
12HR 7-19   1203   1116    860    724    569    711   1021     886
16HR 6-22   1511   1364   1097    835    656    880   1165    1073
18HR 6-24   1555   1409   1119    855    679    909   1189    1102
24HR 0-24   1584   1439   1148    882    708    940   1212    1130
 
 
 
 
*LOCATION   : ............................................................
*SITE NUMBER: 11702609
*FILE NUMBER:        6
*INTERVAL   :   15 MIN
*BATTERY    :    6.5 V
*RESTARTS   :        0
*CONFIG     :       12
*CHANNEL    :  2 OF  2
 
             TUE    WED    THU    FRI    SAT    SUN    MON    7-DAY
DATE    07/07/24     25     26     27     28     29     30   AVERAGE
 
START HOUR
 
    0          3      3      5     13      7     10      7       7
    1          4      5      4      9      6      6      0       5
    2          1      3      5      7      4     10      0       4
    3          0      1      1      3     12      6      0       3
    4          2      3      1      3      3      6      1       3
    5          6      6      9     14      6      7      9       8
    6         32     40     38     35      9      7     52      30
    7         56     93    102     74     10     11    115      66
    8         59    112    134    104     12      6    146      82
    9         20     46     68     59     24     17     73      44
   10         11     39     48     30     36     20     39      32
   11         12     40     57     53     68     51     51      47
   12          9     31     68     67     79     56     59      53
   13         13     32     77     69     65     67     56      54
   14         35     42     89     94     69     62     57      64
   15         51     90    138     95     76     45    106      86
   16         86    117    153    113     59     36    136     100
   17         80     99    139     76     55     47    118      88
   18         71     78    112     59     54     55     92      74
   19         60     52     85     42     37     44     54      53
   20         61     55     90     32     35     45     31      50
   21         59     45     63     25     18     34     22      38
   22         30     28     24     16     17     15     11      20
   23         13     10     16     11     12      8      6      11
 
TOTALS
 
12HR 7-19    503    819   1185    893    607    473   1048     790
16HR 6-22    715   1011   1461   1027    706    603   1207     961
18HR 6-24    758   1049   1501   1054    735    626   1224     992
24HR 0-24    774   1070   1526   1103    773    671   1241    1023
 
 
 
 
*LOCATION   : ............................................................
*SITE NUMBER: 11702609
*FILE NUMBER:        6
*INTERVAL   :   15 MIN
*BATTERY    :    6.5 V
*RESTARTS   :        0
*CONFIG     :       12
*CHANNEL    :  2 OF  2
 
             TUE    WED    THU    FRI    SAT    SUN    MON    7-DAY
DATE    07/07/31     01     02     03     04     05     06   AVERAGE
 
START HOUR
 
    0          3      -      -      -      -      -      -       -
    1          1      -      -      -      -      -      -       -
    2          1      -      -      -      -      -      -       -
    3          0      -      -      -      -      -      -       -
    4          1      -      -      -      -      -      -       -
    5          3      -      -      -      -      -      -       -
    6         28      -      -      -      -      -      -       -
    7          -      -      -      -      -      -      -       -
    8          -      -      -      -      -      -      -       -
    9          -      -      -      -      -      -      -       -
   10          -      -      -      -      -      -      -       -
   11          -      -      -      -      -      -      -       -
   12          -      -      -      -      -      -      -       -
   13          -      -      -      -      -      -      -       -
   14          -      -      -      -      -      -      -       -
   15          -      -      -      -      -      -      -       -
   16          -      -      -      -      -      -      -       -
   17          -      -      -      -      -      -      -       -
   18          -      -      -      -      -      -      -       -
   19          -      -      -      -      -      -      -       -
   20          -      -      -      -      -      -      -       -
   21          -      -      -      -      -      -      -       -
   22          -      -      -      -      -      -   