 

 
 
 
*LOCATION   : ............................................................
*SITE NUMBER: 12102610
*FILE NUMBER:        2
*INTERVAL   :   15 MIN
*BATTERY    :    6.4 V
*RESTARTS   :        0
*CONFIG     :       12
*CHANNEL    :  2 OF  2
 
             TUE    WED    THU    FRI    SAT    SUN    MON    7-DAY
DATE    07/06/26     27     28     29     30     01     02   AVERAGE
 
START HOUR
 
    0          -      5      4      1      5     10      3       -
    1          -      5      2      0      1      7      0       -
    2          -      2      4      1      3      3      3       -
    3          -      1      0      0      4     10      1       -
    4          -      3      1      0      4      5      4       -
    5          -     12     10     13      5      9     21       -
    6          -     38     41     48     13     13     75       -
    7          -     34     49     53     13      7     88       -
    8          -     15     27     36     18     15     57       -
    9          -      9     24     20     25     40     53       -
   10          -      5     17     29     34     60     55       -
   11          -     14     22     46     65     96     87       -
   12          -     12     43     40     80    121     77       -
   13          -     11     39     53    106    171     61       -
   14         47     32     52     35     95    171     86      74
   15         77     45     69     54     81    138     99      80
   16         94     66     67     83     88     83    142      89
   17         86     42     68     61     85    160    143      92
   18         81     29     43     75     96    131    134      84
   19         62     20     18     37     55     73    117      55
   20         84     22     18     47     47     78     76      53
   21         47     21     14     24     27     52     40      32
   22         17      8      4      5     13     20     25      13
   23         11      4      5     10      8     10     10       8
 
TOTALS
 
12HR 7-19      -    314    520    585    786   1193   1082       -
16HR 6-22      -    415    611    741    928   1409   1390       -
18HR 6-24      -    427    620    756    949   1439   1425       -
24HR 0-24      -    455    641    771    971   1483   1457       -

 
 























 
*LOCATION   : ............................................................
*SITE NUMBER: 12102610
*FILE NUMBER:        2
*INTERVAL   :   15 MIN
*BATTERY    :    6.4 V
*RESTARTS   :        0
*CONFIG     :       12
*CHANNEL    :  2 OF  2
 
             TUE    WED    THU    FRI    SAT    SUN    MON    7-DAY
DATE    07/07/03     04     05     06     07     08     09   AVERAGE
 
START HOUR
 
    0          5      3     13      8     12      0      5       7
    1          0      7      1      5     13     13      7       7
    2          6      1      0      6      4      1      1       3
    3          4      3      9      3      1      0      3       3
    4          4      4      2      7      5      3      4       4
    5         18     21     23     10      9      8     18      15
    6         92     74     82     54     14     11     45      53
    7         94     89     91     48      6      1     46      54
    8         59     56     41     38     20     12     32      37
    9         67     56     64     27     41     18     29      43
   10         78     68     75     38     47     43     12      52
   11         90     68     59     45     79     58     19      60
   12        133     94     85     45    100     78      9      78
   13        122     72     81     57     77     92     26      75
   14        132     73    122     86     54     93     31      84
   15        150    138    147     62     37     96     70     100
   16        185    153    170     66     17     85    114     113
   17        164    130    145     66     26     75    115     103
   18        167    109    130     59     43     62    106      97
   19        140    100    132     54     51     76    116      96
   20        127     83     55     21     52     79     78      71
   21         51     55     46     17     26     34     28      37
   22         47     42     19     11     13     12     16      23
   23         14     13     10     14      7      6      3      10
 
TOTALS
 
12HR 7-19   1441   1106   1210    637    547    713    609     895
16HR 6-22   1851   1418   1525    783    690    913    876    1151
18HR 6-24   1912   1473   1554    808    710    931    895    1183
24HR 0-24   1949   1512   1602    847    754    956    933    1222

 
 
 



*LOCATION   : ............................................................
*SITE NUMBER: 12102610
*FILE NUMBER:        2
*INTERVAL   :   15 MIN
*BATTERY    :    6.4 V
*RESTARTS   :        0
*CONFIG     :       12
*CHANNEL    :  2 OF  2
 
             TUE    WED    THU    FRI    SAT    SUN    MON    7-DAY
DATE    07/07/10     11     12     13     14     15     16   AVERAGE
 
START HOUR
 
    0         13     15      3      3      7      8      2       7
    1          2      3      2      2      3      8      2       3
    2          3      4      1      0      2      2      2       2
    3          3      3      0      1      7      5      5       3
    4          1      0      1      3      3      3      2       2
    5         21     17     11     14     10      7     19      14
    6         61     39     32     50     10     12     53      37
    7         67     37     54     51     11      5     50      39
    8         35     26     28     38     16      9     47      28
    9         32     26     51     42     26     19     41      34
   10         48     15     49     66     39      8     74      43
   11         70     13     98     96     71     28     77      65
   12         80     16    108     79     66     34     94      68
   13         79     16    101    101     80     13     85      68
   14         55     34     96    109     73     23     88      68
   15        110     57    120     96     66     32    100      83
   16        118     73    129    126     67     65    103      97
   17        133     62    139     84     62     99    103      97
   18        105     44    110     83     62     69    115      84
   19         92     58    147     94     34     52    122      86
   20         72     48     81     42     43     45     77      58
   21         58     25     49     27     33     32     45      38
   22         15      7     21     21     13     15     33      18
   23         10      6     18     17     11      9     26      14
 
TOTALS
 
12HR 7-19    932    419   1083    971    639    404    977     775
16HR 6-22   1215    589   1392   1184    759    545   1274     994
18HR 6-24   1240    602   1431   1222    783    569   1333    1026
24HR 0-24   1283    644   1449   1245    815    602   1365    1058

 
 






















 
 
*LOCATION   : ............................................................
*SITE NUMBER: 12102610
*FILE NUMBER:        2
*INTERVAL   :   15 MIN
*BATTERY    :    6.4 V
*RESTARTS   :        0
*CONFIG     :       12
*CHANNEL    :  2 OF  2
 
             TUE    WED    THU    FRI    SAT    SUN    MON    7-DAY
DATE    07/07/17     18     19     20     21     22     23   AVERAGE
 
START HOUR
 
    0          4      3      8      3      4      2      4       4
    1          3      1      2      2      4      5      2       3
    2          5      1      0      4      2      4      2       3
    3          2      2      8      1      2      0      4       3
    4          3      3      4      1      1      3      3       3
    5         23     22     12     13      5      8     17      14
    6         71     65     49     38     14     12     72      46
    7         67     46     66     60     15     14     71      48
    8         50     48     25     26     20     15     47      33
    9         46     48     18     24     53     48     65      43
   10         67     50     32     41     54     73     64      54
   11        113     99     27     48    112    122     66      84
   12        115     65     52     85     86    168     93      95
   13        148     95     87     61     94    143    102     104
   14        109     78    100     81     93    134    111     101
   15        154    101     92     60     64    145    105     103
   16        172    131    115     88     70    136    126     120
   17        146    101     99     64     60    147     82     100
   18        157    104     94     51     60    112     37      88
   19        106     77     69     34     57    108     15      67
   20         94     70     84     33     55     78     18      62
   21         52     42     24     18     18     35     31      31
   22         24     18     23     16     14     28      5      18
   23          7     12      1      8     19      8      4       8
 
TOTALS
 
12HR 7-19   1344    966    807    689    781   1257    969     973
16HR 6-22   1667   1220   1033    812    925   1490   1105    1179
18HR 6-24   1698   1250   1057    836    958   1526   1114    1206
24HR 0-24   1738   1282   1091    860    976   1548   1146    1234

 

















 
 
 
*LOCATION   : ............................................................
*SITE NUMBER: 12102610
*FILE NUMBER:        2
*INTERVAL   :   15 MIN
*BATTERY    :    6.4 V
*RESTARTS   :        0
*CONFIG     :       12
*CHANNEL    :  2 OF  2
 
             TUE    WED    THU    FRI    SAT    SUN    MON    7-DAY
DATE    07/07/24     25     26     27     28     29     30   AVERAGE
 
START HOUR
 
    0          3      4      5     19      2      7      1       6
    1          1      2      1      6      2      8      2       3
    2          0      0      2      3     12      3      0       3
    3          1      1      5      4      2      8      0       3
    4          4      4      5      4      8      4      7       5
    5          8     14     29     13      5     10     18      14
    6         33     57     45     44      5      8     84      39
    7         41     54     67     71      8      7     73      46
    8         18     45     35     38     27      8     44      31
    9          6     35     40     59     26     34     30      33
   10         11     33     65     62     61     37     62      47
   11          5     39     86     68     79     75     62      59
   12         16     31     95     98     86    104     66      71
   13         23     50    131     93    106    107     76      84
   14         30     42    116     99     92     87     82      78
   15         63    105    105     85     78     49    111      85
   16         76    102    135    104     84     40    124      95
   17         72     87    116     71     78     71    104      86
   18         86     83    133     64     78     62     62      81
   19         99     56     91     48     46     65     42      64
   20         62     42     52     49     51     55     41      50
   21         62     33     52     24     31     31     14      35
   22         21     21     24     12     11     12      3      15
   23         17      4     20      5     13      3      0       9
 
TOTALS
 
12HR 7-19    447    706   1124    912    803    681    896     796
16HR 6-22    703    894   1364   1077    936    840   1077     984
18HR 6-24    741    919   1408   1094    960    855   1080    1008
24HR 0-24    758    944   1455   1143    991    895   1108    1042

 

















 
 
 
*LOCATION   : ............................................................
*SITE NUMBER: 12102610
*FILE NUMBER:        2
*INTERVAL   :   15 MIN
*BATTERY    :    6.4 V
*RESTARTS   :        0
*CONFIG     :       12
*CHANNEL    :  2 OF  2
 
             TUE    WED    THU    FRI    SAT    SUN    MON    7-DAY
DATE    07/07/31     01     02     03     04     05     06   AVERAGE
 
START HOUR
 
    0          4      -      -      -      -      -      -       -
    1          0      -      -      -      -      -      -       -
    2          0      -      -      -      -      -      -       -
    3          0      -      -      -      -      -      -       -
    4          2      -      -      -      -      -      -       -
    5         10      -      -      -      -      -      -       -
    6         30      -      -      -      -      -      -       -
    7         24      -      -      -      -      -      -       -
    8         21      -      -      -      -      -      -       -
    9          9      -      -      -      -      -      -       -
   10         17      -      -      -      -      -      -       -
   11         11      -      -      -      -      -      -       -
   12         12      -      -      -      -      -      -       -
   13         21      -      -      -      -      -      -       -
   14          -      -      -      -      -      -      -       -
   15          -      -      -      -      -      -      -       -
   16          -      -      -      -      -      -      -       -
   17          -      -      -      -      -      -      -       -
   18          -      -      -      -      -      -      -       -
   19          -      -      -      -      -      -      -       -
   20          -      -      -      -      -      -      -       -
   21          -      -      -      -      -      -      -       -
   22          -      -      -      -      -      -      -       -
   23          -      -      -      -      -      -      -       -
 
TOTALS
 
12HR 7-19      -      -      -      -      -      -      -       -
16HR 6-22      -      -      -      -      -      -      -       -
18HR 6-24      -      -      -      -      -      -      -       -
24HR 0-24      -      -      -      -      -      -      -       -

 

