*LOCATION	: ..	.......	.......	.......	.......	.......	........	...............
								
*SITE NUMB	ER: 11	203118						
								
*FILE NUMB	ER:	4						
								
*INTERVAL	:	15 MIN						
								
*BATTERY	:	6.1 V						
								
*RESTARTS	:	0						
								
*CONFIG	:	15						
								
*CHANNEL	:  1	OF  2						
								
								
								
	TUE	WED	THU	FRI	SAT	SUN	MON	7-DAY
								
DATE    11	/08/02	3	4	5	6	7	8	AVERAGE
								
								
								
START HOUR								
								
								
								
0	-	6	4	5	9	8	2	-
								
1	-	2	8	10	7	0	2	-
								
2	-	1	2	3	5	2	1	-
								
3	-	3	4	1	7	0	0	-
								
4	-	1	0	2	1	3	2	-
								
5	-	12	7	7	2	3	8	-
								
6	-	55	47	40	8	5	45	-
								
7	-	80	76	66	11	8	67	-
								
8	-	76	80	67	19	17	55	-
								
9	-	52	52	51	32	31	26	-
								
10	-	68	52	51	53	37	33	-
								
11	-	66	70	76	79	69	42	-
								
12	-	82	75	82	77	121	56	-
								
13	-	68	83	74	69	124	52	-
								
14	71	94	69	88	47	110	53	76
								
15	109	125	124	122	25	114	116	105
								
16	153	133	142	125	29	98	116	114
								
17	111	120	115	102	33	95	136	102
								
18	127	92	124	88	37	92	124	98
								
19	98	100	105	80	31	87	72	82
								
20	62	82	99	35	23	44	68	59
								
21	46	46	51	29	25	31	41	38
								
22	21	17	18	12	10	6	15	14
								
23	4	16	4	12	13	15	4	10
	802							
								
								
TOTALS								
								
								
								
12HR 7-19	-	1056	1062	992	511	916	876	-
								
16HR 6-22	-	1339	1364	1176	598	1083	1102	-
								
18HR 6-24	-	1372	1386	1200	621	1104	1121	-
								
24HR 0-24	-	1397	1411	1228	652	1120	1136	-
								
								
								
								
								
								
								
								
								
								
								
								
								
								
								
								
								
								
								
								
								
								
								
								
								
								
								
								
								
								
								
								
								
								
								
								
								
								
								
								
								
								
								
*LOCATION	: ..	.......	.......	.......	.......	.......	........	...............
								
*SITE NUMB	ER: 11	203118						
								
*FILE NUMB	ER:	4						
								
*INTERVAL	:	15 MIN						
								
*BATTERY	:	6.1 V						
								
*RESTARTS	:	0						
								
*CONFIG	:	15						
								
*CHANNEL	:  1	OF  2						
								
								
								
	TUE	WED	THU	FRI	SAT	SUN	MON	7-DAY
								
DATE    11	/08/09	10	11	12	13	14	15	AVERAGE
								
								
								
START HOUR								
								
								
								
0	5	1	4	5	6	9	1	4
								
1	0	0	0	0	6	5	2	2
								
2	0	2	3	1	7	4	0	2
								
3	1	1	1	4	2	3	0	2
								
4	1	2	0	2	2	2	0	1
								
5	11	7	11	7	2	4	10	7
								
6	47	20	40	43	7	7	61	32
								
7	55	46	57	81	13	8	94	51
								
8	37	35	45	52	18	20	67	39
								
9	20	26	33	33	36	29	48	32
								
10	16	27	14	16	63	34	32	29
								
11	26	34	26	7	63	58	32	35
								
12	29	35	15	36	72	100	42	47
								
13	43	66	26	43	80	92	34	55
								
14	45	62	28	64	88	104	43	62
								
15	51	67	53	80	78	100	66	71
								
16	101	87	82	104	90	105	88	94
								
17	61	69	63	82	76	86	68	72
								
18	28	87	66	80	48	65	44	60
								
19	27	87	71	63	39	63	27	54
								
20	39	93	58	54	44	55	25	53
								
21	20	42	40	37	23	20	10	27
								
22	6	22	11	11	8	9	4	10
								
23	1	4	5	12	13	1	3	6
								
								
								
TOTALS								
								
								
								
12HR 7-19	512	641	508	678	725	801	658	646
								
16HR 6-22	645	883	717	875	838	946	781	812
								
18HR 6-24	652	909	733	898	859	956	788	828
								
24HR 0-24	670	922	752	917	884	983	801	847
								
								
								
								
								
								
								
								
								
								
								
								
								
								
								
								
								
								
								
								
								
								
								
								
								
								
								
								
								
								
								
								
								
								
								
								
								
								
								
								
								
								
*LOCATION	: ..	.......	.......	.......	.......	.......	........	...............
								
*SITE NUMB	ER: 11	203118						
								
*FILE NUMB	ER:	4						
								
*INTERVAL	:	15 MIN						
								
*BATTERY	:	6.1 V						
								
*RESTARTS	:	0						
								
*CONFIG	:	15						
								
*CHANNEL	:  1	OF  2						
								
								
								
	TUE	WED	THU	FRI	SAT	SUN	MON	7-DAY
								
DATE    11	/08/16	17	18	19	20	21	22	AVERAGE
								
								
								
START HOUR								
								
								
								
0	6	3	3	4	3	3	3	4
								
1	0	1	0	0	2	3	0	1
								
2	0	0	0	0	1	3	0	1
								
3	1	0	0	0	1	7	1	1
								
4	1	2	0	0	1	1	1	1
								
5	9	11	10	10	2	3	14	8
								
6	55	61	60	50	9	2	50	41
								
7	73	101	92	92	11	5	113	70
								
8	72	79	70	63	21	18	74	57
								
9	32	35	53	43	33	36	40	39
								
10	19	28	30	43	36	47	30	33
								
11	34	38	50	49	52	61	24	44
								
12	47	45	44	59	72	88	28	55
								
13	44	56	45	42	80	81	40	55
								
14	56	80	57	68	73	96	49	68
								
15	92	112	95	88	68	93	89	91
								
16	84	138	130	90	62	74	118	99
								
17	106	132	95	81	49	93	104	94
								
18	82	124	63	86	60	68	75	80
								
19	37	105	63	57	35	68	52	60
								
20	27	94	45	43	32	44	17	43
								
21	28	41	26	28	13	12	15	23
								
22	7	12	10	12	9	7	3	9
								
23	4	8	2	11	2	2	2	4
								
								
								
TOTALS								
								
								
								
12HR 7-19	741	968	824	804	617	760	784	785
								
16HR 6-22	888	1269	1018	982	706	886	918	952
								
18HR 6-24	899	1289	1030	1005	717	895	923	965
								
24HR 0-24	916	1306	1043	1019	727	915	942	981
								
								
								
								
								
								
								
								
								
								
								
								
								
								
								
								
								
								
								
								
								
								
								
								
								
								
								
								
								
								
								
								
								
								
								
								
								
								
								
								
								
								
								
*LOCATION	: ..	.......	.......	.......	.......	.......	........	...............
								
*SITE NUMB	ER: 11	203118						
								
*FILE NUMB	ER:	4						
								
*INTERVAL	:	15 MIN						
								
*BATTERY	:	6.1 V						
								
*RESTARTS	:	0						
								
*CONFIG	:	15						
								
*CHANNEL	:  1	OF  2						
								
								
								
	TUE	WED	THU	FRI	SAT	SUN	MON	7-DAY
								
DATE    11	/08/23	24	25	26	27	28	29	AVERAGE
								
								
								
START HOUR								
								
								
								
0	3	2	3	1	1	6	1	2
								
1	0	0	2	1	0	0	1	1
								
2	0	1	4	1	1	2	0	1
								
3	0	0	1	2	6	1	0	1
								
4	0	1	1	2	1	1	1	1
								
5	11	12	12	5	6	3	9	8
								
6	44	45	62	54	7	7	45	38
								
7	73	109	99	87	14	13	72	67
								
8	39	72	90	77	21	17	69	55
								
9	31	52	39	41	53	28	29	39
								
10	14	51	51	27	66	63	17	41
								
11	13	48	39	37	98	77	24	48
								
12	27	44	48	52	97	74	31	53
								
13	35	66	45	50	106	63	36	57
								
14	44	87	63	73	104	59	26	65
								
15	33	111	112	105	87	45	54	78
								
16	69	130	133	104	93	49	56	91
								
17	54	108	113	65	98	62	36	77
								
18	51	98	103	57	89	46	46	70
								
19	33	77	75	55	42	42	43	52
								
20	32	63	51	42	52	30	30	43
								
21	17	24	28	30	28	19	18	23
								
22	5	9	12	19	6	5	6	9
								
23	4	4	7	4	5	3	2	4
								
								
								
TOTALS								
								
								
								
12HR 7-19	483	976	935	775	926	596	496	741
								
16HR 6-22	609	1185	1151	956	1055	694	632	897
								
18HR 6-24	618	1198	1170	979	1066	702	640	910
								
24HR 0-24	632	1214	1193	991	1081	715	652	925
								
								
								
								
								
								
								
								
								
								
								
								
								
								
								
								
								
								
								
								
								
								
								
								
								
								
								
								
								
								
								
								
								
								
								
								
								
								
								
								
								
*LOCATION	: ..	.......	.......	.......	.......	.......	........	...............
								
*SITE NUMB	ER: 11	203118						
								
*FILE NUMB	ER:	4						
								
*INTERVAL	:	15 MIN						
								
*BATTERY	:	6.1 V						
								
*RESTARTS	:	0						
								
*CONFIG	:	15						
								
*CHANNEL	:  1	OF  2						
								
								
								
	TUE	WED	THU	FRI	SAT	SUN	MON	7-DAY
								
DATE    11	/08/30	31	1	2	3	4	5	AVERAGE
								
								
								
START HOUR								
								
								
								
0	3	1	3	4	3	3	1	3
								
1	0	0	2	2	1	0	1	1
								
2	0	1	1	3	2	0	0	1
								
3	0	0	0	0	1	0	1	0
								
4	1	1	0	1	2	1	0	1
								
5	5	3	5	6	2	0	8	4
								
6	32	21	46	39	6	7	54	29
								
7	40	36	77	66	6	4	101	47
								
8	21	26	75	51	12	10	88	40
								
9	19	3	36	24	32	33	47	28
								
10	18	4	33	24	34	46	33	27
								
11	23	11	22	25	65	79	-	-
								
12	22	6	44	37	62	92	-	-
								
13	20	11	34	32	39	82	-	-
								
14	35	32	43	52	52	92	-	-
								
15	54	42	80	82	36	85	-	-
								
16	58	46	100	86	44	87	-	-
								
17	62	55	68	68	60	82	-	-
								
18	64	64	41	48	42	63	-	-
								
19	42	65	30	45	33	73	-	-
								
20	28	20	32	23	17	51	-	-
								
21	14	14	17	17	8	15	-	-
								
22	11	4	5	10	3	6	-	-
								
23	9	3	5	4	6	1	-	-
								
							332	
								
TOTALS								
								
								
								
12HR 7-19	436	336	653	595	484	755	-	-
								
16HR 6-22	552	456	778	719	548	901	-	-
								
18HR 6-24	572	463	788	733	557	908	-	-
								
24HR 0-24	581	469	799	749	568	912	-	-