 
 
 
*LOCATION   : ............................................................
*SITE NUMBER: 11202513
*FILE NUMBER:        9
*INTERVAL   :   15 MIN
*BATTERY    :    6.4 V
*RESTARTS   :        0
*CONFIG     :        0
*CHANNEL    :  1 OF  1
 
             MON    TUE    WED    THU    FRI    SAT    SUN    7-DAY
DATE    09/06/15     16     17     18     19     20     21   AVERAGE
 
START HOUR
 
    0          -      2      2      8      2      4      3       -
    1          -      0      1      1      4      1      1       -
    2          -      0      0      0      4      1      1       -
    3          -      0      2      0      2      4      1       -
    4          -      3      1      2      1      0      1       -
    5          -     14     12      9      3      3      2       -
    6          -     59     72     51      9      9     11       -
    7          -     77     87     79      5      6     13       -
    8          -     49     61     63     12      4     17       -
    9          -     38     31     45     13     18     28       -
   10          -     28     33     40     12     27     65       -
   11         10     40     44     54     26     40     92      44
   12         19     33     43     51     19     59     84      44
   13         17     44     43     69     19     71     88      50
   14         25     50     60     74     18     50     89      52
   15         43     99     93    107     23     54     96      74
   16         84    117    132     96     27     54    100      87
   17         46     75     92     83     45     57    101      71
   18         48     79     86     70     24     31     98      62
   19         27     78     69     55     30     44     73      54
   20         12     69     45     29     14     37     50      37
   21         19     33     33     23     33     32     32      29
   22         11      9     19     20      9     14     15      14
   23          2      8     10      7      5      3      3       5
 
TOTALS
 
12HR 7-19      -    729    805    831    243    471    871       -
16HR 6-22      -    968   1024    989    329    593   1037       -
18HR 6-24      -    985   1053   1016    343    610   1055       -
24HR 0-24      -   1004   1071   1036    359    623   1064       -
 
 
 
 
*LOCATION   : ............................................................
*SITE NUMBER: 11202513
*FILE NUMBER:        9
*INTERVAL   :   15 MIN
*BATTERY    :    6.4 V
*RESTARTS   :        0
*CONFIG     :        0
*CHANNEL    :  1 OF  1
 
             MON    TUE    WED    THU    FRI    SAT    SUN    7-DAY
DATE    09/06/22     23     24     25     26     27     28   AVERAGE
 
START HOUR
 
    0          1      7      6      7      4      2      3       4
    1          5      3      1      1      1      0      6       2
    2          1      2      1      1      3      0      9       2
    3          2      2      0      0      2      5      1       2
    4          3      3      4      3      4      3      4       3
    5         20     17     15     16     16      4      2      13
    6         63     66     73     83     73     12      5      54
    7         81     97     88    104    120     11     10      73
    8         85    100     85     95     84     15     26      70
    9         79     57     53     64     58     28     76      59
   10         39     62     76     80     71     39     93      66
   11         65     65     94    111     79     42    164      89
   12         75    116     94    130    104     53    198     110
   13         66    108     76    107     94     55    201     101
   14         88    120    104    121    116     71    171     113
   15        152    178    147    190    157     84    186     156
   16        188    188    173    193    203     76    206     175
   17        172    189    167    190    162     54    164     157
   18        165    150    177    168    141     40    162     143
   19        127    157    123    144    102     37    146     119
   20         94    115     88    109    102     21    107      91
   21         42     68     63     70     58     17     51      53
   22         23     31     23     27     29      3     41      25
   23          5     19      9     12     21      3     17      12
 
TOTALS
 
12HR 7-19   1255   1430   1334   1553   1389    568   1657    1312
16HR 6-22   1581   1836   1681   1959   1724    655   1966    1629
18HR 6-24   1609   1886   1713   1998   1774    661   2024    1666
24HR 0-24   1641   1920   1740   2026   1804    675   2049    1694
 
 
 
 
*LOCATION   : ............................................................
*SITE NUMBER: 11202513
*FILE NUMBER:        9
*INTERVAL   :   15 MIN
*BATTERY    :    6.4 V
*RESTARTS   :        0
*CONFIG     :        0
*CHANNEL    :  1 OF  1
 
             MON    TUE    WED    THU    FRI    SAT    SUN    7-DAY
DATE    09/06/29     30     01     02     03     04     05   AVERAGE
 
START HOUR
 
    0          1      2      9      8      1      9      0       4
    1          1      1      4      1      3      4      1       2
    2          1      1      2      2      0      1      5       2
    3          0      2      0      2      1      2      2       1
    4          3      2      4      2      1      0      1       2
    5         15     20     20     20     20      2      1      14
    6         80     96     97     73     71     14      6      62
    7        128    144    121    119     96     21      9      91
    8         95     93     89     84     67     21      6      65
    9         65     75     70     64     35     25     18      50
   10         67     91     69     68     28     57     45      61
   11        101    101     97     97     24     72     69      80
   12        127    134     80    130     46    100     68      98
   13        128     99    108    117     49     94     69      95
   14        122    148    152    122     92    141     70     121
   15        208    188    196    212    118    121     72     159
   16        221    208    207    201    131     91     57     159
   17        187    183    162    158    120     74     62     135
   18        131    152    174    168    115     59     64     123
   19        104    132    141    150    115     44     57     106
   20         96    133    105    124     71     23     64      88
   21         63     73     66    116     53     16     22      58
   22         34     24     23     36     32      9     26      26
   23          6     17     11     23     14      7      2      11
 
TOTALS
 
12HR 7-19   1580   1616   1525   1540    921    876    609    1238
16HR 6-22   1923   2050   1934   2003   1231    973    758    1553
18HR 6-24   1963   2091   1968   2062   1277    989    786    1591
24HR 0-24   1984   2119   2007   2097   1303   1007    796    1616
 
 
 
 
*LOCATION   : ............................................................
*SITE NUMBER: 11202513
*FILE NUMBER:        9
*INTERVAL   :   15 MIN
*BATTERY    :    6.4 V
*RESTARTS   :        0
*CONFIG     :        0
*CHANNEL    :  1 OF  1
 
             MON    TUE    WED    THU    FRI    SAT    SUN    7-DAY
DATE    09/07/06     07     08     09     10     11     12   AVERAGE
 
START HOUR
 
    0          2     10      1     14      8      3      0       5
    1          2      6      1      0      3      6      0       3
    2          0      1      0      2      1      2      0       1
    3          1      2      0      2      1      0      2       1
    4          2      2      1      3      1      2      2       2
    5         12     16      9     10     11      6      2       9
    6         64     60     49     19     54     17      6      38
    7         92     95     56     22     72     14      4      51
    8         70     64     38     13     52     22      8      38
    9         47     38     38     10     38     38     25      33
   10         65     55     31     18     46     91     45      50
   11         62     68     44     29     71    114     93      69
   12         73     69     42     32     64    129    128      77
   13         59     60     56     36     78    111    142      77
   14        100     69     78     49     94    117    131      91
   15        110    135    121     28    155     97    138     112
   16        176     88    161     28    123     71    152     114
   17        152     57    137     31     88     72    120      94
   18        140     23    163     53    106     68    137      99
   19        103     15    136     61     71     47    105      77
   20         76     18    109     63     72     26     91      65
   21         40      7     56     34     42     17     35      33
   22         18      4     16     11     22      5     12      13
   23          9      8      5      7      8      0      2       6
 
TOTALS
 
12HR 7-19   1146    821    965    349    987    944   1123     905
16HR 6-22   1429    921   1315    526   1226   1051   1360    1118
18HR 6-24   1456    933   1336    544   1256   1056   1374    1136
24HR 0-24   1475    970   1348    575   1281   1075   1380    1158
 
 
 
 
*LOCATION   : ............................................................
*SITE NUMBER: 11202513
*FILE NUMBER:        9
*INTERVAL   :   15 MIN
*BATTERY    :    6.4 V
*RESTARTS   :        0
*CONFIG     :        0
*CHANNEL    :  1 OF  1
 
             MON    TUE    WED    THU    FRI    SAT    SUN    7-DAY
DATE    09/07/13     14     15     16     17     18     19   AVERAGE
 
START HOUR
 
    0          2      3      4      4      0      9      5       4
    1          2      3      1      2      5      3      3       3
    2          0      0      1      3      0      0      5       1
    3          1      1      1      0      2      1      3       1
    4          3      1      1      1      2      2      3       2
    5          8     18     17     14     15      2      4      11
    6         34     61     60     69     57      8     12      43
    7         30     74     80     71     74     12     10      50
    8         18     56     57     52     44     25     16      38
    9         13     51     55     52     38     50     42      43
   10         14     62     56     47     46     95     62      55
   11          9     83     66    103     88    134    134      88
   12          6     92     74    108     84    128    144      91
   13          7     92     71    116     97    150    173     101
   14         16    118    101    138    111    130    171     112
   15         31    139    145    157    126    156    181     134
   16         69    153    163    178    143    162    181     150
   17         69    102    139    142     98    123    148     117
   18         77     99    155    167    119    120    116     122
   19         63    114    140    122     91     76    100     101
   20         63     84     96     84     61     53     63      72
   21         25     55     55     44     76     37     21      45
   22         11     24     26     34     24     26     18      23
   23          7      5      7     12     12     18      1       9
 
TOTALS
 
12HR 7-19    359   1121   1162   1331   1068   1285   1378    1101
16HR 6-22    544   1435   1513   1650   1353   1459   1574    1361
18HR 6-24    562   1464   1546   1696   1389   1503   1593    1393
24HR 0-24    578   1490   1571   1720   1413   1520   1616    1415
 
 
 
 
*LOCATION   : ............................................................
*SITE NUMBER: 11202513
*FILE NUMBER:        9
*INTERVAL   :   15 MIN
*BATTERY    :    6.4 V
*RESTARTS   :        0
*CONFIG     :        0
*CHANNEL    :  1 OF  1
 
             MON    TUE    WED    THU    FRI    SAT    SUN    7-DAY
DATE    09/07/20     21     22     23     24     25     26   AVERAGE
 
START HOUR
 
    0          1      5      8      3      1      2      4       3
    1          3      2      0      4     10      0      0       3
    2          0      1     14      0      2      0      2       3
    3          0      1      1      2      3      2      1       1
    4          1      2      3      4      3      0      1       2
    5          6      8      9     14      9      0      4       7
    6         45     59     44     68     44      6     16      40
    7         54     57     43     80     56      5     11      44
    8         54     55     33     62     48     15     10      40
    9         18     17     36     43     56     32     26      33
   10         25     30     17     57     64     51     41      41
   11         50     51     37     82     66     91     80      65
   12         19     52     51     78     79    126    125      76
   13         17     57     62     78     80    139    124      80
   14         25     90     69     74     90    138    151      91
   15         74     97    116    113     92    113    127     105
   16         79    133    132    143     90    133    133     120
   17         53    101    123    117     44    125    159     103
   18         85     89    122    117     25     66    122      89
   19         74     92     65    103     11     64    113      75
   20         67     63     62     83     12     62     62      59
   21         33     46     46     39      7     17     43      33
   22         19     17     16     20      3     17     14      15
   23          5      5     14      8      3      3     10       7
 
TOTALS
 
12HR 7-19    553    829    841   1044    790   1034   1109     886
16HR 6-22    772   1089   1058   1337    864   1183   1343    1092
18HR 6-24    796   1111   1088   1365    870   1203   1367    1114
24HR 0-24    807   1130   1123   1392    898   1207   1379    1134
 
 
 
 
*LOCATION   : ............................................................
*SITE NUMBER: 11202513
*FILE NUMBER:        9
*INTERVAL   :   15 MIN
*BATTERY    :    6.4 V
*RESTARTS   :        0
*CONFIG     :        0
*CHANNEL    :  1 OF  1
 
             MON    TUE    WED    THU    FRI    SAT    SUN    7-DAY
DATE    09/07/27     28     29     30     31     01     02   AVERAGE
 
START HOUR
 
    0          2      3      4      6      2      2      3       3
    1          0      2      0      2      1      0      0       1
    2          1      1      5      5      4      2      1       3
    3          1      0      1      1      4      0      1       1
    4          3      2      1      3      3      0      0       2
    5         17     15     18     13      9      1      1      11
    6         74     75     54     71     50      4      6      48
    7         93     84     50    108     65      2     10      59
    8         78     71     51     78     39     17     19      50
    9         56     53     40     55     40     44     38      47
   10         80     44     36     55     52     62     55      55
   11         77     84     62    108     49     86     62      75
   12         95     69     81     87     38    118     62      79
   13        102     74     79     90     68     97     65      82
   14        116     76     85     94     71     90     64      85
   15        172    130    122    168     85     87     48     116
   16        175    138    143    198     50     74     69     121
   17        154    117    121    152     23     76     42      98
   18        180    128    138    157     12     76     37     104
   19        118     79    125    136     18     66     66      87
   20        108     69     90     94     16     49     52      68
   21         59     55     50     75      7     15     32      42
   22         17     16     33     24      7     15     10      17
   23          6     12      7      4      1      5      1       5
 
TOTALS
 
12HR 7-19   1378   1068   1008   1350    592    829    571     971
16HR 6-22   1737   1346   1327   1726    683    963    727    1216
18HR 6-24   1760   1374   1367   1754    691    983    738    1238
24HR 0-24   1784   1397   1396   1784    714    988    744    1258
 
 
 
 
*LOCATION   : ............................................................
*SITE NUMBER: 11202513
*FILE NUMBER:        9
*INTERVAL   :   15 MIN
*BATTERY    :    6.4 V
*RESTARTS   :        0
*CONFIG     :        0
*CHANNEL    :  1 OF  1
 
             MON    TUE    WED    THU    FRI    SAT    SUN    7-DAY
DATE    09/08/03     04     05     06     07     08     09   AVERAGE
 
START HOUR
 
    0          1      2      -      -      -      -      -       -
    1          1      0      -      -      -      -      -       -
    2          0      0      -      -      -      -      -       -
    3          1      1      -      -      -      -      -       -
    4          2      3      -      -      -      -      -       -
    5         11     14      -      -      -      -      -       -
    6         80     73      -      -      -      -      -       -
    7        101    122      -      -      -      -      -       -
    8         81     99      -      -      -      -      -       -
    9         52      -      -      -      -      -      -       -
   10         41      -      -      -      -      -      -       -
   11         65      -      -      -      -      -      -       -
   12         61      -      -      -      -      -      -       -
   13         78      -      -      -      -      -      -       -
   14         96      -      -      -      -      -      -       -
   15        130      -      -      -      -      -      -       -
   16        194      -      -      -      -      -      -       -
   17        132      -      -      -      -      -      -       -
   18        128      -      -      -      -      -      -       -
   19        132      -      -      -      -      -      -       -
   20        103      -      -      -      -      -      -       -
   21         47      -      -      -      -      -      -       -
   22         26      -      -      -      -      -      -       -
   23          9      -      -      -      -      -      -       -
 
TOTALS
 
12HR 7-19   1159      -      -      -      -      -      -       -
16HR 6-22   1521      -      -      -      -      -      -       -
18HR 6-24   1556      -      -      -      -      -      -       -
24HR 0-24   1572      -      -      -      -      -      -       -
 
