
 
 
*LOCATION   : ............................................................
*SITE NUMBER: 12102515
*FILE NUMBER:       10
*INTERVAL   :   15 MIN
*BATTERY    :    6.4 V
*RESTARTS   :        0
*CONFIG     :       12
*CHANNEL    :  2 OF  2
 
             FRI    SAT    SUN    MON    TUE    WED    THU    7-DAY
DATE    09/06/26     27     28     29     30     01     02   AVERAGE
 
START HOUR
 
    0          -     20      5     10     13      5      3       -
    1          -      1     12      0      0     11      6       -
    2          -     10      8      4      5      4      2       -
    3          -      3      8      0      5      4      4       -
    4          -      4      4      4      6      3      8       -
    5          -     14      8     28     36     20     24       -
    6          -     11     10     75     72     98     93       -
    7          -      7     17    129    133     99    106       -
    8          -     12     27     69     98     63     56       -
    9          -     31     59     61     61     59     63       -
   10          -     39    112     74     67     47     72       -
   11          -     62    155    104    106    102     98       -
   12          -     76    203    104    160     91    137       -
   13          -    108    206    103    105    126     96       -
   14          -    119    207    117    145    120    139       -
   15          -     89    267    178    146    160    148       -
   16          -     71    236    171    194    237    177       -
   17        149     63    160    171    197    165    174     154
   18        150     38    180    130    220    183    155     151
   19        120     42    119    101    146    128    126     112
   20         94     19     98    124    116    150    112     102
   21         46     23     59     62     96     58     98      63
   22         45     14     43     30     34     35     32      33
   23         11     16     17     18     12     17     20      16
 
TOTALS
 
12HR 7-19      -    715   1829   1411   1632   1452   1421       -
16HR 6-22      -    810   2115   1773   2062   1886   1850       -
18HR 6-24      -    840   2175   1821   2108   1938   1902       -
24HR 0-24      -    892   2220   1867   2173   1985   1949       -

 













 
 
 
*LOCATION   : ............................................................
*SITE NUMBER: 12102515
*FILE NUMBER:       10
*INTERVAL   :   15 MIN
*BATTERY    :    6.4 V
*RESTARTS   :        0
*CONFIG     :       12
*CHANNEL    :  2 OF  2
 
             FRI    SAT    SUN    MON    TUE    WED    THU    7-DAY
DATE    09/07/03     04     05     06     07     08     09   AVERAGE
 
START HOUR
 
    0         20     10      8      3     21      4      6      10
    1         10     11      4      2      2      3      2       5
    2          6     10      4      4      9      2      1       5
    3          4      5      3      5      1      2      2       3
    4          3      7      6      3     10      4      1       5
    5         37     12     11     17     25     23      9      19
    6         77     15     13     56     62     41     12      39
    7         81     10      3     95     91     51     20      50
    8         57     17      9     58     69     23      8      34
    9         40     23     24     43     58     34     12      33
   10         48     48     44     67     62     26     18      45
   11         38     85     58    114     74     43     28      63
   12         45     96     69    102    101     86     59      80
   13         50     96     68     87     84     74     37      71
   14         77    119     71     98     80     76     55      82
   15        122    111     69    133    106    106     33      97
   16        116     92     61    121     86    156     44      97
   17        130     52     74    121     68    155     45      92
   18         91     37     64    123     18    127     38      71
   19         60     38     70    100     13    124     64      67
   20         64     20     34     88      7     93     57      52
   21         65     32     31     48     19     51     41      41
   22         31     14     22     45      6     20     31      24
   23         32      4      7     12      7     16     12      13
 
TOTALS
 
12HR 7-19    895    786    614   1162    897    957    397     815
16HR 6-22   1161    891    762   1454    998   1266    571    1015
18HR 6-24   1224    909    791   1511   1011   1302    614    1052
24HR 0-24   1304    964    827   1545   1079   1340    635    1099

 
 
 
 
*LOCATION   : ............................................................
*SITE NUMBER: 12102515
*FILE NUMBER:       10
*INTERVAL   :   15 MIN
*BATTERY    :    6.4 V
*RESTARTS   :        0
*CONFIG     :       12
*CHANNEL    :  2 OF  2
 
             FRI    SAT    SUN    MON    TUE    WED    THU    7-DAY
DATE    09/07/10     11     12     13     14     15     16   AVERAGE
 
START HOUR
 
    0          6     19      1      9      5      6     14       9
    1          9      2      0      5      7      3     21       7
    2          0      4      3      7      1      3      9       4
    3          3      5      0      4      3      2      5       3
    4          6      5      0      3      3      4      7       4
    5         15     10      1     19     27     22     26      17
    6         53     13      8     34     73     70     53      43
    7         37      8      7     31     73     61     48      38
    8         33     27      7     11     62     38     37      31
    9         35     35     33      7     52     46     50      37
   10         45     83     40      8     61     84     66      55
   11         68    111    117      5     97     86     76      80
   12         85    131    119      7    107    107     99      94
   13         71    115    109      5    127    114    133      96
   14         93    149    134     17    108    114    111     104
   15        116    113    140     26    123    143    168     118
   16        115     80    125     45    178    151    173     124
   17        111     75    120     81    113    151    159     116
   18         97     67    100     73    106    140    118     100
   19         75     48     75     49    107    121    118      85
   20         76     26     73     39    104    106    107      76
   21         46     17     42     37     60     81     61      49
   22         13      8     19     12     29     38     24      20
   23         16      4     24      7     17     12     10      13
 
TOTALS
 
12HR 7-19    906    994   1051    316   1207   1235   1238     992
16HR 6-22   1156   1098   1249    475   1551   1613   1577    1246
18HR 6-24   1185   1110   1292    494   1597   1663   1611    1279
24HR 0-24   1224   1155   1297    541   1643   1703   1693    1322

 














 
 
 
*LOCATION   : ............................................................
*SITE NUMBER: 12102515
*FILE NUMBER:       10
*INTERVAL   :   15 MIN
*BATTERY    :    6.4 V
*RESTARTS   :        0
*CONFIG     :       12
*CHANNEL    :  2 OF  2
 
             FRI    SAT    SUN    MON    TUE    WED    THU    7-DAY
DATE    09/07/17     18     19     20     21     22     23   AVERAGE
 
START HOUR
 
    0          7     10     20      1      4     12      6       9
    1         12      9      8      4      5      4      5       7
    2          5      8     14      4     13      7      1       7
    3          7      5      4      1      2      2      4       4
    4          5      5      9      7      5      2      7       6
    5         28     10      3      7     14     11     12      12
    6         63     11     19     35     36     40     50      36
    7         61     22     16     45     61     52     62      46
    8         46     20     18     25     43     22     44      31
    9         36     71     48     22     54     26     47      43
   10         85     72     95     29     41     24     54      57
   11         87    113    156     29     73     56     65      83
   12        132    125    128     20     84     62     79      90
   13        144    143    184     19     73     81     83     104
   14        126    154    213     26     82     80     80     109
   15        124    122    178     53     77    112    120     112
   16        109    133    164     77    103    140    109     119
   17        118    148     92     51     87    100    114     101
   18         92    130    103     53     85     91    111      95
   19         93     95     99     67     85     92     85      88
   20         84     49     58     34     60     83     86      65
   21         45     41     28     36     45     36     37      38
   22         26     33     14     17     23     29     23      24
   23         32     10      3      6     17     22     26      17
 
TOTALS
 
12HR 7-19   1160   1253   1395    449    863    846    968     991
16HR 6-22   1445   1449   1599    621   1089   1097   1226    1218
18HR 6-24   1503   1492   1616    644   1129   1148   1275    1258
24HR 0-24   1567   1539   1674    668   1172   1186   1310    1302

 
 
 
 
*LOCATION   : ............................................................
*SITE NUMBER: 12102515
*FILE NUMBER:       10
*INTERVAL   :   15 MIN
*BATTERY    :    6.4 V
*RESTARTS   :        0
*CONFIG     :       12
*CHANNEL    :  2 OF  2
 
             FRI    SAT    SUN    MON    TUE    WED    THU    7-DAY
DATE    09/07/24     25     26     27     28     29     30   AVERAGE
 
START HOUR
 
    0         12      0      7     18      4      2      7       7
    1          6      3      6     10      2      4      2       5
    2          6      1      8      3      3      2      2       4
    3          0      1      4      3      4      3      4       3
    4          5      6      6      7      4      1      9       5
    5         10      4      7     27     16     14     14      13
    6         40     12      3     53     66     43     56      39
    7         37     14     10     43     69     39     73      41
    8         27     16     18     22     55     35     56      33
    9          9     27     32     35     40     33     64      34
   10         31     43     85     35     69     43     65      53
   11         56     82     71     62     99     78     90      77
   12         87    100     81     86     69     88    120      90
   13         79    115    119     83     94    113    164     110
   14        100    139    120    134    107    108    114     117
   15        110    122    110    145    138    107    126     123
   16         73    111    118    150    131    161    146     127
   17         64     82    121    158    104    126    150     115
   18         49     95    105    149    124    158    135     116
   19         31     44     97    131     93    124    114      91
   20         15     65     80     86     59     87     99      70
   21         20     29     54     58     42     63     59      46
   22          2     21     34     35     25     16     39      25
   23          7     15     26      6      3     13     17      12
 
TOTALS
 
12HR 7-19    722    946    990   1102   1099   1089   1303    1036
16HR 6-22    828   1096   1224   1430   1359   1406   1631    1282
18HR 6-24    837   1132   1284   1471   1387   1435   1687    1319
24HR 0-24    876   1147   1322   1539   1420   1461   1725    1356

 














 
 
 
*LOCATION   : ............................................................
*SITE NUMBER: 12102515
*FILE NUMBER:       10
*INTERVAL   :   15 MIN
*BATTERY    :    6.4 V
*RESTARTS   :        0
*CONFIG     :       12
*CHANNEL    :  2 OF  2
 
             FRI    SAT    SUN    MON    TUE    WED    THU    7-DAY
DATE    09/07/31     01     02     03     04     05     06   AVERAGE
 
START HOUR
 
    0          5      5      9      3      9      -      -       -
    1          5      7      4      0      3      -      -       -
    2          5      9      8      1      3      -      -       -
    3          0      9      5      3      0      -      -       -
    4          6      6      3      0      2      -      -       -
    5         16      7      8     25     23      -      -       -
    6         39     23     20     75     80      -      -       -
    7         38      8     16     95    116      -      -       -
    8         29     15     20     70     75      -      -       -
    9         46     35     30     68     71      -      -       -
   10         86     62     44     71      -      -      -       -
   11         75     60     67    106      -      -      -       -
   12         73     99     69    106      -      -      -       -
   13         55     85    101    109      -      -      -       -
   14         59     90    118    113      -      -      -       -
   15         71     94     95    158      -      -      -       -
   16         54     57     56    159      -      -      -       -
   17         23     61     43    132      -      -      -       -
   18         34     63     57     99      -      -      -       -
   19         23     39     61     97      -      -      -       -
   20         30     51     39    117      -      -      -       -
   21         26     29     34     59      -      -      -       -
   22         12     19     21     40      -      -   
