 

 

 

*LOCATION   : ............................................................

*SITE NUMBER: 10803115

*FILE NUMBER:        1

*INTERVAL   :   15 MIN

*BATTERY    :    6.1 V

*RESTARTS   :        0

*CONFIG     :        0

*CHANNEL    :  1 OF  1

 

             WED    THU    FRI    SAT    SUN    MON    TUE    7-DAY

DATE    11/08/03     04     05     06     07     08     09   AVERAGE

 

START HOUR

 

    0          -     22     26     36     22      8      8       -

    1          -     11     12     29     26      5      6       -

    2          -      9      8     16      9      0      1       -

    3          -      9      4     12      8      2      1       -

    4          -      4      6     19     19      3      2       -

    5          -     14     18      2      6     12      9       -

    6          -     48     59      8      8     58     64       -

    7          -    160    140     14      9    134    107       -

    8          -    236    204     22     11    257    113       -

    9          -    167    174     44     23    167     91       -

   10          -    106     94     59     49     90     54       -

   11          -    104     91     98     65     78     72       -

   12          -    136    127     99    109     75     66       -

   13          -    121    116     96    140    103     94       -

   14        174    154    163     60    132     97     96     125

   15        200    195    225     56    149    167    117     158

   16        284    294    260     65    154    254    185     214

   17        277    323    218     50    138    271    170     207

   18        239    226    170     55    151    179     98     160

   19        190    171    105     43    136    190    114     136

   20        159    131    103     52    125    129     88     112

   21        129    112     65     50    109     87     54      87

   22         71     58     65     51     47     45     28      52

   23         48     19     52     19     10     17     24      27

 

TOTALS

 

12HR 7-19      -   2222   1982    718   1130   1872   1263       -

16HR 6-22      -   2684   2314    871   1508   2336   1583       -

18HR 6-24      -   2761   2431    941   1565   2398   1635       -

24HR 0-24      -   2830   2505   1055   1655   2428   1662       -


 

 































 

 

*LOCATION   : ............................................................

*SITE NUMBER: 10803115

*FILE NUMBER:        1

*INTERVAL   :   15 MIN

*BATTERY    :    6.1 V

*RESTARTS   :        0

*CONFIG     :        0

*CHANNEL    :  1 OF  1

 

             WED    THU    FRI    SAT    SUN    MON    TUE    7-DAY

DATE    11/08/10     11     12     13     14     15     16   AVERAGE

 

START HOUR

 

    0          7     10     22     31     14     28      8      17

    1          8      9      5     19     22      6      3      10

    2          5      3      4     26     29      5      2      11

    3          2      4      3     12     17      5      2       6

    4          2      1      1      2     12      3      1       3

    5          6     11     16      8      6     11      9      10

    6         33     62     57     10      9     57     52      40

    7         78    119    127     15     12    138    142      90

    8        108    191    172     19     15    268    210     140

    9         77    111     88     43     35    161    144      94

   10         68     59     35     50     61     69     60      57

   11         97     46     41     79     86     57     65      67

   12         72     34     69    114     79     63     52      69

   13        120     57     85    121     91     51     73      85

   14        109     54    128    119    120     71     92      99

   15        128    129    174    131    165    124    177     147

   16        175    205    207    108    126    206    208     176

   17        181    213    185    117    109    161    231     171

   18        180    160    137    107    111    114    154     138

   19        167    150     90     77     96     79     79     105

   20        130    107     70     45     77    104     87      89

   21         94     63     53     56     50     74     47      62

   22         36     43     33     30     21     22     19      29

   23         26     21     18     34     24     14     16      22

 

TOTALS

 

12HR 7-19   1393   1378   1448   1023   1010   1483   1608    1335

16HR 6-22   1817   1760   1718   1211   1242   1797   1873    1631

18HR 6-24   1879   1824   1769   1275   1287   1833   1908    1682

24HR 0-24   1909   1862   1820   1373   1387   1891   1933    1739

 








































*LOCATION   : ............................................................

*SITE NUMBER: 10803115

*FILE NUMBER:        1

*INTERVAL   :   15 MIN

*BATTERY    :    6.1 V

*RESTARTS   :        0

*CONFIG     :        0

*CHANNEL    :  1 OF  1

 

             WED    THU    FRI    SAT    SUN    MON    TUE    7-DAY

DATE    11/08/17     18     19     20     21     22     23   AVERAGE

 

START HOUR

 

    0         10     17     20     23     30      9     10      17

    1          1     11     14     20     16      5      1      10

    2          3      9      7     20     10      1      3       8

    3          5      8      2     14     12      3      1       6

    4          1      6      4     16     13      4      1       6

    5         10     12     12      2      7     12      6       9

    6         65     73     59     11      6     57     48      46

    7        182    167    168     14     16    170    140     122

    8        314    279    277     27     26    283    212     203

    9        188    182    178     57     38    156    141     134

   10         83     81     94     73     87     87     63      81

   11         93     69     90     97    125     81     92      92

   12         96     90     83     82    146     77     71      92

   13         92    103    143    109    189     75     84     114

   14        132    144    173    129    178     99     62     131

   15        182    179    181    125    155    145    102     153

   16        302    306    257    148    169    246    182     230

   17        288    238    213    123    140    214    153     196

   18        225    174    168    120    129    159    137     159

   19        187    117    111     88    113     55    108     111

   20        157     84    102     66     89     55     94      92

   21        116     76     85     45     44     29     66      66

   22         54     39     42     36     17     18     30      34

   23         23     24     21     28     18      7     21      20

 

TOTALS

 

12HR 7-19   2177   2012   2025   1104   1398   1792   1439    1707

16HR 6-22   2702   2362   2382   1314   1650   1988   1755    2022

18HR 6-24   2779   2425   2445   1378   1685   2013   1806    2076

24HR 0-24   2809   2488   2504   1473   1773   2047   1828    2132


 

 


































 

 

*LOCATION   : ............................................................

*SITE NUMBER: 10803115

*FILE NUMBER:        1

*INTERVAL   :   15 MIN

*BATTERY    :    6.1 V

*RESTARTS   :        0

*CONFIG     :        0

*CHANNEL    :  1 OF  1

 

             WED    THU    FRI    SAT    SUN    MON    TUE    7-DAY

DATE    11/08/24     25     26     27     28     29     30   AVERAGE

 

START HOUR

 

    0          1     15     15     60     22      4      5      17

    1          3      9      4     35     21      1      2      11

    2          3      2      6     23     17      1      0       7

    3          1      4      4      9     20      1      0       6

    4          4      3      4     21     15      2      3       7

    5         10      9      9      7      3     11     11       9

    6         57     55     58     12     13     50     38      40

    7        177    165    163     17     13    137     81     108

    8        300    303    258     31     25    205    112     176

    9        171    184    165     71     34    144     90     123

   10         99    105     96     67     51     87     45      79

   11         97    113     95     95    112     65     56      90

   12         99    108     93    138    110     58     35      92

   13         99    114    127    146     79     61     39      95

   14        135    140    149    149     57     42     76     107

   15        192    221    211    117     70    103    104     145

   16        275    286    236    131     66    138    148     183

   17        265    232    236    110     92    117    135     170

   18        220    200    207    141     66    107    158     157

   19        198    171    182    102     67     87     99     129

   20        123    116    153     84     64     58     50      93

   21         89     85    127     68     33     31     29      66

   22         40     38    106     47     21     10     18      40

   23         24     41     84     34     10     13     14      31

 

TOTALS

 

12HR 7-19   2129   2171   2036   1213    775   1264   1079    1524

16HR 6-22   2596   2598   2556   1479    952   1490   1295    1852

18HR 6-24   2660   2677   2746   1560    983   1513   1327    1924

24HR 0-24   2682   2719   2788   1715   1081   1533   1348    1981


 

 

 




































 

*LOCATION   : ............................................................

*SITE NUMBER: 10803115

*FILE NUMBER:        1

*INTERVAL   :   15 MIN

*BATTERY    :    6.1 V

*RESTARTS   :        0

*CONFIG     :        0

*CHANNEL    :  1 OF  1

 

             WED    THU    FRI    SAT    SUN    MON    TUE    7-DAY

DATE    11/08/31     01     02     03     04     05     06   AVERAGE

 

START HOUR

 

    0          8      8      6      -      -      -      -       -

    1          1      4      0      -      -      -      -       -

    2          0      2      4      -      -      -      -       -

    3          1      1      2      -      -      -      -       -

    4          1      3      1      -      -      -      -       -

    5          7      8      6      -      -      -      -       -

    6         31     49     47      -      -      -      -       -

    7         59    144    101      -      -      -      -       -

    8        105    232    188      -      -      -      -       -

    9         47    140    111      -      -      -      -       -

   10         36     85      -      -      -      -      -       -

   11         21     64      -      -      -      -      -       -

   12         21     80      -      -      -      -      -       -

   13         21     90      -      -      -      -      -       -

   14         28    104      -      -      -      -      -       -

   15         56    117      -      -      -      -      -       -

   16        111    203      -      -      -      -      -       -

   17        100    180      -      -      -      -      -       -

   18         92    103      -      -      -      -      -       -

   19         74     86      -      -      -      -      -       -

   20         70     68      -      -      -      -      -       -

   21         44     56      -      -      -      -      -       -

   22         15     24      -      -      -      -      -       -

   23         12     14      -      -      -      -      -       -

 

TOTALS

 

12HR 7-19    697   1542      -      -      -      -      -       -

16HR 6-22    916   1801      -      -      -      -      -       -

18HR 6-24    943   1839      -      -      -      -      -       -

24HR 0-24    961   1865      -      -      -      -      -       -
