*LOCATION	: ..	.......	.......	.......	.......	........	......	........	........			
												
*SITE NUMB	ER: 11	803311										
												
*FILE NUMB	ER:	3										
												
*INTERVAL	:	15 MIN										
												
*BATTERY	:	6.2 V										
												
*RESTARTS	:	0										
												
*CONFIG	:	0										
												
*CHANNEL	:  1	OF  1										
												
												
												
	WED	THU	FRI	SAT	SUN	MON	TUE	7-DA	Y			
												
DATE    11	/08/17	18	19	20	21	22	23	AVERA	GE			
												
												
												
START HOUR												
												
												
												
0	-	4	3	2	12	0	0	-				
												
1	-	4	3	6	2	3	0	-				
												
2	-	2	0	2	0	0	0	-				
												
3	-	2	0	0	8	1	0	-				
												
4	-	3	2	0	0	0	0	-				
												
5	-	12	10	1	3	15	11	-				
												
6	-	71	59	5	7	62	48	-				
												
7	-	124	91	16	8	123	94	-				
												
8	-	63	66	16	14	81	54	-				
												
9	-	41	41	23	33	45	31	-				
												
10	-	26	46	34	68	23	11	-				
												
11	-	54	45	48	100	38	30	-				
												
12	-	49	44	41	69	49	37	-				
												
13	-	55	64	64	102	46	35	-				
												
14	-	87	76	55	94	63	41	-				
												
15	141	111	124	60	72	122	50	97				
												
16	161	158	149	65	81	156	91	123				
												
17	150	91	99	49	77	107	80	93				
												
18	97	76	77	53	80	95	50	75				
												
19	101	64	70	67	60	43	59	66				
												
20	64	33	35	37	34	16	53	39				
												
21	50	28	52	37	24	13	34	34				
											814,8566434	593
22	16	8	17	7	9	6	16	11			786	572
											1600,856643	
23	6	3	10	6	4	0	3	5				
												
												
												
TOTALS												
												
												
												
12HR 7-19	-	935	922	524	798	948	604	-				
												
16HR 6-22	-	1131	1138	670	923	1082	798	-				
												
18HR 6-24	-	1142	1165	683	936	1088	817	-				
												
24HR 0-24	-	1169	1183	694	961	1107	828	-				
												
												
												
												
												
												
												
												
												
												
												
												
												
												
												
												
												
												
												
												
												
												
												
												
												
												
												
												
												
												
												
												
												
												
												
												
												
												
												
												
												
*LOCATION	: ..	.......	.......	.......	.......	........	......	........	........			
												
*SITE NUMB	ER: 11	803311										
												
*FILE NUMB	ER:	3										
												
*INTERVAL	:	15 MIN										
												
*BATTERY	:	6.2 V										
												
*RESTARTS	:	0										
												
*CONFIG	:	0										
												
*CHANNEL	:  1	OF  1										
												
												
												
	WED	THU	FRI	SAT	SUN	MON	TUE	7-DA	Y			
												
DATE    11	/08/24	25	26	27	28	29	30	AVERA	GE			
												
												
												
START HOUR												
												
												
												
0	0	1	1	6	16	2	0	4				
												
1	0	0	1	1	13	1	0	2				
												
2	0	0	3	1	6	0	1	2				
												
3	1	1	0	3	3	1	1	1				
												
4	0	2	0	3	4	3	2	2				
												
5	11	10	11	1	4	9	4	7				
												
6	60	64	60	17	9	56	34	43				
												
7	123	123	107	9	14	95	57	75				
												
8	64	72	79	18	22	52	30	48				
												
9	57	51	36	38	64	32	21	43				
												
10	58	49	50	50	80	19	21	47				
												
11	64	45	42	72	69	21	36	50				
												
12	50	63	55	82	95	29	17	56				
												
13	55	75	68	89	69	33	29	60				
												
14	93	76	86	97	78	33	39	72				
												
15	129	114	103	97	55	63	65	89				
												
16	149	145	100	73	48	87	90	99				
												
17	116	134	90	74	54	57	77	86				
												
18	122	71	71	85	57	40	64	73				
												
19	99	78	42	74	46	45	56	63				
												
20	40	51	49	48	48	28	30	42				
												
21	35	24	21	39	16	6	16	22				
												
22	10	9	14	36	9	6	7	13				
												
23	2	5	5	17	1	1	4	5				
												
												
												
TOTALS												
												
												
												
12HR 7-19	1080	1018	887	784	705	561	546	797				
												
16HR 6-22	1314	1235	1059	962	824	696	682	967				
												
18HR 6-24	1326	1249	1078	1015	834	703	693	985				
												
24HR 0-24	1338	1263	1094	1030	880	719	701	1004				
												
												
												
												
												
												
												
												
												
												
												
												
												
												
												
												
												
												
												
												
												
												
												
												
												
												
												
												
												
												
												
												
												
												
												
												
												
												
												
												
												
												
*LOCATION	: ..	.......	.......	.......	.......	........	......	........	........			
												
*SITE NUMB	ER: 11	803311										
												
*FILE NUMB	ER:	3										
												
*INTERVAL	:	15 MIN										
												
*BATTERY	:	6.2 V										
												
*RESTARTS	:	0										
												
*CONFIG	:	0										
												
*CHANNEL	:  1	OF  1										
												
												
												
	WED	THU	FRI	SAT	SUN	MON	TUE	7-DA	Y			
												
DATE    11	/08/31	1	2	3	4	5	6	AVERA	GE			
												
												
												
START HOUR												
												
												
												
0	0	1	2	5	3	1	-	-				
												
1	0	0	0	6	1	1	-	-				
												
2	0	0	0	0	1	1	-	-				
												
3	0	0	0	0	3	0	-	-				
												
4	2	1	2	2	1	1	-	-				
												
5	5	9	7	1	2	9	-	-				
												
6	20	51	40	9	1	71	-	-				
												
7	52	82	84	18	10	114	-	-				
												
8	26	60	51	24	13	80	-	-				
												
9	13	41	34	37	36	42	-	-				
												
10	5	26	34	47	41	24	-	-				
												
11	15	38	37	36	80	-	-	-				
												
12	6	35	35	60	80	-	-	-				
												
13	11	33	32	54	88	-	-	-				
												
14	30	45	52	34	84	-	-	-				
												
15	35	75	90	51	92	-	-	-				
												
16	66	104	109	32	73	-	-	-				
												
17	57	92	88	38	94	-	-	-				
												
18	51	50	73	46	71	-	-	-				
												
19	42	34	68	43	73	-	-	-				
												
20	40	30	28	36	40	-	-	-				
												
21	14	27	20	18	20	-	-	-				
												
22	5	7	21	15	6	-	-	-				
												
23	0	2	11	5	3	-	-	-				
						344						
												
												
TOTALS												
												
												
												
12HR 7-19	367	681	719	477	762	-	-	-				
												
16HR 6-22	483	823	875	583	896	-	-	-				
												
18HR 6-24	488	832	907	603	905	-	-	-				
												
24HR 0-24	495	843	918	617	916	-	-	-				