*LOCATION	: ..	.......	.......	.......	.......	.......	.......	........	........
									
*SITE NUMB	ER: 12	3120							
									
*FILE NUMB	ER:	2							
									
*INTERVAL	:	15 MIN							
									
*BATTERY	:	6.3 V							
									
*RESTARTS	:	0							
									
*CONFIG	:	0							
									
*CHANNEL	:  1	OF  1							
									
									
									
	TUE	WED	THU	FRI	SAT	SUN	MON	7-DA	Y
									
DATE    11	/08/02	3	4	5	6	7	8	AVERA	GE
									
									
									
START HOUR									
									
									
									
0	-	11	4	4	4	2	3	-	
									
1	-	2	3	8	4	0	4	-	
									
2	-	0	1	4	0	0	0	-	
									
3	-	1	0	3	5	0	1	-	
									
4	-	0	1	2	1	0	0	-	
									
5	-	1	4	4	0	3	2	-	
									
6	-	44	41	10	6	39	58	-	
									
7	-	122	117	14	8	147	110	-	
									
8	-	156	129	19	12	170	80	-	
									
9	-	90	72	35	23	84	55	-	
									
10	-	61	79	57	45	39	32	-	
									
11	-	76	45	59	47	42	25	-	
									
12	-	72	70	64	95	60	46	-	
									
13	-	66	82	64	97	43	54	-	
									
14	69	93	83	39	97	49	46	68	
									
15	110	132	124	32	91	112	81	97	
									
16	189	167	153	32	98	177	120	134	
									
17	170	151	128	23	84	182	110	121	
									
18	135	121	88	29	89	140	65	95	
									
19	101	101	74	44	68	118	53	80	
									
20	93	85	66	46	60	84	26	66	
									
21	71	48	42	16	23	46	24	39	
									
22	27	27	20	8	16	19	11	18	
									
23	10	9	7	3	1	8	2	6	
	975								
									
									
TOTALS									
									
									
									
12HR 7-19	-	1307	1170	467	786	1245	824	-	
									
16HR 6-22	-	1585	1393	583	943	1532	985	-	
									
18HR 6-24	-	1621	1420	594	960	1559	998	-	
									
24HR 0-24	-	1636	1433	619	974	1564	1008	-	
									
									
									
									
									
									
									
									
									
									
									
									
									
									
									
									
									
									
									
									
									
									
									
									
									
									
									
									
									
									
									
									
									
									
									
									
									
									
									
									
									
									
									
									
									
									
*LOCATION	: ..	.......	.......	.......	.......	.......	.......	........	........
									
*SITE NUMB	ER: 12	3120							
									
*FILE NUMB	ER:	2							
									
*INTERVAL	:	15 MIN							
									
*BATTERY	:	6.3 V							
									
*RESTARTS	:	0							
									
*CONFIG	:	0							
									
*CHANNEL	:  1	OF  1							
									
									
									
	TUE	WED	THU	FRI	SAT	SUN	MON	7-DA	Y
									
DATE    11	/08/09	10	11	12	13	14	15	AVERA	GE
									
									
									
START HOUR									
									
									
									
0	5	0	0	0	0	0	0	1	
									
1	2	0	0	1	0	0	0	0	
									
2	7	0	0	0	0	0	0	1	
									
3	8	0	0	0	0	0	0	1	
									
4	1	0	0	0	0	1	0	0	
									
5	5	0	0	0	0	0	0	1	
									
6	19	3	0	0	0	0	0	3	
									
7	67	10	1	0	0	0	0	11	
									
8	90	8	0	0	0	0	0	14	
									
9	58	3	0	0	0	0	0	9	
									
10	11	1	0	0	0	0	0	2	
									
11	0	0	0	0	0	0	0	0	
									
12	3	1	0	5	1	0	0	1	
									
13	3	0	0	0	0	0	0	0	
									
14	5	0	0	3	0	1	0	1	
									
15	4	1	0	0	0	0	0	1	
									
16	0	2	1	2	1	0	0	1	
									
17	11	0	0	0	0	0	2	2	
									
18	4	0	3	0	3	0	0	1	
									
19	15	0	1	0	0	0	2	3	
									
20	5	1	1	0	1	0	0	1	
									
21	1	2	2	1	0	0	0	1	
									
22	1	0	0	0	0	0	0	0	
									
23	2	0	0	0	0	0	0	0	
									
									
									
TOTALS									
									
									
									
12HR 7-19	256	26	5	10	5	1	2	44	
									
16HR 6-22	296	32	9	11	6	1	4	51	
									
18HR 6-24	299	32	9	11	6	1	4	52	
									
24HR 0-24	327	32	9	12	6	2	4	56	
									
									
									
									
									
									
									
									
									
									
									
									
									
									
									
									
									
									
									
									
									
									
									
									
									
									
									
									
									
									
									
									
									
									
									
									
									
									
									
									
*LOCATION	: ..	.......	.......	.......	.......	.......	.......	........	........
									
*SITE NUMB	ER: 12	3120							
									
*FILE NUMB	ER:	2							
									
*INTERVAL	:	15 MIN							
									
*BATTERY	:	6.3 V							
									
*RESTARTS	:	0							
									
*CONFIG	:	0							
									
*CHANNEL	:  1	OF  1							
									
									
									
	TUE	WED	THU	FRI	SAT	SUN	MON	7-DA	Y
									
DATE    11	/08/16	17	18	19	20	21	22	AVERA	GE
									
									
									
START HOUR									
									
									
									
0	0	0	0	6	0	0	0	1	
									
1	0	1	1	0	0	0	0	0	
									
2	0	0	0	0	0	0	0	0	
									
3	0	0	0	0	0	0	0	0	
									
4	0	0	0	0	0	0	0	0	
									
5	0	0	0	0	0	0	0	0	
									
6	0	0	0	0	0	0	0	0	
									
7	4	0	0	0	0	0	0	1	
									
8	0	0	0	0	0	0	0	0	
									
9	0	0	0	0	0	0	3	0	
									
10	0	0	1	0	0	0	0	0	
									
11	1	0	0	1	0	0	0	0	
									
12	0	0	0	1	0	0	0	0	
									
13	0	0	0	0	0	1	0	0	
									
14	0	0	0	2	0	0	0	0	
									
15	0	2	0	0	0	1	1	1	
									
16	1	1	0	0	0	3	3	1	
									
17	2	0	1	2	0	0	1	1	
									
18	0	0	5	1	1	0	0	1	
									
19	0	0	1	2	3	3	0	1	
									
20	2	0	2	1	1	2	0	1	
									
21	1	0	2	1	2	0	0	1	
									
22	0	0	0	0	0	0	0	0	
									
23	0	0	0	0	0	0	0	0	
									
									
									
TOTALS									
									
									
									
12HR 7-19	8	3	7	7	1	5	8	6	
									
16HR 6-22	11	3	12	11	7	10	8	9	
									
18HR 6-24	11	3	12	11	7	10	8	9	
									
24HR 0-24	11	4	13	17	7	10	8	10	
									
									
									
									
									
									
									
									
									
									
									
									
									
									
									
									
									
									
									
									
									
									
									
									
									
									
									
									
									
									
									
									
									
									
									
									
									
									
									
									
									
*LOCATION	: ..	.......	.......	.......	.......	.......	.......	........	........
									
*SITE NUMB	ER: 12	3120							
									
*FILE NUMB	ER:	2							
									
*INTERVAL	:	15 MIN							
									
*BATTERY	:	6.3 V							
									
*RESTARTS	:	0							
									
*CONFIG	:	0							
									
*CHANNEL	:  1	OF  1							
									
									
									
	TUE	WED	THU	FRI	SAT	SUN	MON	7-DA	Y
									
DATE    11	/08/23	24	25	26	27	28	29	AVERA	GE
									
									
									
START HOUR									
									
									
									
0	0	0	0	0	0	0	0	0	
									
1	0	0	0	0	0	0	0	0	
									
2	0	0	0	0	0	0	0	0	
									
3	0	0	0	0	0	0	0	0	
									
4	0	0	0	0	0	0	0	0	
									
5	0	0	0	0	0	0	0	0	
									
6	0	0	0	0	0	0	0	0	
									
7	0	0	0	1	0	0	0	0	
									
8	0	0	0	1	2	1	0	1	
									
9	0	1	0	0	0	1	1	0	
									
10	0	1	2	2	2	0	0	1	
									
11	0	0	0	1	0	1	0	0	
									
12	0	0	0	12	7	0	0	3	
									
13	0	2	0	4	0	0	0	1	
									
14	0	1	0	5	1	0	0	1	
									
15	1	0	0	4	3	0	3	2	
									
16	1	0	2	7	2	0	0	2	
									
17	1	0	1	1	0	0	1	1	
									
18	1	2	4	6	1	0	0	2	
									
19	0	3	4	4	0	0	2	2	
									
20	1	1	2	5	0	0	0	1	
									
21	4	0	1	0	0	0	0	1	
									
22	0	0	0	0	0	0	0	0	
									
23	0	0	0	0	0	0	0	0	
									
									
									
TOTALS									
									
									
									
12HR 7-19	4	7	9	44	18	3	5	13	
									
16HR 6-22	9	11	16	53	18	3	7	17	
									
18HR 6-24	9	11	16	53	18	3	7	17	
									
24HR 0-24	9	11	16	53	18	3	7	17	
									
									
									
									
									
									
									
									
									
									
									
									
									
									
									
									
									
									
									
									
									
									
									
									
									
									
									
									
									
									
									
									
									
									
									
									
									
									
									
									
*LOCATION	: ..	.......	.......	.......	.......	.......	.......	........	........
									
*SITE NUMB	ER: 12	3120							
									
*FILE NUMB	ER:	2							
									
*INTERVAL	:	15 MIN							
									
*BATTERY	:	6.3 V							
									
*RESTARTS	:	0							
									
*CONFIG	:	0							
									
*CHANNEL	:  1	OF  1							
									
									
									
	TUE	WED	THU	FRI	SAT	SUN	MON	7-DA	Y
									
DATE    11	/08/30	31	1	2	3	4	5	AVERA	GE
									
									
									
START HOUR									
									
									
									
0	0	0	0	-	-	-	-	-	
									
1	0	0	0	-	-	-	-	-	
									
2	0	0	0	-	-	-	-	-	
									
3	0	0	0	-	-	-	-	-	
									
4	0	0	0	-	-	-	-	-	
									
5	0	0	0	-	-	-	-	-	
									
6	0	0	0	-	-	-	-	-	
									
7	1	1	0	-	-	-	-	-	
									
8	0	1	0	-	-	-	-	-	
									
9	0	2	0	-	-	-	-	-	
									
10	0	0	-	-	-	-	-	-	
									
11	0	0	-	-	-	-	-	-	
									
12	0	0	-	-	-	-	-	-	
									
13	0	1	-	-	-	-	-	-	
									
14	0	0	-	-	-	-	-	-	
									
15	0	1	-	-	-	-	-	-	
									
16	0	2	-	-	-	-	-	-	
									
17	0	1	-	-	-	-	-	-	
									
18	0	1	-	-	-	-	-	-	
									
19	0	0	-	-	-	-	-	-	
									
20	0	0	-	-	-	-	-	-	
									
21	3	0	-	-	-	-	-	-	
									
22	0	0	-	-	-	-	-	-	
									
23	0	0	-	-	-	-	-	-	
									
									
									
TOTALS									
									
									
									
12HR 7-19	1	10	-	-	-	-	-	-	
									
16HR 6-22	4	10	-	-	-	-	-	-	
									
18HR 6-24	4	10	-	-	-	-	-	-	
									
24HR 0-24	4	10	-	-	-	-	-	-	