 

 

 

*LOCATION   : ............................................................

*SITE NUMBER: 10201807

*FILE NUMBER:        5

*INTERVAL   :   15 MIN

*BATTERY    :    6.3 V

*RESTARTS   :        0

*CONFIG     :        0

*CHANNEL    :  1 OF  1

 

             THU    FRI    SAT    SUN    MON    TUE    WED    7-DAY

DATE    11/05/05     06     07     08     09     10     11   AVERAGE

 

START HOUR

 

    0          -      0      0      0      0      0      0       -

    1          -      0      0      0      0      0      0       -

    2          -      0      0      0      0      0      0       -

    3          -      0      0      0      0      0      0       -

    4          -      0      0      0      0      0      0       -

    5          -      0      0      0      0      0      0       -

    6          -      0      0      0      0      0      0       -

    7          -      0      0      0      0      0      0       -

    8          -      0      0      0      0      0      0       -

    9          -      0      0      0      0      0      0       -

   10          -      0      0      0      0      0      0       -

   11          -      0      0      0      0      0      0       -

   12          -      0      0      0      0      0      0       -

   13          -      0      0      0      0      0      0       -

   14          -      0      0      0      0      0      0       -

   15          0      0      0      0      0      0      0       0

   16          0      0      0      0      0      1      0       0

   17          0      0      0      0      0      0      0       0

   18          0      0      0      0      0      0      0       0

   19          0      0      0      0      0      0      0       0

   20          0      0      0      0      0      0      0       0

   21          0      0      0      0      0      0      0       0

   22          0      0      0      0      0      0      0       0

   23          0      0      0      0      0      0      0       0

 

TOTALS

 

12HR 7-19      -      0      0      0      0      1      0       -

16HR 6-22      -      0      0      0      0      1      0       -

18HR 6-24      -      0      0      0      0      1      0       -

24HR 0-24      -      0      0      0      0      1      0       -


 

 

 

 






































*LOCATION   : ............................................................

*SITE NUMBER: 10201807

*FILE NUMBER:        5

*INTERVAL   :   15 MIN

*BATTERY    :    6.3 V

*RESTARTS   :        0

*CONFIG     :        0

*CHANNEL    :  1 OF  1

 

             THU    FRI    SAT    SUN    MON    TUE    WED    7-DAY

DATE    11/05/12     13     14     15     16     17     18   AVERAGE

 

START HOUR

 

    0          0      0      0      0      0      0      0       0

    1          0      0      0      0      0      0      0       0

    2          0      0      0      0      0      0      0       0

    3          0      0      0      0      0      0      0       0

    4          0      0      0      0      0      0      0       0

    5          0      0      0      0      0      0      0       0

    6          0      0      0      0      0      0      0       0

    7          0      0      0      0      0      0      0       0

    8          0      0      0      0      0      0      0       0

    9          0      0      0      0      0      0      0       0

   10          0      0      0      0      0      0      0       0

   11          0      0      0      0      0      0      0       0

   12          0      0      0      0      0      0      0       0

   13          0      0      0      0      0      0      0       0

   14          0      0      0      0      0      0      0       0

   15          0      0      0      0      0      0      0       0

   16          0      0      0      0      0      0      0       0

   17          0      0      0      0      0      0      0       0

   18          0      0      0      0      0      0      0       0

   19          0      0      0      0      0      0      0       0

   20          0      0      0      0      0      0      0       0

   21          0      0      0      0      0      0      0       0

   22          0      0      0      0      0      0      0       0

   23          0      0      0      0      0      0      0       0

 

TOTALS

 

12HR 7-19      0      0      0      0      0      0      0       0

16HR 6-22      0      0      0      0      0      0      0       0

18HR 6-24      0      0      0      0      0      0      0       0

24HR 0-24      0      0      0      0      0      0      0       0


 

 

 

 

































*LOCATION   : ............................................................

*SITE NUMBER: 10201807

*FILE NUMBER:        5

*INTERVAL   :   15 MIN

*BATTERY    :    6.3 V

*RESTARTS   :        0

*CONFIG     :        0

*CHANNEL    :  1 OF  1

 

             THU    FRI    SAT    SUN    MON    TUE    WED    7-DAY

DATE    11/05/19     20     21     22     23     24     25   AVERAGE

 

START HOUR

 

    0          0      0     19     17      8      6      5       8

    1          0      0     12     10      1      2      3       4

    2          0      0     12      4      1      1      3       3

    3          0      0      1      4      3      1      3       2

    4          0      0      2      3      2      3      2       2

    5          0      0     11      4     20     27     23      12

    6          0      0     14     10    135    148    158      66

    7          0      0     24     13    357    429    405     175

    8          0      0     46     31    358    435    376     178

    9          0      0     72     42    144    183    175      88

   10          0      0    101     83     47     93     97      60

   11          0      0     96    142     26     70     89      60

   12          0      0    134    194     38     83     69      74

   13          0      0    126    198     39     78     81      75

   14          0      2    143    202     65     97     97      87

   15          0      0    134    167    172    261    216     136

   16          0      0    129    170    311    439    400     207

   17          0      0    124    145    276    329    281     165

   18          0      0    106    155    135    232    215     120

   19          0      0     72    122    133    169    131      90

   20          0      0     57     85     75    120    110      64

   21          0      0     36     58     56     79     90      46

   22          0     12     17     26     23     44     32      22

   23          0     25     11     10      9      7      8      10

 

TOTALS

 

12HR 7-19      0      2   1235   1542   1968   2729   2501    1425

16HR 6-22      0      2   1414   1817   2367   3245   2990    1691

18HR 6-24      0     39   1442   1853   2399   3296   3030    1723

24HR 0-24      0     39   1499   1895   2434   3336   3069    1753


 

 

 

 






























*LOCATION   : ............................................................

*SITE NUMBER: 10201807

*FILE NUMBER:        5

*INTERVAL   :   15 MIN

*BATTERY    :    6.3 V

*RESTARTS   :        0

*CONFIG     :        0

*CHANNEL    :  1 OF  1

 

             THU    FRI    SAT    SUN    MON    TUE    WED    7-DAY

DATE    11/05/26     27     28     29     30     31     01   AVERAGE

 

START HOUR

 

    0          8      6     11     17      0      0      0       6

    1          5      4      8     10      0      0      0       4

    2          5      2      4      3      0      0      0       2

    3          1      3      4      3      0      0      0       2

    4          2      2      3      3      0      0      0       1

    5         24     23      7      7      0      0      0       9

    6        167    130     11      1      0      0      0      44

    7        401    323     20      0      0      0      0     106

    8        379    315     33      0      0      0      0     104

    9        177    144     59      0      0      0      0      54

   10         88     73     36      0      0      0      0      28

   11         79     66     62      0      0      0      0      30

   12         89     68     78      0      0      0      0      34

   13        116     71     71      0      0      0      0      37

   14        142    111     71      0      0      0      0      46

   15        259    252     62      0      0      0      3      82

   16        378    292     71      0      0      0      8     107

   17        314    144     86      0      0      0      0      78

   18        217     86     68      0      0      0      6      54

   19        177     64     49      0      0      0      4      42

   20        135     41     42      0      0      0      0      31

   21         79     28     38      0      0      0      0      21

   22         45     24     21      0      0      0      0      13

   23         20     13     13      0      0      0      0       7

 

TOTALS

 

12HR 7-19   2639   1945    717      0      0      0     17     760

16HR 6-22   3197   2208    857      1      0      0     21     898

18HR 6-24   3262   2245    891      1      0      0     21     917

24HR 0-24   3307   2285    928     44      0      0     21     941


 

 

 

 
































*LOCATION   : ............................................................

*SITE NUMBER: 10201807

*FILE NUMBER:        5

*INTERVAL   :   15 MIN

*BATTERY    :    6.3 V

*RESTARTS   :        0

*CONFIG     :        0

*CHANNEL    :  1 OF  1

 

             THU    FRI    SAT    SUN    MON    TUE    WED    7-DAY

DATE    11/06/02     03     04     05     06     07     08   AVERAGE

 

START HOUR

 

    0          0      0      0      0      0      -      -       -

    1          0      0      0      0      0      -      -       -

    2          0      0      0      0      0      -      -       -

    3          0      0      0      0      0      -      -       -

    4          0      0      0      0      0      -      -       -

    5          0      0      0      0      0      -      -       -

    6          0      0      0      0      0      -      -       -

    7          0      0      0      0      0      -      -       -

    8          0      0      0      0      0      -      -       -

    9          0      0      0      0      0      -      -       -

   10          0      0      0      0      0      -      -       -

   11          0      0      0      0      0      -      -       -

   12          0      0      0      0      0      -      -       -

   13          0      0      0      0      0      -      -       -

   14          0      0      0      0      0      -      -       -

   15          0      0      0      0      -      -      -       -

   16          0      0      0      0      -      -      -       -

   17          0      0      0      0      -      -      -       -

   18          0      1      0      0      -      -      -       -

   19          0      4      0      0      -      -      -       -

   20          0      9      0      0      -      -      -       -

   21          0      0      0      0      -      -      -       -

   22          0      0      0      0      -      -      -       -

   23          0      0      0      0      -      -      -       -

 

TOTALS

 

12HR 7-19      0      1      0      0      -      -      -       -

16HR 6-22      0     14      0      0      -      -      -       -

18HR 6-24      0     14      0      0      -      -      -       -

24HR 0-24      0     14      0      0      -      -      -       -
