 

 

 

*LOCATION   : ............................................................

*SITE NUMBER: 11201819

*FILE NUMBER:        2

*INTERVAL   :   15 MIN

*BATTERY    :    6.1 V

*RESTARTS   :        0

*CONFIG     :        0

*CHANNEL    :  1 OF  1

 

             THU    FRI    SAT    SUN    MON    TUE    WED    7-DAY

DATE    11/05/05     06     07     08     09     10     11   AVERAGE

 

START HOUR

 

    0          -      2      1      4      2      3      3       -

    1          -      2      2      0      0      0      2       -

    2          -      0      0      4      1      0      0       -

    3          -      0      0      0      1      4      3       -

    4          -      0      0      1      0      0      1       -

    5          -      5      2      0      7     21     14       -

    6          -     41      5     10     57     62     61       -

    7          -     60     23    131    144    181    136       -

    8          -     62     71      2      1    170      0       -

    9         50      0      0      0      0    183      0      33

   10         59      0      0      0      0     75      0      19

   11         66      0      0      0      0     12      0      11

   12          0      0      0      0      0      0      0       0

   13          0      0      0      0      0      0      0       0

   14          0      0      0      0      0      0      0       0

   15          0      0      0      0      0      0      0       0

   16          0      0      0      0      0      0      0       0

   17          0      0      0      0      0      0      0       0

   18          0      0      0      0      0      0      0       0

   19          0      0      0      0      0      0      0       0

   20          0      0      0      0      0      0      0       0

   21          0      0      0      0      0      0      0       0

   22          4     12      6     11     11     14     10      10

   23          4     11      6      5      5      5     11       7

 

TOTALS

 

12HR 7-19      -    122     94    133    145    621    136       -

16HR 6-22      -    163     99    143    202    683    197       -

18HR 6-24      -    186    111    159    218    702    218       -

24HR 0-24      -    195    116    168    229    730    241       -


 

 

 

 




































*LOCATION   : ............................................................

*SITE NUMBER: 11201819

*FILE NUMBER:        2

*INTERVAL   :   15 MIN

*BATTERY    :    6.1 V

*RESTARTS   :        0

*CONFIG     :        0

*CHANNEL    :  1 OF  1

 

             THU    FRI    SAT    SUN    MON    TUE    WED    7-DAY

DATE    11/05/12     13     14     15     16     17     18   AVERAGE

 

START HOUR

 

    0          4      5      5      1      3      1      2       3

    1          0      0      3      2      2      1      0       1

    2          1      1      0      0      0      1      1       1

    3          1      2      2      2      1      1      2       2

    4          1      1      0      2      1      2      0       1

    5         12     14      1      0      7      9     10       8

    6         54     55      7      6     25     45     36      33

    7       1303    116     28      8     29     96    126     244

    8          0      0      2      0      0      0      1       0

    9          0      0      0      0      0      0      0       0

   10          0      0      0      0      0      0      0       0

   11          0      0      0      0      0      0      0       0

   12          0      0      0      0      0      0      0       0

   13          0      0      0      0      0      0      0       0

   14          0      0      0      0      0      0      0       0

   15          0      0      0      0      0      0      0       0

   16          0      0      0      0      0      0      0       0

   17          0      0      0      0      0      0      0       0

   18          0      0      0      0      0      0      0       0

   19          0      0      0      0      0      0      0       0

   20          0      0      0      0      0      0      0       0

   21          0      0      0      0      0      0      0       0

   22          4      5      9      0      2      3      0       3

   23          4      8     12      1      2      6      5       5

 

TOTALS

 

12HR 7-19   1303    116     30      8     29     96    127     244

16HR 6-22   1357    171     37     14     54    141    163     277

18HR 6-24   1365    184     58     15     58    150    168     285

24HR 0-24   1384    207     69     22     72    165    183     300


 

 

 

 

































*LOCATION   : ............................................................

*SITE NUMBER: 11201819

*FILE NUMBER:        2

*INTERVAL   :   15 MIN

*BATTERY    :    6.1 V

*RESTARTS   :        0

*CONFIG     :        0

*CHANNEL    :  1 OF  1

 

             THU    FRI    SAT    SUN    MON    TUE    WED    7-DAY

DATE    11/05/19     20     21     22     23     24     25   AVERAGE

 

START HOUR

 

    0          1      3      2      2      2      2      3       2

    1          1      0      1      2      1      0      1       1

    2          0      0      1      0      0      1      1       0

    3          1      1      2      4      1      1      2       2

    4          1      0      1      2      1      0      0       1

    5         10      8      5      3      9     41      8      12

    6         42     44      8     11     73      8      0      27

    7         79    118     12     17    100      0      0      47

    8          0      8      6      0      0      0      0       2

    9          0      0      0      0      0      0      0       0

   10          0      0      0      0      0      0      0       0

   11          0      0      0      0      0      0      0       0

   12          0      0      0      0      0      0      0       0

   13          0      0      0      0      0      0      0       0

   14          0      0      0      0      0      0      0       0

   15          0      0      0      0      0      0      0       0

   16          0      0      0      0      0      0      0       0

   17          0      0      0      0      0      0      0       0

   18          0      0      0      0      0      0      0       0

   19          0      0      0      0      0      0      0       0

   20          0      0      0      0      0      0      0       0

   21          0      0      0      0      0      0      0       0

   22          1      4      6      1      0      6      0       3

   23          2     20      5      1      3      6      4       6

 

TOTALS

 

12HR 7-19     79    126     18     17    100      0      0      49

16HR 6-22    121    170     26     28    173      8      0      75

18HR 6-24    124    194     37     30    176     20      4      84

24HR 0-24    138    206     49     43    190     65     19     101


 

 

 

 































*LOCATION   : ............................................................

*SITE NUMBER: 11201819

*FILE NUMBER:        2

*INTERVAL   :   15 MIN

*BATTERY    :    6.1 V

*RESTARTS   :        0

*CONFIG     :        0

*CHANNEL    :  1 OF  1

 

             THU    FRI    SAT    SUN    MON    TUE    WED    7-DAY

DATE    11/05/26     27     28     29     30     31     01   AVERAGE

 

START HOUR

 

    0          2      2      4      7      1      3      6       4

    1          1      1      4      4      0      0      0       1

    2          2      2      1      2      0      1      0       1

    3          0      2      1      1      0      0      0       1

    4          1      0      0      2      1      1      2       1

    5         12      8      4      5      6     21      5       9

    6         15    101      0      5     16     66      0      29

    7          0      0      0      0      0      0      0       0

    8          0      0      0      0      0      0      0       0

    9          0      0      0      0      0      0      0       0

   10          0      0      0      0      0      0      0       0

   11          0      0      0      0      0      0      0       0

   12          0      0      0      0      0      0      0       0

   13          0      0      0      0      0      0      0       0

   14          0      0      0      0      0      0      0       0

   15          0      0      0      0      0      0      0       0

   16          0      0      0      0      0      0      0       0

   17          0      0      0      0      0      0      0       0

   18          0      0      0      0      0      0      0       0

   19          0      0      0      0      0      0      0       0

   20          0      0      0      0      0      0      0       0

   21          0      0      0      0      0      0      0       0

   22          0      0      2      0      0      0      0       0

   23          8      9      6      1      3      2      4       5

 

TOTALS

 

12HR 7-19      0      0      0      0      0      0      0       0

16HR 6-22     15    101      0      5     16     66      0      29

18HR 6-24     23    110      8      6     19     68      4      34

24HR 0-24     41    125     22     27     27     94     17      50


 

 

 

 


































*LOCATION   : ............................................................

*SITE NUMBER: 11201819

*FILE NUMBER:        2

*INTERVAL   :   15 MIN

*BATTERY    :    6.1 V

*RESTARTS   :        0

*CONFIG     :        0

*CHANNEL    :  1 OF  1

 

             THU    FRI    SAT    SUN    MON    TUE    WED    7-DAY

DATE    11/06/02     03     04     05     06     07     08   AVERAGE

 

START HOUR

 

    0          5      3      5     11      2      3      -       -

    1          5      6      4      9      3      1      -       -

    2          1      0      2      6      2      3      -       -

    3          4      3      1      6      1      6      -       -

    4          1      0      4      4      3      0      -       -

    5          4      4      4     16     16     16      -       -

    6         54      0      7      1     68     43      -       -

    7          0      0      0      0     33      0      -       -

    8          0      0      0      0      0      0      -       -

    9          0      0      0      0      0      0      -       -

   10          0      0      0      0      0      -      -       -

   11          0      0      0      0      0      -      -       -

   12          0      0      0      0      0      -      -       -

   13          0      0      0      0      0      -      -       -

   14          0      0      0      0      0      -      -       -

   15          0      0      0      0      0      -      -       -

   16          0      0      0      0      0      -      -       -

   17          0      0      0      0      0      -      -       -

   18          0      0      0      0      0      -      -       -

   19          0      0      0      0      0      -      -       -

   20          0      0      0      0      0      -      -       -

   21          0      0      0      0      0      -      -       -

   22          0      0      0      0      0      -      -       -

   23          4      2     12      3      3      -      -       -

 

TOTALS

 

12HR 7-19      0      0      0      0     33      -      -       -

16HR 6-22     54      0      7      1    101      -      -       -

18HR 6-24     58      2     19      4    104      -      -       -

24HR 0-24     78     18     39     56    131      -      -       -
