 
 
 
*LOCATION   : ............................................................
*SITE NUMBER: 10301801
*FILE NUMBER:       28
*INTERVAL   :   15 MIN
*BATTERY    :    6.1 V
*RESTARTS   :        0
*CONFIG     :       12
*CHANNEL    :  1 OF  2
 
             MON    TUE    WED    THU    FRI    SAT    SUN    7-DAY
DATE    05/05/02     03     04     05     06     07     08   AVERAGE
 
START HOUR
 
    0          -      1      2      3      3      1      1       -
    1          -      1      0      2      0      1      3       -
    2          -      0      0      1      0      0      1       -
    3          -      0      0      0      0      0      2       -
    4          -      1      1      0      1      0      0       -
    5          -     13     11      0      9      4      1       -
    6          -     55     35      8     34      8      7       -
    7          -    143     75      4     79      9      7       -
    8          -    112     69      6     79     12      6       -
    9         52     36     30     14     35     27     19      30
   10         23     24     14     21     21     16     40      23
   11         21     17     18     28     24     33     45      27
   12         28     15     13     39     31     29     55      30
   13         12     15     24     52     23     37     48      30
   14         26     17     15     33     30     41     40      29
   15         40     17     27     29     31     29     52      32
   16         48     25     23     41     31     21     38      32
   17         31     20     24     31     24     10     31      24
   18         23      6     10     12     28     11     29      17
   19         16      5     22     22     14     19     27      18
   20         17      6     17     12     18     21     14      15
   21         14      3     10      6     13     10     14      10
   22          3      0      2      5      5      7      9       4
   23          2      2      2      1      1      3      1       2
 
TOTALS
 
12HR 7-19      -    447    342    310    436    275    410       -
16HR 6-22      -    516    426    358    515    333    472       -
18HR 6-24      -    518    430    364    521    343    482       -
24HR 0-24      -    534    444    370    534    349    490       -



 
 
 
 
*LOCATION   : ............................................................
*SITE NUMBER: 10301801
*FILE NUMBER:       28
*INTERVAL   :   15 MIN
*BATTERY    :    6.1 V
*RESTARTS   :        0
*CONFIG     :       12
*CHANNEL    :  1 OF  2
 
             MON    TUE    WED    THU    FRI    SAT    SUN    7-DAY
DATE    05/05/09     10     11     12     13     14     15   AVERAGE
 
START HOUR
 
    0          2      2      2      1      5      7      8       4
    1          0      2      1      1      1      7      4       2
    2          0      1      0      0      2      1      1       1
    3          1      1      0      1      0      1      0       1
    4          3      4      4      3      5      1      4       3
    5          8     12     10     25     18      4      1      11
    6         79    105     55     93     85     16     10      63
    7        166    248    175    231    195     14     14     149
    8        147    219    185    233    198     25     11     145
    9         48     77     61     77     96     35     18      59
   10         26     42     27     33     38     43     30      34
   11         36     47     30     44     43     58     43      43
   12         37     38     22     46     41     51     45      40
   13         32     35     25     46     46     77     54      45
   14         20     30     26     37     46     63     63      41
   15         65     83     59     74     79     42     36      63
   16         72    113     81    121     80     52     47      81
   17         49     77     75     85     54     47     47      62
   18         39     46     48     74     33     41     34      45
   19         40     48     49     50     14     35     41      40
   20         35     21     33     43     14     24     20      27
   21         25     22     35     31     17     12     21      23
   22          7      6      9      6      7      9      9       8
   23          6      3      6      8      8      9      2       6
 
TOTALS
 
12HR 7-19    737   1055    814   1101    949    548    442     807
16HR 6-22    916   1251    986   1318   1079    635    534     960
18HR 6-24    929   1260   1001   1332   1094    653    545     973
24HR 0-24    943   1282   1018   1363   1125    674    563     995



 
 
 
 
*LOCATION   : ............................................................
*SITE NUMBER: 10301801
*FILE NUMBER:       28
*INTERVAL   :   15 MIN
*BATTERY    :    6.1 V
*RESTARTS   :        0
*CONFIG     :       12
*CHANNEL    :  1 OF  2
 
             MON    TUE    WED    THU    FRI    SAT    SUN    7-DAY
DATE    05/05/16     17     18     19     20     21     22   AVERAGE
 
START HOUR
 
    0          3      1      1      6      6      9      5       4
    1          1      1      0      0      3      3      1       1
    2          0      0      0      0      0      0      2       0
    3          0      1      0      3      1      2      3       1
    4          5      4      3      2      6      1      0       3
    5         26     22     14     23     24      6      6      17
    6        128     87     60    121     97     20     21      76
    7        185    194    161    226    239     17     17     148
    8        117    142    197    227    203     32     15     133
    9         43     48     72     73     91     45     31      58
   10         13     25     34     41     47     69     51      40
   11         11     38     23     39     30     69     56      38
   12          9     33     19     34     41     70     81      41
   13         16     27     21     88     47     90    108      57
   14         15     37     33     50     58     75    128      57
   15         41     67     53     63     85     81    105      71
   16         60     79     67    103    102     70     94      82
   17         44     48     66     68     65     54    105      64
   18         37     49     49     41     46     62     89      53
   19         31     50     41     23     38     38     70      42
   20         35     32     36     28     33     23     49      34
   21         11     20     22     26     27     17     29      22
   22          2      9     12     19      8      9     18      11
   23          2      4      6      4     10      8      3       5
 
TOTALS
 
12HR 7-19    591    787    795   1053   1054    734    880     842
16HR 6-22    796    976    954   1251   1249    832   1049    1015
18HR 6-24    800    989    972   1274   1267    849   1070    1032
24HR 0-24    835   1018    990   1308   1307    870   1087    1059



 
 
 
 
*LOCATION   : ............................................................
*SITE NUMBER: 10301801
*FILE NUMBER:       28
*INTERVAL   :   15 MIN
*BATTERY    :    6.1 V
*RESTARTS   :        0
*CONFIG     :       12
*CHANNEL    :  1 OF  2
 
             MON    TUE    WED    THU    FRI    SAT    SUN    7-DAY
DATE    05/05/23     24     25     26     27     28     29   AVERAGE
 
START HOUR
 
    0          1      3      6      5      8      2      6       4
    1          0      1      1      5      1      5      1       2
    2          1      2      0      4      1      4      1       2
    3          1      1      1      2      4      3      1       2
    4          4      6      7      6      5      2      2       5
    5         28     42     34     31     24      4      3      24
    6        136    166    154    126     73     12     14      97
    7        281    336    338    264    116     16     14     195
    8        276    327    324    255    154     29      5     196
    9         96    132    145     74     53     44     19      80
   10         46     72     81     72     33     67     27      57
   11         31     72     58     59     27     64     46      51
   12         43     77     80     58     34     81     39      59
   13         47     70     48     43     40     76     51      54
   14         48     90     63     48     41     74     42      58
   15        111    125    109     86     51     72     49      86
   16        137    206    168    116     74     71     39     116
   17        113    149    108     69     63     54     49      86
   18        103    118     70     38     35     53     59      68
   19         86     90     84     37     36     29     43      58
   20         79     62     43     32     29     23     29      42
   21         41     45     55     26     26     11     22      32
   22         17     20     12     11      8     10     10      13
   23         10      3      9      4      8     11      4       7
 
TOTALS
 
12HR 7-19   1332   1774   1592   1182    721    701    439    1106
16HR 6-22   1674   2137   1928   1403    885    776    547    1336
18HR 6-24   1701   2160   1949   1418    901    797    561    1355
24HR 0-24   1736   2215   1998   1471    944    817    575    1394



 
 
 
 
*LOCATION   : ............................................................
*SITE NUMBER: 10301801
*FILE NUMBER:       28
*INTERVAL   :   15 MIN
*BATTERY    :    6.1 V
*RESTARTS   :        0
*CONFIG     :       12
*CHANNEL    :  1 OF  2
 
             MON    TUE    WED    THU    FRI    SAT    SUN    7-DAY
DATE    05/05/30     31     01     02     03     04     05   AVERAGE
 
START HOUR
 
    0          3      2      2      4      4     17      1       5
    1          2      0      0      4      2      3      0       2
    2          1      0      1      2      1      1      2       1
    3          2      4      0      3      1      2      1       2
    4          4      3      3      2      5      1      0       3
    5         25     27      9     26     23      4      4      17
    6        116    146     48    140    121      7      4      83
    7        214    298     73    237    251     12      7     156
    8        247    287     96    247    245     17      9     164
    9         79    101     32    111     92     22     21      65
   10         51     60     11     72     50     33     22      43
   11         33     44     11     54     44     28     36      36
   12         52     40      8     67     39     35     72      45
   13         28     60     14     58     49     40     69      45
   14         43     52     15     44     60     28     56      43
   15         82    113     26     81     92     31     35      66
   16        125    136     37    137    104     30     32      86
   17         57     78     22     96     61     17     44      54
   18         27     67     11     45     49     11     45      36
   19         14     36     20     35     33      9     45      27
   20         10     31     20     35     34      2     16      21
   21         21     15     18     31     16      4      8      16
   22          8      6     10     16     10      1     12       9
   23          4      5      4     12      9      1      3       5
 
TOTALS
 
12HR 7-19   1038   1336    356   1249   1136    304    448     838
16HR 6-22   1199   1564    462   1490   1340    326    521     986
18HR 6-24   1211   1575    476   1518   1359    328    536    1000
24HR 0-24   1248   1611    491   1559   1395    356    544    1029



 
 
 
 
*LOCATION   : ............................................................
*SITE NUMBER: 10301801
*FILE NUMBER:       28
*INTERVAL   :   15 MIN
*BATTERY    :    6.1 V
*RESTARTS   :        0
*CONFIG     :       12
*CHANNEL    :  1 OF  2
 
             MON    TUE    WED    THU    FRI    SAT    SUN    7-DAY
DATE    05/06/06     07     08     09     10     11     12   AVERAGE
 
START HOUR
 
    0          5      -      -      -      -      -      -       -
    1          1      -      -      -      -      -      -       -
    2          0      -      -      -      -      -      -       -
    3          2      -      -      -      -      -      -       -
    4          3      -      -      -      -      -      -       -
    5         19      -      -      -      -      -      -       -
    6         74      -      -      -      -      -      -       -
    7        194      -      -      -      -      -      -       -
    8        196      -      -      -      -      -      -       -
    9         48      -      -      -      -      -      -       -
   10         31      -      -      -      -      -      -       -
   11          -      -      -      -      -      -      -       -
   12          -      -      -      -      -      -      -       -
   13          -      -      -      -      -      -      -       -
   14          -      -      -      -      -      -      -       -
   15          -      -      -      -      -      -      -       -
   16          -      -      -      -      -      -      -       -
   17          -      -      -      -      -      -      -       -
   18          -      -      -      -      -      -      -       -
   19          -      -      -      -      -      -      -       -
   20          -      -      -      -      -      -      -       -
   21          -      -      -      -      -      -      -       -
   22          -      -      -      -      -      -      -       -
   23          -      -      -      -      -      -      -       -
 
TOTALS
 
12HR 7-19      -      -      -      -      -      -      -       -
16HR 6-22      -      -      -      -      -      -      -       -
18HR 6-24      -      -      -      -      -      -      -       -
24HR 0-24      -      -      -      -      -      -      -       -



 
 
 
 
*LOCATION   : ............................................................
*SITE NUMBER: 10301801
*FILE NUMBER:       28
*INTERVAL   :   15 MIN
*BATTERY    :    6.1 V
*RESTARTS   :        0
*CONFIG     :       12
*CHANNEL    :  2 OF  2
 
             MON    TUE    WED    THU    FRI    SAT    SUN    7-DAY
DATE    05/05/02     03     04     05     06     07     08   AVERAGE
 
START HOUR
 
    0          -      1      0      5      4      8      2       -
    1          -      2      1      6      2      4      1       -
    2          -      0      0      1      2      2      1       -
    3          -      0      0      4      2      2      1       -
    4          -      0      0      0      1      0      1       -
    5          -      3      2      0      0      0      2       -
    6          -     12      6      2      8      5      3       -
    7          -     24     15      8     15      6      3       -
    8          -     22     11      3     12      9     11       -
    9         12      6     17      9     10      8     12      11
   10         16      6      8     22     15     15     22      15
   11         14     14     16     30     21     19     43      22
   12         17     12     11     27     32     34     44      25
   13         21     24     11     34     20     28     50      27
   14         29     18     24     25     39     40     40      31
   15         80     40     57     30     53     34     33      47
   16        118     84     77     30     65     32     32      63
   17         86     74     58     31     57     16     34      51
   18         50     36     31     24     35     19     19      31
   19         26     17     29     23     40     15      9      23
   20         35     17     25     12     20     11     20      20
   21         17     12     22      6      7     11     15      13
   22          8      2     11      5      5      4      3       5
   23          4      1      1      0      3      1      2       2
 
TOTALS
 
12HR 7-19      -    360    336    273    374    260    343       -
16HR 6-22      -    418    418    316    449    302    390       -
18HR 6-24      -    421    430    321    457    307    395       -
24HR 0-24      -    427    433    337    468    323    403       -



 
 
 
 
*LOCATION   : ............................................................
*SITE NUMBER: 10301801
*FILE NUMBER:       28
*INTERVAL   :   15 MIN
*BATTERY    :    6.1 V
*RESTARTS   :        0
*CONFIG     :       12
*CHANNEL    :  2 OF  2
 
             MON    TUE    WED    THU    FRI    SAT    SUN    7-DAY
DATE    05/05/09     10     11     12     13     14     15   AVERAGE
 
START HOUR
 
    0          2      4      4      4     10      5      8       5
    1          1      3      0      1      5      9      6       4
    2          0      3      0      3      2      8      4       3
    3          0      0      2      1      2      2      3       1
    4          1      2      0      2      4      3      3       2
    5          4      4      6      6      7      2      5       5
    6         14     27     15     28     17      4      2      15
    7         30     76     47     63     58      7      8      41
    8         28     57     42     67     58     13      5      39
    9         16     28     28     26     30     30     19      25
   10          8     16     18     26     21     47     30      24
   11         11     26     14     27     43     46     42      30
   12         22     29     17     29     44     50     46      34
   13         26     51     35     42     53     49     58      45
   14         49     57     47     70     83     55     46      58
   15        115    160    108    145    154     71     56     116
   16        150    220    162    221    182     50     49     148
   17        117    161    138    159    127     42     32     111
   18         70     87     83    131     71     37     37      74
   19         58     76     63     86     30     36     40      56
   20         52     44     60     66     40     34     30      47
   21         17     31     30     40     22     16     20      25
   22          9     15     12     13     28     13      5      14
   23         10      7     10      8      9     12      6       9
 
TOTALS
 
12HR 7-19    642    968    739   1006    924    497    428     743
16HR 6-22    783   1146    907   1226   1033    587    520     886
18HR 6-24    802   1168    929   1247   1070    612    531     908
24HR 0-24    810   1184    941   1264   1100    641    560     929



 
 
 
 
*LOCATION   : ............................................................
*SITE NUMBER: 10301801
*FILE NUMBER:       28
*INTERVAL   :   15 MIN
*BATTERY    :    6.1 V
*RESTARTS   :        0
*CONFIG     :       12
*CHANNEL    :  2 OF  2
 
             MON    TUE    WED    THU    FRI    SAT    SUN    7-DAY
DATE    05/05/16     17     18     19     20     21     22   AVERAGE
 
START HOUR
 
    0          6      1      0      9      4     11      4       5
    1          1      0      2      5      5      7      6       4
    2          3      0      0      2      2      3      8       3
    3          1      0      0      5      1      4      4       2
    4          0      0      0      4      2      7      7       3
    5          2      8      4      6      5      4      0       4
    6         24     21     21     36     21      9     10      20
    7         43     42     38     66     60     12      7      38
    8         28     26     54     53     68     23     15      38
    9          9     15     31     36     38     34     25      27
   10          4      8     20     30     32     59     40      28
   11          8     20     13     24     49     63     53      33
   12          4     28     22     25     42     79    102      43
   13          9     26     28     39     32     89    110      48
   14         36     55     48     72    114     86    155      81
   15        112    124    102    141    174     82     90     118
   16        144    176    176    216    210     81     76     154
   17        119    150    129    165    130     66     99     123
   18         81     89     95    106     92     70     92      89
   19         64     62     58     62     66     32     80      61
   20         48     60     52     47     40     22     50      46
   21         12     37     40     34     30     16     29      28
   22         11     22     20     14     19     18     12      17
   23          3      7     10      6      1      9     10       7
 
TOTALS
 
12HR 7-19    597    759    756    973   1041    744    864     819
16HR 6-22    745    939    927   1152   1198    823   1033     974
18HR 6-24    759    968    957   1172   1218    850   1055     997
24HR 0-24    772    977    963   1203   1237    886   1084    1017



 
 
 
 
*LOCATION   : ............................................................
*SITE NUMBER: 10301801
*FILE NUMBER:       28
*INTERVAL   :   15 MIN
*BATTERY    :    6.1 V
*RESTARTS   :        0
*CONFIG     :       12
*CHANNEL    :  2 OF  2
 
             MON    TUE    WED    THU    FRI    SAT    SUN    7-DAY
DATE    05/05/23     24     25     26     27     28     29   AVERAGE
 
START HOUR
 
    0          4      4      3      8     10      7     15       7
    1          2      4      4      5      2     10      7       5
    2          5      4      3      5      2     11      4       5
    3          2      0      5      3      6      1      3       3
    4          1      6      6      4      1      3      3       3
    5          7      9      9     10      2      1      7       6
    6         28     48     41     36     13      6      4      25
    7         74    113    103     71     24     13      9      58
    8         72    112     91     57     36     10      3      54
    9         33     39     57     35     25     33     15      34
   10         25     42     53     35     10     56     23      35
   11         22     71     49     47     26     53     49      45
   12         25     83     51     43     39     69     46      51
   13         39     73     72     62     57     68     52      60
   14         72    121    101     85     64     84     39      81
   15        233    231    234    196    124     80     50     164
   16        273    348    291    247    151     67     54     204
   17        192    255    216    145    121     56     55     149
   18        165    178    163    112     64     36     57     111
   19        129    109    117     69     38     42     31      76
   20         82    104     72     50     47     26     57      63
   21         53     64     63     48     36     28     21      45
   22         23     27     19     24     14     10      4      17
   23         11     19     11     13      8     15      4      12
 
TOTALS
 
12HR 7-19   1225   1666   1481   1135    741    625    452    1046
16HR 6-22   1517   1991   1774   1338    875    727    565    1255
18HR 6-24   1551   2037   1804   1375    897    752    573    1284
24HR 0-24   1572   2064   1834   1410    920    785    612    1314



 
 
 
 
*LOCATION   : ............................................................
*SITE NUMBER: 10301801
*FILE NUMBER:       28
*INTERVAL   :   15 MIN
*BATTERY    :    6.1 V
*RESTARTS   :        0
*CONFIG     :       12
*CHANNEL    :  2 OF  2
 
             MON    TUE    WED    THU    FRI    SAT    SUN    7-DAY
DATE    05/05/30     31     01     02     03     04     05   AVERAGE
 
START HOUR
 
    0          2      5      4      7      6     13      3       6
    1          7      3      1      3      5     12      5       5
    2          2      0      0      6      3      8      3       3
    3          1      1      0      2      2      6      0       2
    4          6      3      1      3      5      4      3       4
    5          5      4      3      5      6      0      1       3
    6         29     33     15     34     32      5      5      22
    7         57    104     16     70     68      7      3      46
    8         53     72     17     77     62      9     10      43
    9         46     45     15     42     33     32     15      33
   10         29     34      8     30     22     27     12      23
   11         27     42      4     54     39     16     29      30
   12         28     47      9     53     46     38     55      39
   13         37     49     12     46     58     30     69      43
   14         77     72     27     58    115     29     60      63
   15        145    207     59    177    173     20     40     117
   16        220    287     89    257    240     29     50     167
   17        132    180     57    184    140     18     41     107
   18         82    149     49    104    124     18     47      82
   19         39     85     43     82     55      7     46      51
   20         31     50     34     62     51      7     18      36
   21         37     18     22     45     43      3     25      28
   22         15     11     12     22     11      4      6      12
   23          5      3      3      7      7      7      3       5
 
TOTALS
 
12HR 7-19    933   1288    362   1152   1120    273    431     794
16HR 6-22   1069   1474    476   1375   1301    295    525     931
18HR 6-24   1089   1488    491   1404   1319    306    534     947
24HR 0-24   1112   1504    500   1430   1346    349    549     970



 
 
 
 
*LOCATION   : ............................................................
*SITE NUMBER: 10301801
*FILE NUMBER:       28
*INTERVAL   :   15 MIN
*BATTERY    :    6.1 V
*RESTARTS   :        0
*CONFIG     :       12
*CHANNEL    :  2 OF  2
 
             MON    TUE    WED    THU    FRI    SAT    SUN    7-DAY
DATE    05/06/06     07     08     09     10     11     12   AVERAGE
 
START HOUR
 
    0          0      -      -      -      -      -      -       -
    1          3      -      -      -      -      -      -       -
    2          2      -      -      -      -      -      -       -
    3          1      -      -      -      -      -      -       -
    4          0      -      -      -      -      -      -       -
    5          7      -      -      -      -      -      -       -
    6         17      -      -      -      -      -      -       -
    7         48      -      -      -      -      -      -       -
    8         35      -      -      -      -      -      -       -
    9         28      -      -      -      -      -      -       -
   10         16      -      -      -      -      -      -       -
   11          -      -      -      -      -      -      -       -
   12          -      -      -      -      -      -      -       -
   13          -      -      -      -      -      -      -       -
   14          -      -      -      -      -      -      -       -
   15          -      -      -      -      -      -      -       -
   16          -      -      -      -      -      -      -       -
   17          -      -      -      -      -      -      -       -
   18          -      -      -      -      -      -      -       -
   19          -      -      -      -      -      -      -       -
   20          -      -      -      -      -      -      -       -
   21          -      -      -      -      -      -      -       -
   22          -      -      -      -      -      -      -       -
   23          -      -      -      -      -      -      -       -
 
TOTALS
 
12HR 7-19      -      -      -      -      -      -      -       -
16HR 6-22      -      -      -      -      -      -      -       -
18HR 6-24      -      -      -      -      -      -      -       -
24HR 0-24      -      -      -      -      -      -      -       -

 
