 
 
 
*LOCATION   : ............................................................
*SITE NUMBER: 10701836
*FILE NUMBER:       27
*INTERVAL   :   15 MIN
*BATTERY    :    6.0 V
*RESTARTS   :        0
*CONFIG     :        0
*CHANNEL    :  1 OF  1
 
             MON    TUE    WED    THU    FRI    SAT    SUN    7-DAY
DATE    05/05/02     03     04     05     06     07     08   AVERAGE
 
START HOUR
 
    0          -      4      5     10      4     14      3       -
    1          -      1      3      8      2      7      6       -
    2          -      1      0      2      0      7      4       -
    3          -      1      1      1      3     11      1       -
    4          -      2      2      4      2      3      2       -
    5          -      9      9      2      3      2      3       -
    6          -     53     27      7     25     13      6       -
    7          -    143    106      8     71      8      8       -
    8          -    191    131     21    113     23     19       -
    9          -    100     82     34     93     35     26       -
   10         63     63     51     37     71     50     30      52
   11         90     59     43     49     85     58     54      63
   12         61     51     47     58     71     66     82      62
   13         67     59     58     46     82     88     78      68
   14         85     56     64     65    109     74     76      76
   15        130     77    118     63    114     60     77      91
   16        209    143    146     62    136     72     68     119
   17        151    114    128     46    115     56     71      97
   18        104     62     88     64     88     54     58      74
   19         81     38     64     26     60     40     42      50
   20         66     35     50     35     56     40     34      45
   21         34     19     45     23     37     22     29      30
   22         19      8     16     16     19     22     10      16
   23          9     15      9      9     18     12      8      11
 
TOTALS
 
12HR 7-19      -   1118   1062    553   1148    644    647       -
16HR 6-22      -   1263   1248    644   1326    759    758       -
18HR 6-24      -   1286   1273    669   1363    793    776       -
24HR 0-24      -   1304   1293    696   1377    837    795       -



 
 
 
 
*LOCATION   : ............................................................
*SITE NUMBER: 10701836
*FILE NUMBER:       27
*INTERVAL   :   15 MIN
*BATTERY    :    6.0 V
*RESTARTS   :        0
*CONFIG     :        0
*CHANNEL    :  1 OF  1
 
             MON    TUE    WED    THU    FRI    SAT    SUN    7-DAY
DATE    05/05/09     10     11     12     13     14     15   AVERAGE
 
START HOUR
 
    0          4      3      8     10     15      5      7       7
    1          3      3      3      1      3     11      5       4
    2          2      0      1      0      1      9     14       4
    3          0      1      3      1      0      5     12       3
    4          2      6      0      3      1      6      5       3
    5         14      8      8     19     14      2      4      10
    6         46     72     57     47     54     15      5      42
    7        151    169    116    163    148     15      9     110
    8        224    242    198    211    194     23     11     158
    9        137    132    118    112    130     56     22     101
   10         83     83     68     80     74     68     34      70
   11         81     84     63     99     76     70     64      77
   12         86     93     61     88     81     86     69      81
   13         63     67     66     87     83    105     87      80
   14         98    107     81    126    134    113     66     104
   15        137    178    119    158    180     77     65     131
   16        224    224    181    245    209    108     64     179
   17        183    220    143    203    170     80     75     153
   18        142    127    130    164    103     72     61     114
   19        100     93     83     82     66     42     57      75
   20         95     65     67     96     61     36     42      66
   21         50     48     47     51     36     35     28      42
   22         26     23     26     23     14     15     16      20
   23         11      6     12     16     23     17     10      14
 
TOTALS
 
12HR 7-19   1609   1726   1344   1736   1582    873    627    1357
16HR 6-22   1900   2004   1598   2012   1799   1001    759    1582
18HR 6-24   1937   2033   1636   2051   1836   1033    785    1616
24HR 0-24   1962   2054   1659   2085   1870   1071    832    1648



 
 
 
 
*LOCATION   : ............................................................
*SITE NUMBER: 10701836
*FILE NUMBER:       27
*INTERVAL   :   15 MIN
*BATTERY    :    6.0 V
*RESTARTS   :        0
*CONFIG     :        0
*CHANNEL    :  1 OF  1
 
             MON    TUE    WED    THU    FRI    SAT    SUN    7-DAY
DATE    05/05/16     17     18     19     20     21     22   AVERAGE
 
START HOUR
 
    0          5      3      4      8     11     19     17      10
    1          1      4      2     10      7     15     15       8
    2          0      0      1      4      2      7     16       4
    3          1      1      1      3      1      5      7       3
    4          3      1      1      5      3      8      2       3
    5         11     10      4     13     13      7      4       9
    6         50     49     37     50     52     15      5      37
    7        114    114    134    163    160     20     13     103
    8        125    176    187    227    228     31     12     141
    9         54     96    112    130    133     59     30      88
   10         33     54     68     90     89     66     41      63
   11         15     76     53     61     75     54     67      57
   12         31     96     63     65     86     90     81      73
   13         32     65     54     89     91    113    108      79
   14         34     94     82     98    128    118    132      98
   15         96    141    142    156    231    120    125     144
   16        141    215    224    227    224     87    116     176
   17        112    162    179    165    164     87    126     142
   18        124    115    127    142    123     91    123     121
   19         90    119    126     91     76     56     68      89
   20         77     81     73     64     72     49     51      67
   21         26     46     61     58     53     41     36      46
   22          3     27     30     16     25     25     29      22
   23          6     13     15     21     30     22     13      17
 
TOTALS
 
12HR 7-19    911   1404   1425   1613   1732    936    974    1285
16HR 6-22   1154   1699   1722   1876   1985   1097   1134    1524
18HR 6-24   1163   1739   1767   1913   2040   1144   1176    1563
24HR 0-24   1184   1758   1780   1956   2077   1205   1237    1600



 
 
 
 
*LOCATION   : ............................................................
*SITE NUMBER: 10701836
*FILE NUMBER:       27
*INTERVAL   :   15 MIN
*BATTERY    :    6.0 V
*RESTARTS   :        0
*CONFIG     :        0
*CHANNEL    :  1 OF  1
 
             MON    TUE    WED    THU    FRI    SAT    SUN    7-DAY
DATE    05/05/23     24     25     26     27     28     29   AVERAGE
 
START HOUR
 
    0          8     12     10      8      9     23      9      11
    1          1      6      4      8      8     17      7       7
    2          4      0      3      0      6     14     16       6
    3          1      5      3      3      6     15      4       5
    4          0      1      0      5      4      8      2       3
    5         16     14     19     12      8      5      4      11
    6         58     72     66     59     26     10      2      42
    7        168    236    214    158    101     19     18     131
    8        241    275    285    245    164     29     13     179
    9        138    172    163    157    100     63     20     116
   10         65    104     94     94     70     84     40      79
   11         70    106    110     93     75     96     80      90
   12         71    113    119     86     77    177     80     103
   13         88    107    106     84    103    239    150     125
   14        108    125    128    100    104    189    209     138
   15        176    239    210    189    161    206    142     189
   16        289    342    290    251    209    164    127     239
   17        247    242    242    179    140    173    157     197
   18        181    221    187    132    108    150    133     159
   19        133    188    145    106     81    137     70     123
   20        124    117    101     93     62    114     70      97
   21         67     74     83     61     64     38     33      60
   22         54     25     48     25     32     27     16      32
   23         24     20     17     24     26     25      8      21
 
TOTALS
 
12HR 7-19   1842   2282   2148   1768   1412   1589   1169    1744
16HR 6-22   2224   2733   2543   2087   1645   1888   1344    2066
18HR 6-24   2302   2778   2608   2136   1703   1940   1368    2119
24HR 0-24   2332   2816   2647   2172   1744   2022   1410    2163



 
 
 
 
*LOCATION   : ............................................................
*SITE NUMBER: 10701836
*FILE NUMBER:       27
*INTERVAL   :   15 MIN
*BATTERY    :    6.0 V
*RESTARTS   :        0
*CONFIG     :        0
*CHANNEL    :  1 OF  1
 
             MON    TUE    WED    THU    FRI    SAT    SUN    7-DAY
DATE    05/05/30     31     01     02     03     04     05   AVERAGE
 
START HOUR
 
    0          3      4      4      8     14     18      8       8
    1          1      3      1      7      5      6      5       4
    2          3      2      0      2      3     11      5       4
    3          3      2      1      4      2      8      9       4
    4          2      1      0      2      1      2      2       1
    5         11     15      6     11      7      2      1       8
    6         40     65     17     57     58     10      8      36
    7        143    192     76    165    167     14      5     109
    8        264    276     97    244    237     22     13     165
    9        125    132     59    132    142     35     27      93
   10         64     84     33     74     72     53     27      58
   11         77     96     34     82     91     37     48      66
   12         66    105     34    101     88     46     70      73
   13         74     80     26     83    115     59     82      74
   14         91    108     39    102    104     81     71      85
   15        170    193     69    196    196     89     71     141
   16        222    272    115    249    253     94     70     182
   17        144    230     81    209    187     50     64     138
   18         85    183     61    128    152     51     66     104
   19         66    121     62     93     93     16     40      70
   20         48     72     49     86     79     13     33      54
   21         30     42     31     59     50      8     20      34
   22         16     22     40     19     28     15      7      21
   23          9     15      8     16     33      8      8      14
 
TOTALS
 
12HR 7-19   1525   1951    724   1765   1804    631    614    1288
16HR 6-22   1709   2251    883   2060   2084    678    715    1483
18HR 6-24   1734   2288    931   2095   2145    701    730    1518
24HR 0-24   1757   2315    943   2129   2177    748    760    1547



 
 
 
 
*LOCATION   : ............................................................
*SITE NUMBER: 10701836
*FILE NUMBER:       27
*INTERVAL   :   15 MIN
*BATTERY    :    6.0 V
*RESTARTS   :        0
*CONFIG     :        0
*CHANNEL    :  1 OF  1
 
             MON    TUE    WED    THU    FRI    SAT    SUN    7-DAY
DATE    05/06/06     07     08     09     10     11     12   AVERAGE
 
START HOUR
 
    0          4      -      -      -      -      -      -       -
    1          1      -      -      -      -      -      -       -
    2          1      -      -      -      -      -      -       -
    3          1      -      -      -      -      -      -       -
    4          3      -      -      -      -      -      -       -
    5         12      -      -      -      -      -      -       -
    6         30      -      -      -      -      -      -       -
    7        137      -      -      -      -      -      -       -
    8        196      -      -      -      -      -      -       -
    9        111      -      -      -      -      -      -       -
   10         62      -      -      -      -      -      -       -
   11          -      -      -      -      -      -      -       -
   12          -      -      -      -      -      -      -       -
   13          -      -      -      -      -      -      -       -
   14          -      -      -      -      -      -      -       -
   15          -      -      -      -      -      -      -       -
   16          -      -      -      -      -      -      -       -
   17          -      -      -      -      -      -      -       -
   18          -      -      -      -      -      -      -       -
   19          -      -      -      -      -      -      -       -
   20          -      -      -      -      -      -      -       -
   21          -      -      -      -      -      -      -       -
   22          -      -      -      -      -      -      -       -
   23          -      -      -      -      -      -      -       -
 
TOTALS
 
12HR 7-19      -      -      -      -      -      -      -       -
16HR 6-22      -      -      -      -      -      -      -       -
18HR 6-24      -      -      -      -      -      -      -       -
24HR 0-24      -      -      -      -      -      -      -       -

 
