 
 
 
*LOCATION   : ............................................................
*SITE NUMBER: 11501828
*FILE NUMBER:        1
*INTERVAL   :   15 MIN
*BATTERY    :    5.9 V
*RESTARTS   :        0
*CONFIG     :        0
*CHANNEL    :  1 OF  1
 
             MON    TUE    WED    THU    FRI    SAT    SUN    7-DAY
DATE    05/05/02     03     04     05     06     07     08   AVERAGE
 
START HOUR
 
    0          -      5      3     19     10     19      7       -
    1          -      2      0      5      3     12     13       -
    2          -      0      1      5      3      6      4       -
    3          -      0      0      7      1      3      9       -
    4          -      0      0      3      1      1      2       -
    5          -     11     11      1      6      4      5       -
    6          -     31     30      2     25      1      4       -
    7          -    105     53      4     70      7      8       -
    8          -    162    130      8    104     14      9       -
    9        105    101     98     20     97     30     31      69
   10         62     64     53     34     72     49     39      53
   11         76     46     34     40     69     59     44      53
   12         80     59     59     28     81     65     49      60
   13         67     52     64     47     78     67     85      66
   14         79     56     68     44     92     76     74      70
   15        123     87    113     50    114     58     64      87
   16        184    110    139     50    126     43     48     100
   17        148    101    128     37     92     41     68      88
   18         92     60     79     41     60     29     34      56
   19         60     37     64     35     61     32     41      47
   20         74     26     44     22     48     26     28      38
   21         37     20     36     18     30     23     25      27
   22         16     10     10     19     16     16     11      14
   23          6      6     10     14     15     16     10      11
 
TOTALS
 
12HR 7-19      -   1003   1018    403   1055    538    553       -
16HR 6-22      -   1117   1192    480   1219    620    651       -
18HR 6-24      -   1133   1212    513   1250    652    672       -
24HR 0-24      -   1151   1227    553   1274    697    712       -
 
 
 
 
*LOCATION   : ............................................................
*SITE NUMBER: 11501828
*FILE NUMBER:        1
*INTERVAL   :   15 MIN
*BATTERY    :    5.9 V
*RESTARTS   :        0
*CONFIG     :        0
*CHANNEL    :  1 OF  1
 
             MON    TUE    WED    THU    FRI    SAT    SUN    7-DAY
DATE    05/05/09     10     11     12     13     14     15   AVERAGE
 
START HOUR
 
    0          2     10      7      8     14     11     15      10
    1          6      4      2      9      9     16      9       8
    2          1      2      0      3      2      8     17       5
    3          1      3      4      2      6      4      3       3
    4          0      2      0      4      4      8      4       3
    5          7     11      8     10     11      9      5       9
    6         45     47     34     48     41     14      7      34
    7        122    136     97    119    110      7     10      86
    8        192    210    168    171    184     32     15     139
    9        129    145     96    137    139     42     27     102
   10         76     95     60     75     86     71     27      70
   11         86     90     83     89     99     78     56      83
   12         78     98     73    110     94     81     57      84
   13         72     93     72     95     91    105     63      84
   14         73    105     71    105    129    107     54      92
   15        124    151    118    144    167     97     52     122
   16        193    205    171    204    191     81     57     157
   17        195    204    164    170    140     68     50     142
   18        133    136    113    124    112     64     46     104
   19        117     97     81     87     50     46     60      77
   20         68     54     64     87     43     34     65      59
   21         41     36     50     53     34     20     33      38
   22         31     32     36     35     16     25     14      27
   23         19     17     26     14     15     12      6      16
 
TOTALS
 
12HR 7-19   1473   1668   1286   1543   1542    833    514    1266
16HR 6-22   1744   1902   1515   1818   1710    947    679    1474
18HR 6-24   1794   1951   1577   1867   1741    984    699    1516
24HR 0-24   1811   1983   1598   1903   1787   1040    752    1553
 
 
 
 
*LOCATION   : ............................................................
*SITE NUMBER: 11501828
*FILE NUMBER:        1
*INTERVAL   :   15 MIN
*BATTERY    :    5.9 V
*RESTARTS   :        0
*CONFIG     :        0
*CHANNEL    :  1 OF  1
 
             MON    TUE    WED    THU    FRI    SAT    SUN    7-DAY
DATE    05/05/16     17     18     19     20     21     22   AVERAGE
 
START HOUR
 
    0          5      0      6     11     11     11     13       8
    1          2      2      2      5      8      8      8       5
    2          1      2      1      5      4      6     11       4
    3          1      1      0      2      1      9      8       3
    4          0      1      0      2      3      5      9       3
    5         12     11     11     10     11      7      2       9
    6         43     34     27     39     44     12     13      30
    7        101     98     91    109     95     12      8      73
    8        114    146    163    208    193     24     13     123
    9         70     87    126    111    133     51     23      86
   10         33     52     67     86     83     69     42      62
   11         32     63     59     66    101     71     65      65
   12         34     89     70     80     84    106     83      78
   13         26     57     61     80    115    112    107      80
   14         39     87     60     92    110    114    127      90
   15         71    107    107    133    170    104     91     112
   16        124    178    183    198    211    102     95     156
   17        111    141    155    178    133     62    111     127
   18         93     96    132    104     98     60    107      99
   19         79     79     96     80     65     50     66      74
   20         51     82     58     56     69     38     74      61
   21         14     42     38     43     45     26     40      35
   22          7     20     27     27     25     18     22      21
   23          8     15     24     12     18     18     15      16
 
TOTALS
 
12HR 7-19    848   1201   1274   1445   1526    887    872    1150
16HR 6-22   1035   1438   1493   1663   1749   1013   1065    1351
18HR 6-24   1050   1473   1544   1702   1792   1049   1102    1387
24HR 0-24   1071   1490   1564   1737   1830   1095   1153    1420
 
 
 
 
*LOCATION   : ............................................................
*SITE NUMBER: 11501828
*FILE NUMBER:        1
*INTERVAL   :   15 MIN
*BATTERY    :    5.9 V
*RESTARTS   :        0
*CONFIG     :        0
*CHANNEL    :  1 OF  1
 
             MON    TUE    WED    THU    FRI    SAT    SUN    7-DAY
DATE    05/05/23     24     25     26     27     28     29   AVERAGE
 
START HOUR
 
    0         10      9     12     13     10     12     25      13
    1          5      6      8     17      8     18      7      10
    2          0      1      1      5      4      8     15       5
    3          2      2      2      4      4     11      7       5
    4          1      3      3      5      3      4      9       4
    5         11     11      9     10     13      9      6      10
    6         48     52     51     48     34      7      5      35
    7        122    165    170    132     70     11      6      97
    8        216    259    263    215    170     26     12     166
    9        127    166    162    141     91     56     13     108
   10         86    122    111    119     93     93     30      93
   11         74    130    112    121     87    104     51      97
   12         90    124    130     95    100    118     48     101
   13         99    111    110    135    106    137     63     109
   14        108    137    133    109    117    125     56     112
   15        161    837    201    168    131     97     51     235
   16        252    947    275    232    177     85     49     288
   17        191    752    232    163    127     74     56     228
   18        172    562    187    129     94     68     53     181
   19        148    149    160     99     92     60     59     110
   20        104     92     87     73     51     46     44      71
   21         68     70     70     48     42     23     30      50
   22         42     37     48     33     36     20     17      33
   23         16     26     23     24     15     24      9      20
 
TOTALS
 
12HR 7-19   1698   4312   2086   1759   1363    994    488    1814
16HR 6-22   2066   4675   2454   2027   1582   1130    626    2080
18HR 6-24   2124   4738   2525   2084   1633   1174    652    2133
24HR 0-24   2153   4770   2560   2138   1675   1236    721    2179
 
 
 
 
*LOCATION   : ............................................................
*SITE NUMBER: 11501828
*FILE NUMBER:        1
*INTERVAL   :   15 MIN
*BATTERY    :    5.9 V
*RESTARTS   :        0
*CONFIG     :        0
*CHANNEL    :  1 OF  1
 
             MON    TUE    WED    THU    FRI    SAT    SUN    7-DAY
DATE    05/05/30     31     01     02     03     04     05   AVERAGE
 
START HOUR
 
    0          2     15      4     13     19      -      -       -
    1          2      2      0      9      8      -      -       -
    2          0      2      1      2      7      -      -       -
    3          1      1      0      3      3      -      -       -
    4          1      2      0      2      5      -      -       -
    5         18     11      6      9     12      -      -       -
    6         44     48     15     52     44      -      -       -
    7        107    150     44    134    116      -      -       -
    8        211    232    104    248    228      -      -       -
    9        147    145     81    157      -      -      -       -
   10         95    113     43     89      -      -      -       -
   11         85    108     49    115      -      -      -       -
   12         88    101     38    126      -      -      -       -
   13         65     84     46    135      -      -      -       -
   14         78    129     47    109      -      -      -       -
   15        136    179     72    165      -      -      -       -
   16        235    269    101    240      -      -      -       -
   17        115    210     89    206      -      -      -       -
   18         72    149     69    124      -      -      -       -
   19         60    105     62     89      -      -      -       -
   20         40     59     49     67      -      -      -       -
   21         38     28     31     53      -      -      -       -
   22         21     18     21     28      -      -      -       -
   23          6     14     16     27      -      -      -       -
 
TOTALS
 
12HR 7-19   1434   1869    783   1848      -      -      -       -
16HR 6-22   1616   2109    940   2109      -      -      -       -
18HR 6-24   1643   2141    977   2164      -      -      -       -
24HR 0-24   1667   2174    988   2202      -      -      -       -
 
