 
 
 
*LOCATION   : ............................................................
*SITE NUMBER: 11501828
*FILE NUMBER:        1
*INTERVAL   :   15 MIN
*BATTERY    :    6.4 V
*RESTARTS   :        0
*CONFIG     :        0
*CHANNEL    :  1 OF  1
 
             THU    FRI    SAT    SUN    MON    TUE    WED    7-DAY
DATE    07/05/03     04     05     06     07     08     09   AVERAGE
 
START HOUR
 
    0          -      3      8     10      8      7      8       -
    1          -      3      6      7      1      3      7       -
    2          -      0      6      5      2      4      3       -
    3          -      2      8     12      5      1      1       -
    4          -      3      3      2      1      0      1       -
    5          -      6     10      3     12      9     10       -
    6          -     26      6      2     46     32     36       -
    7          -     82     10      4    131    120    126       -
    8          -    134     19     16    219    174    168       -
    9          -     89     45     12    128    127    118       -
   10         81     70     51     34     88     60     61      64
   11         73     49     68     52     92     72     73      68
   12         57     79     92     52     94     60     69      72
   13         80     50     87     68     97     62     69      73
   14         65     76     98     78    116     70     89      85
   15         93     96     87     56    152    141    137     109
   16        140    121     73     44    207    195    179     137
   17         88     91     62     59    198    181    179     123
   18         71     55     41     57    125    119    139      87
   19         49     36     36     48     85     94     99      64
   20         40     40     21     31     75     67     70      49
   21         33     28     15     31     39     52     46      35
   22         12     28     19     22     16     27     31      22
   23          7     19     16      7      3     12     12      11
 
TOTALS
 
12HR 7-19      -    992    733    532   1647   1381   1407       -
16HR 6-22      -   1122    811    644   1892   1626   1658       -
18HR 6-24      -   1169    846    673   1911   1665   1701       -
24HR 0-24      -   1186    887    712   1940   1689   1731       -
 
 
 
 
*LOCATION   : ............................................................
*SITE NUMBER: 11501828
*FILE NUMBER:        1
*INTERVAL   :   15 MIN
*BATTERY    :    6.4 V
*RESTARTS   :        0
*CONFIG     :        0
*CHANNEL    :  1 OF  1
 
             THU    FRI    SAT    SUN    MON    TUE    WED    7-DAY
DATE    07/05/10     11     12     13     14     15     16   AVERAGE
 
START HOUR
 
    0          5     17     20     20      4      4      5      11
    1          2      9     17     41      4      6      4      12
    2          5      5     10     10      3      0      1       5
    3          3      8     11     15      1      3      3       6
    4          2      3      3      9      4      0      0       3
    5         14      9      5      5     12     13     16      11
    6         38     33      7      5     41     42     43      30
    7        126    100     15      4    111     92    112      80
    8        182    169     23     12    197    147    210     134
    9        144    122     58     17    141    108    138     104
   10         79     66     60     36     61     45     80      61
   11         76     79     77     39     82     40     84      68
   12         89     97     98     65     86     37     86      80
   13         79     98    149     68     81     51    104      90
   14         93    101    127     65    100     59     80      89
   15        137    150    104     65    140     95    180     124
   16        195    209     78     72    204    134    218     159
   17        201    147     94     50    174    137    178     140
   18        152    145     86     71    109    111    118     113
   19         95     83     73     41     78     78     77      75
   20         61     98     50     32     46     58     54      57
   21         45     60     62     39     37     47     56      49
   22         38     54     37     26     13     25     39      33
   23         17     23     29     11     16      8     18      17
 
TOTALS
 
12HR 7-19   1553   1483    969    564   1486   1056   1588    1243
16HR 6-22   1792   1757   1161    681   1688   1281   1818    1454
18HR 6-24   1847   1834   1227    718   1717   1314   1875    1505
24HR 0-24   1878   1885   1293    818   1745   1340   1904    1552
 
 
 
 
*LOCATION   : ............................................................
*SITE NUMBER: 11501828
*FILE NUMBER:        1
*INTERVAL   :   15 MIN
*BATTERY    :    6.4 V
*RESTARTS   :        0
*CONFIG     :        0
*CHANNEL    :  1 OF  1
 
             THU    FRI    SAT    SUN    MON    TUE    WED    7-DAY
DATE    07/05/17     18     19     20     21     22     23   AVERAGE
 
START HOUR
 
    0         24      6     26     22     15      7     10      16
    1         18      9     23     15      3      7      3      11
    2         13      2     14     15      2      2      1       7
    3          8      5      9     17      1      2      2       6
    4          3      2      8      7      2      1      2       4
    5          7     12      4      4     11     13     15       9
    6         12     30     13      3     53     39     61      30
    7         11     96     11      4    150     54    137      66
    8         23    151     36     28    261    106    225     119
    9         27    126     54     34    148     94    161      92
   10         51     83     72     42     87     73     87      71
   11         55    104     96     55     87     58    100      79
   12         63     90    101     73     85     52    103      81
   13         72    122    116    118     99     56     94      97
   14         71    110    148    109    102     81    110     104
   15         60    163    100    111    198    124    165     132
   16         79    208     86     76   1673    144    209     354
   17         72    138     64     85    324    139    203     146
   18         73    116     49     65    173    102    153     104
   19         68     75     56     54    155     65    126      86
   20         52     53     44     48     83     57    121      65
   21         36     43     34     32     77     38     62      46
   22         28     36     37     24     29     24     40      31
   23         20     24     30     12     12     18     20      19
 
TOTALS
 
12HR 7-19    657   1507    933    800   3387   1083   1747    1445
16HR 6-22    825   1708   1080    937   3755   1282   2117    1672
18HR 6-24    873   1768   1147    973   3796   1324   2177    1723
24HR 0-24    946   1804   1231   1053   3830   1356   2210    1776
 
 
 
 
*LOCATION   : ............................................................
*SITE NUMBER: 11501828
*FILE NUMBER:        1
*INTERVAL   :   15 MIN
*BATTERY    :    6.4 V
*RESTARTS   :        0
*CONFIG     :        0
*CHANNEL    :  1 OF  1
 
             THU    FRI    SAT    SUN    MON    TUE    WED    7-DAY
DATE    07/05/24     25     26     27     28     29     30   AVERAGE
 
START HOUR
 
    0         15     14     23     26      6     11     17      16
    1          8      9     11     12      4      9      6       8
    2          7      4     13     12      2      1      6       6
    3          2      1      5     14      0      5      2       4
    4          2      8      9      6      0      4      8       5
    5         13     11      6      5     14     22     17      13
    6         50     40      5      3     46     54     49      35
    7        142    122     11      7     95    137    133      92
    8        215    182      6     13    163    238    234     150
    9        157    120     24     21    119    153    149     106
   10         80     91     45     42     77    389     68     113
   11         92     71     21     85     74    122     45      73
   12         91     79     32    117     83    101     50      79
   13         79     84     28    121     80    133     61      84
   14        103     89     37    135    113    133     91     100
   15        185    131     46    137    347    197    116     166
   16        225    175     63    127    243    254    214     186
   17        204    135     51    107    180    255    183     159
   18        138    105     44     97    170    180    122     122
   19         97     78     31     80    833    163     98     197
   20         82     57     41     59    572    143     53     144
   21         58     45     36     39     59    277     41      79
   22         35     28     20     23     37     55     19      31
   23         16     22     18      8     13     21     23      17
 
TOTALS
 
12HR 7-19   1711   1384    408   1009   1744   2292   1466    1431
16HR 6-22   1998   1604    521   1190   3254   2929   1707    1886
18HR 6-24   2049   1654    559   1221   3304   3005   1749    1934
24HR 0-24   2096   1701    626   1296   3330   3057   1805    1987
 
 
 
 
*LOCATION   : ............................................................
*SITE NUMBER: 11501828
*FILE NUMBER:        1
*INTERVAL   :   15 MIN
*BATTERY    :    6.4 V
*RESTARTS   :        0
*CONFIG     :        0
*CHANNEL    :  1 OF  1
 
             THU    FRI    SAT    SUN    MON    TUE    WED    7-DAY
DATE    07/05/31     01     02     03     04     05     06   AVERAGE
 
START HOUR
 
    0          6     21      -      -      -      -      -       -
    1         10     16      -      -      -      -      -       -
    2          6     14      -      -      -      -      -       -
    3          3      5      -      -      -      -      -       -
    4          0      7      -      -      -      -      -       -
    5         15     19      -      -      -      -      -       -
    6         39     45      -      -      -      -      -       -
    7        116    159      -      -      -      -      -       -
    8        175    223      -      -      -      -      -       -
    9        128      -      -      -      -      -      -       -
   10         91      -      -      -      -      -      -       -
   11         87      -      -      -      -      -      -       -
   12         97      -      -      -      -      -      -       -
   13         72      -      -      -      -      -      -       -
   14        107      -      -      -      -      -      -       -
   15        143      -      -      -      -      -      -       -
   16        241      -      -      -      -      -      -       -
   17        174      -      -      -      -      -      -       -
   18        134      -      -      -      -      -      -       -
   19         85      -      -      -      -      -      -       -
   20         45      -      -      -      -      -      -       -
   21         39      -      -      -      -      -      -       -
   22         38      -      -      -      -      -      -       -
   23         17      -      -      -      -      -      -       -
 
TOTALS
 
12HR 7-19   1565      -      -      -      -      -      -       -
16HR 6-22   1773      -      -      -      -      -      -       -
18HR 6-24   1828      -      -      -      -      -      -       -
24HR 0-24   1868      -      -      -      -      -      -       -
 
