 
 
 
*LOCATION   : ............................................................
*SITE NUMBER: 11601801
*FILE NUMBER:        2
*INTERVAL   :   15 MIN
*BATTERY    :    6.4 V
*RESTARTS   :        0
*CONFIG     :        0
*CHANNEL    :  1 OF  1
 
             THU    FRI    SAT    SUN    MON    TUE    WED    7-DAY
DATE    07/05/03     04     05     06     07     08     09   AVERAGE
 
START HOUR
 
    0          -      6      1      0      1      2      3       -
    1          -      2      1      1      0      0      2       -
    2          -      1      2      3      0      4      1       -
    3          -      0      1      1      0      0      0       -
    4          -      3      1      2      1      2      2       -
    5          -     12      2      3     22     19     18       -
    6          -     26      7      8     46     47     45       -
    7          -     62      9     12    100     96     87       -
    8          -     58     23      4     85     71     58       -
    9          -     38     29     17     73     46     47       -
   10          -     33     76     19     64     47     53       -
   11          -     41     83     37     68     42     55       -
   12          -     51     84     76     75     47     64       -
   13          -     56     81     76     73     42     46       -
   14          -     71     75     55     90     71    100       -
   15         77     97     72     60    127    105     95      90
   16         84     86     62     60    146    132    111      97
   17         70     49     57     61    107     87     85      74
   18         44     53     31     46     84     78     84      60
   19         47     40     20     44     84     67     66      53
   20         35     32      8     18     35     41     43      30
   21          5     24     13     11     23     28     21      18
   22          4      5      8      8     11      8     12       8
   23          0      4      2      1      1      3      1       2
 
TOTALS
 
12HR 7-19      -    695    682    523   1092    864    885       -
16HR 6-22      -    817    730    604   1280   1047   1060       -
18HR 6-24      -    826    740    613   1292   1058   1073       -
24HR 0-24      -    850    748    623   1316   1085   1099       -
 
 
 
 
*LOCATION   : ............................................................
*SITE NUMBER: 11601801
*FILE NUMBER:        2
*INTERVAL   :   15 MIN
*BATTERY    :    6.4 V
*RESTARTS   :        0
*CONFIG     :        0
*CHANNEL    :  1 OF  1
 
             THU    FRI    SAT    SUN    MON    TUE    WED    7-DAY
DATE    07/05/10     11     12     13     14     15     16   AVERAGE
 
START HOUR
 
    0          1      2      8      2      3      1      1       3
    1          2      1      1      4      0      0      0       1
    2          1      1      2      4      1      0      1       1
    3          0      1      0      1      0      1      1       1
    4          1      1      2      0      2      2      2       1
    5         18     10      2      1     13     13     15      10
    6         41     36      9      3     42     26     43      29
    7         99     80     17      7     85     60     96      63
    8         88     77     28     10     77     51     82      59
    9         72     56     57     16     67     41     60      53
   10         43     58     84     29     70     23     84      56
   11         74     59     87     36     62     14     73      58
   12         71     69     91     69     85     17     87      70
   13         52     90     93     44     70     46     74      67
   14         81     94     87     76     76     54     97      81
   15        113     98     65     49    114     80    112      90
   16         97     87     66     40    113     84    123      87
   17        106     70     74     40    109     82    127      87
   18         70     76     44     39     70     67     90      65
   19         52     55     16     26     45     76     88      51
   20         46     41     20     20     36     48     51      37
   21         13     22     15     10     12     22     22      17
   22         10     14      6     18     12     11     11      12
   23          1      5      2      4      3      2      7       3
 
TOTALS
 
12HR 7-19    966    914    793    455    998    619   1105     836
16HR 6-22   1118   1068    853    514   1133    791   1309     969
18HR 6-24   1129   1087    861    536   1148    804   1327     985
24HR 0-24   1152   1103    876    548   1167    821   1347    1002
 
 
 
 
*LOCATION   : ............................................................
*SITE NUMBER: 11601801
*FILE NUMBER:        2
*INTERVAL   :   15 MIN
*BATTERY    :    6.4 V
*RESTARTS   :        0
*CONFIG     :        0
*CHANNEL    :  1 OF  1
 
             THU    FRI    SAT    SUN    MON    TUE    WED    7-DAY
DATE    07/05/17     18     19     20     21     22     23   AVERAGE
 
START HOUR
 
    0          4      0      3      1      0      2      6       2
    1          5      0      5      5      0      3      0       3
    2          2      1      4      1      1      4      2       2
    3          1      0      0      2      0      0      0       0
    4          1      3      1      1      2      3      2       2
    5          4     12      5      2     17     14     16      10
    6          5     33      8     10     68     34     57      31
    7          9     64     14      7    112     57    113      54
    8         18     67     32      5     91     42     82      48
    9         13     64     47     19     71     38     64      45
   10         38     79     84     26     61     47     50      55
   11         48     69     96     47     77     47     63      64
   12         62     86    120    105     86     42     42      78
   13         64     97    114    137     75     52     86      89
   14         68    114     84     97    109     52     82      87
   15         55    124    102     93    116     78    108      97
   16         39    130     98     94    155     89    147     107
   17         45     90     76     78    126     85    114      88
   18         54     98     48     73    108     79    112      82
   19         45     69     21     59     91     57     87      61
   20         28     48     21     38     60     52     61      44
   21         20     18      8     22     31     17     32      21
   22         14      8     10      6     14     15     11      11
   23          2      7      4      2      1      3      8       4
 
TOTALS
 
12HR 7-19    513   1082    915    781   1187    708   1063     893
16HR 6-22    611   1250    973    910   1437    868   1300    1050
18HR 6-24    627   1265    987    918   1452    886   1319    1065
24HR 0-24    644   1281   1005    930   1472    912   1345    1084
 
 
 
 
*LOCATION   : ............................................................
*SITE NUMBER: 11601801
*FILE NUMBER:        2
*INTERVAL   :   15 MIN
*BATTERY    :    6.4 V
*RESTARTS   :        0
*CONFIG     :        0
*CHANNEL    :  1 OF  1
 
             THU    FRI    SAT    SUN    MON    TUE    WED    7-DAY
DATE    07/05/24     25     26     27     28     29     30   AVERAGE
 
START HOUR
 
    0          1      3      6      0      2      2      2       2
    1          2      4      3      5      0      1      1       2
    2          3      1      2      1      1      3      1       2
    3          1      0      0      0      0      1      1       0
    4          2      3      0      0      3      6      3       2
    5         21     14      6      3     15     13     12      12
    6         61     43      2      8     40     61     53      38
    7        119     75      6      9     84    112    100      72
    8        108     83     19     11     64     84     85      65
    9         59     45     36     19     58     57     45      46
   10         53     52     46     28     66     66     62      53
   11         74     54     58     42     83     75     49      62
   12         45     63     34     70     73     76     66      61
   13         51     71     26     95     74    105     48      67
   14         74     96     45     69     84     79     75      75
   15         88    120     55     78    106    122     98      95
   16        134    100     63     86    124    143     99     107
   17         99     77     61     78    106    136    100      94
   18        100     74     25     62     95    121     62      77
   19         68     57     22     46    100    136     64      70
   20         47     38     19     34     67     80     33      45
   21         35     26     18     32     27     42     16      28
   22         15     17     13      8      7     14      9      12
   23          3      9      7      2      9      4      2       5
 
TOTALS
 
12HR 7-19   1004    910    474    647   1017   1176    889     874
16HR 6-22   1215   1074    535    767   1251   1495   1055    1056
18HR 6-24   1233   1100    555    777   1267   1513   1066    1073
24HR 0-24   1263   1125    572    786   1288   1539   1086    1094
 
 
 
 
*LOCATION   : ............................................................
*SITE NUMBER: 11601801
*FILE NUMBER:        2
*INTERVAL   :   15 MIN
*BATTERY    :    6.4 V
*RESTARTS   :        0
*CONFIG     :        0
*CHANNEL    :  1 OF  1
 
             THU    FRI    SAT    SUN    MON    TUE    WED    7-DAY
DATE    07/05/31     01     02     03     04     05     06   AVERAGE
 
START HOUR
 
    0          1      5      3      2      2      -      -       -
    1          2      1      1      5      0      -      -       -
    2          0      2      3      4      2      -      -       -
    3          2      0      3      2      0      -      -       -
    4          2      3      2      4      3      -      -       -
    5         16     14      0      2     23      -      -       -
    6         41     51     13     10     61      -      -       -
    7         88    104     16     10    142      -      -       -
    8         70     86     43      8      -      -      -       -
    9         51     56     64     26      -      -      -       -
   10         46     61     95     29      -      -      -       -
   11         49     74    105     62      -      -      -       -
   12         79     89     88    105      -      -      -       -
   13         86     77    110     88      -      -      -       -
   14         69    109     84     91      -      -      -       -
   15         91    124     73    117      -      -      -       -
   16        119    152     96    100      -      -      -       -
   17        100    100     77    100      -      -      -       -
   18         79     94     45     93      -      -      -       -
   19         72     88     27     83      -      -      -       -
   20         54     67     23     64      -      -      -       -
   21         18     41     26     40      -      -      -       -
   22         11     11     10     11      -      -      -       -
   23          4      6     14      6      -      -      -       -
 
TOTALS
 
12HR 7-19    927   1126    896    829      -      -      -       -
16HR 6-22   1112   1373    985   1026      -      -      -       -
18HR 6-24   1127   1390   1009   1043      -      -      -       -
24HR 0-24   1150   1415   1021   1062      -      -      -       -
 
