 
 
 
*LOCATION   : ............................................................
*SITE NUMBER: 12001803
*FILE NUMBER:        3
*INTERVAL   :   15 MIN
*BATTERY    :    6.5 V
*RESTARTS   :        0
*CONFIG     :        0
*CHANNEL    :  1 OF  1
 
             FRI    SAT    SUN    MON    TUE    WED    THU    7-DAY
DATE    07/05/04     05     06     07     08     09     10   AVERAGE
 
START HOUR
 
    0          -      1      1      0      3      1      3       -
    1          -      2      3      1      0      2      1       -
    2          -      0      0      0      1      0      0       -
    3          -      0      0      0      2      0      0       -
    4          -      1      1      1      0      0      1       -
    5          -      1      1      8      8      8      6       -
    6          -      6      3     57     52     54     58       -
    7          -     11      1    183    161    154    149       -
    8          -     14      7    190    152    151    163       -
    9          -     27     11     53     63     57     63       -
   10          -     32     34     47     29     36     42       -
   11         24     49     53     46     34     40     41      41
   12         19     54     67     54     30     35     48      44
   13         26     56     63     46     33     47     58      47
   14         52     80     71     45     41     52     58      57
   15         65     59     57    106     89     92    114      83
   16         85     49     42    182    139    152    166     116
   17         69     46     52    161    121    136    129     102
   18         41     46     48    138     77     87     98      76
   19         26     24     35     77     94     77     63      57
   20         22     15     20     49     49     52     49      37
   21         17     15      9     33     25     34     27      23
   22          9     11      1     11      7      5     11       8
   23          1      2      2      2      3      6      4       3
 
TOTALS
 
12HR 7-19      -    523    506   1251    969   1039   1129       -
16HR 6-22      -    583    573   1467   1189   1256   1326       -
18HR 6-24      -    596    576   1480   1199   1267   1341       -
24HR 0-24      -    601    582   1490   1213   1278   1352       -
 
 
 
 
*LOCATION   : ............................................................
*SITE NUMBER: 12001803
*FILE NUMBER:        3
*INTERVAL   :   15 MIN
*BATTERY    :    6.5 V
*RESTARTS   :        0
*CONFIG     :        0
*CHANNEL    :  1 OF  1
 
             FRI    SAT    SUN    MON    TUE    WED    THU    7-DAY
DATE    07/05/11     12     13     14     15     16     17   AVERAGE
 
START HOUR
 
    0          1      8      2      0      1      1      2       2
    1          3      3      8      4      2      2      3       4
    2          2      2      3      0      0      0      1       1
    3          4      0      4      0      0      0      2       1
    4          4      0      2      2      0      1      1       1
    5          5      0      2      6      7     13      4       5
    6         43      8      4     56     49     57      6      32
    7        142     13     10    170    103    165      5      87
    8        139     19     13    189    118    163     18      94
    9         54     43     20     71     54     67     33      49
   10         44     67     38     41     17     40     49      42
   11         37     76     38     37     18     40     61      44
   12         57    108     58     41     15     44    102      61
   13         46     94     64     38     20     47    106      59
   14         49     99     63     61     26     55     93      64
   15        130     45     74    113     76    110    103      93
   16        139     58     71    157     89    149     79     106
   17        113    102     49    134    104    102     66      96
   18        138     54     61     78     75     73     71      79
   19        100     41     27     56     59     58     45      55
   20         26     20     31     38     45     44     26      33
   21         29     21     15     15     30     21     14      21
   22          2      7     11      4     10     10      7       7
   23          7      4      5      2      5      1      3       4
 
TOTALS
 
12HR 7-19   1088    778    559   1130    715   1055    786     873
16HR 6-22   1286    868    636   1295    898   1235    877    1014
18HR 6-24   1295    879    652   1301    913   1246    887    1025
24HR 0-24   1314    892    673   1313    923   1263    900    1040
 
 
 
 
*LOCATION   : ............................................................
*SITE NUMBER: 12001803
*FILE NUMBER:        3
*INTERVAL   :   15 MIN
*BATTERY    :    6.5 V
*RESTARTS   :        0
*CONFIG     :        0
*CHANNEL    :  1 OF  1
 
             FRI    SAT    SUN    MON    TUE    WED    THU    7-DAY
DATE    07/05/18     19     20     21     22     23     24   AVERAGE
 
START HOUR
 
    0          4      5      3      1      2      1      4       3
    1          2      0      2      2      2      2      3       2
    2          0      3      1      0      0      0      0       1
    3          0      0      2      0      0      0      0       0
    4          2      1      2      0      0      0      2       1
    5          6      0      1     12      5      8      9       6
    6         33     12      6     65     39     60     57      39
    7        107     13     14    231     93    175    192     118
    8        115     17     24    199     84    190    191     117
    9         51     39     33     74     50     62     83      56
   10         49     51     47     60     24     45     51      47
   11         36     68    100     43     28     51     38      52
   12         46     75     65     51     29     50     37      50
   13         62     77     97     52     35     49     50      60
   14         66     84    132     70     35     65     63      74
   15         98     55     88    121     58    133    108      94
   16        120     55    102    223    115    175    143     133
   17         85     57     89    184     80    162    147     115
   18         74     55     65    143     67    117    101      89
   19         44     40     52    100     65    107     78      69
   20         29     30     38     80     49     77     69      53
   21         22     18     31     36     25     40     29      29
   22         12      8     11     10      5     15      6      10
   23          2      3      1      3      4     12      8       5
 
TOTALS
 
12HR 7-19    909    646    856   1451    698   1274   1204    1005
16HR 6-22   1037    746    983   1732    876   1558   1437    1196
18HR 6-24   1051    757    995   1745    885   1585   1451    1210
24HR 0-24   1065    766   1006   1760    894   1596   1469    1222
 
 
 
 
*LOCATION   : ............................................................
*SITE NUMBER: 12001803
*FILE NUMBER:        3
*INTERVAL   :   15 MIN
*BATTERY    :    6.5 V
*RESTARTS   :        0
*CONFIG     :        0
*CHANNEL    :  1 OF  1
 
             FRI    SAT    SUN    MON    TUE    WED    THU    7-DAY
DATE    07/05/25     26     27     28     29     30     31   AVERAGE
 
START HOUR
 
    0          1      5      4      3      3      0      2       3
    1          3      0      0      4      1      3      0       2
    2          1      0      0      0      1      2      1       1
    3          0      1      0      1      2      1      1       1
    4          0      0      4      5      3      2      2       2
    5          8      2      3      7      7      6      9       6
    6         51      8      2     65     82     75     62      49
    7        136     16     13    126    204    178    151     118
    8        159     20     16    154    187    206    149     127
    9         62     22     25     61     87     76     66      57
   10         41     25     63     30     58     46     37      43
   11         36     22    106     35     56     26     40      46
   12         31     28    126     48     54     34     46      52
   13         52     23    103     44     57     37     35      50
   14         60     22     32     49     62     60     51      48
   15        101     26    133    100    149    102    102     102
   16        120     32    131    164    222    156    169     142
   17         94     32    111    140    190    134    127     118
   18         76     26     77    111    180     71    102      92
   19         46     20     67     82    142     62     70      70
   20         47     25     56     80     77     45     43      53
   21         23     11     26     45     57     14     29      29
   22         19      4     12     13     20      6     13      12
   23          9      5     11      4      6      7      5       7
 
TOTALS
 
12HR 7-19    968    294    936   1062   1506   1126   1075     995
16HR 6-22   1135    358   1087   1334   1864   1322   1279    1197
18HR 6-24   1163    367   1110   1351   1890   1335   1297    1216
24HR 0-24   1176    375   1121   1371   1907   1349   1312    1230
 
 
 
 
*LOCATION   : ............................................................
*SITE NUMBER: 12001803
*FILE NUMBER:        3
*INTERVAL   :   15 MIN
*BATTERY    :    6.5 V
*RESTARTS   :        0
*CONFIG     :        0
*CHANNEL    :  1 OF  1
 
             FRI    SAT    SUN    MON    TUE    WED    THU    7-DAY
DATE    07/06/01     02     03     04     05     06     07   AVERAGE
 
START HOUR
 
    0          3      -      -      -      -      -      -       -
    1          2      -      -      -      -      -      -       -
    2          0      -      -      -      -      -      -       -
    3          1      -      -      -      -      -      -       -
    4          6      -      -      -      -      -      -       -
    5         10      -      -      -      -      -      -       -
    6         69      -      -      -      -      -      -       -
    7        209      -      -      -      -      -      -       -
    8        166      -      -      -      -      -      -       -
    9         58      -      -      -      -      -      -       -
   10          -      -      -      -      -      -      -       -
   11          -      -      -      -      -      -      -       -
   12          -      -      -      -      -      -      -       -
   13          -      -      -      -      -      -      -       -
   14          -      -      -      -      -      -      -       -
   15          -      -      -      -      -      -      -       -
   16          -      -      -      -      -      -      -       -
   17          -      -      -      -      -      -      -       -
   18          -      -      -      -      -      -      -       -
   19          -      -      -      -      -      -      -       -
   20          -      -      -      -      -      -      -       -
   21          -      -      -      -      -      -      -       -
   22          -      -      -      -      -      -      -       -
   23          -      -      -      -      -      -      -       -
 
TOTALS
 
12HR 7-19      -      -      -      -      -      -      -       -
16HR 6-22      -      -      -      -      -      -      -       -
18HR 6-24      -      -      -      -      -      -      -       -
24HR 0-24      -      -      -      -      -      -      -       -
 
