 
 
 
*LOCATION   : ............................................................
*SITE NUMBER: 10801621
*FILE NUMBER:        3
*INTERVAL   :   15 MIN
*BATTERY    :    6.3 V
*RESTARTS   :        0
*CONFIG     :        0
*CHANNEL    :  1 OF  1
 
             TUE    WED    THU    FRI    SAT    SUN    MON    7-DAY
DATE    07/04/17     18     19     20     21     22     23   AVERAGE
 
START HOUR
 
    0          -      1      0      2      4      4      2       -
    1          -      1      0      1      0      3      0       -
    2          -      0      1      1      0      5      0       -
    3          -      2      1      0      0      1      2       -
    4          -     10      4      3      3      0      7       -
    5          -     29     24     15      6      4     30       -
    6          -     74     66     41      2      1     81       -
    7          -    121    104     71     11     15     78       -
    8          -     71     75     28      8     17     61       -
    9          -     46     44     22     14     50     17       -
   10          -     33     39     36     22     71     16       -
   11          -     44     47     29     20    100     29       -
   12          -     38     53     34     32    106     26       -
   13         59     56     59     54     22     85     24      51
   14         91     92     96     64     25     75     44      70
   15        146    119    104     64     29     86     67      88
   16        126    120     79     63     13     63     59      75
   17         98     80     54     40     25     76     27      57
   18         80     73     35     15     15     42     21      40
   19         66     49     25     26     12     35     17      33
   20         53     39      9     11      9     25     13      23
   21         16     15     10     13      4     13      8      11
   22          6      6      4      4      6      6      5       5
   23          5      6      1      3      8      3      2       4
 
TOTALS
 
12HR 7-19      -    893    789    520    236    786    469       -
16HR 6-22      -   1070    899    611    263    860    588       -
18HR 6-24      -   1082    904    618    277    869    595       -
24HR 0-24      -   1125    934    640    290    886    636       -
 
 
 
 
*LOCATION   : ............................................................
*SITE NUMBER: 10801621
*FILE NUMBER:        3
*INTERVAL   :   15 MIN
*BATTERY    :    6.3 V
*RESTARTS   :        0
*CONFIG     :        0
*CHANNEL    :  1 OF  1
 
             TUE    WED    THU    FRI    SAT    SUN    MON    7-DAY
DATE    07/04/24     25     26     27     28     29     30   AVERAGE
 
START HOUR
 
    0          1      5      3      4      7      8      2       4
    1          1      0      0      1      2      8      0       2
    2          1      0      2      1      4     10      0       3
    3          2      0      4      0      2      0      0       1
    4          6      8      7     10      6      2      5       6
    5         28     26     25     31      8      7     15      20
    6         87     86     64     87      9      7     43      55
    7        104    131    116    104     21      8     63      78
    8         67     75     63     78     40     14     42      54
    9         54     76     53     62     40     25     32      49
   10         41     38     46     64     50     33     41      45
   11         46     33     45     50     58     74     42      50
   12         45     48     44     68     46     56     36      49
   13         40     53     64    105     60     54     50      61
   14         81     73     85    119     38     68     63      75
   15        117     93    135    129     41     39     74      90
   16        130     86    124    111     38     37     42      81
   17         88     73     83     83     32     39     27      61
   18         83     42     72     59     42     41     20      51
   19         53     39     58     41     21     26      9      35
   20         45     26     32     38     16     23     11      27
   21         19     17     16     22     13     10     10      15
   22          4      4     18     11     12      5      6       9
   23          6      5      3     12     10      4      5       6
 
TOTALS
 
12HR 7-19    896    821    930   1032    506    488    532     744
16HR 6-22   1100    989   1100   1220    565    554    605     876
18HR 6-24   1110    998   1121   1243    587    563    616     891
24HR 0-24   1149   1037   1162   1290    616    598    638     927
 
 
 
 
*LOCATION   : ............................................................
*SITE NUMBER: 10801621
*FILE NUMBER:        3
*INTERVAL   :   15 MIN
*BATTERY    :    6.3 V
*RESTARTS   :        0
*CONFIG     :        0
*CHANNEL    :  1 OF  1
 
             TUE    WED    THU    FRI    SAT    SUN    MON    7-DAY
DATE    07/05/01     02     03     04     05     06     07   AVERAGE
 
START HOUR
 
    0          5      0      1      0      -      -      -       -
    1          5      2      1      1      -      -      -       -
    2          4      0      0      0      -      -      -       -
    3          3      0      1      1      -      -      -       -
    4          1      6      8      7      -      -      -       -
    5          9     32     35     22      -      -      -       -
    6          8     72     78     88      -      -      -       -
    7         16    113    117     91      -      -      -       -
    8         14     62     67     52      -      -      -       -
    9         28     29     37      -      -      -      -       -
   10         44     26     41      -      -      -      -       -
   11         61     18     41      -      -      -      -       -
   12         63     24     53      -      -      -      -       -
   13         49     27     48      -      -      -      -       -
   14         53     52     77      -      -      -      -       -
   15         50     95    124      -      -      -      -       -
   16         46     66     90      -      -      -      -       -
   17         34     40     61      -      -      -      -       -
   18         19     18     54      -      -      -      -       -
   19         13     19     35      -      -      -      -       -
   20          7     21     24      -      -      -      -       -
   21         16      7     12      -      -      -      -       -
   22          5      9      6      -      -      -      -       -
   23    