 
 
 
*LOCATION   : ............................................................
*SITE NUMBER: 11601401
*FILE NUMBER:        5
*INTERVAL   :   15 MIN
*BATTERY    :    6.5 V
*RESTARTS   :        0
*CONFIG     :        0
*CHANNEL    :  1 OF  1
 
             TUE    WED    THU    FRI    SAT    SUN    MON    7-DAY
DATE    07/04/03     04     05     06     07     08     09   AVERAGE
 
START HOUR
 
    0          -      0      1      0      1      0      2       -
    1          -      3      2      2      0      1      2       -
    2          -      0      1      2      4      1      3       -
    3          -      0      1      2      0      0      0       -
    4          -      0      1      1      2      1      0       -
    5          -     12      8      2      0      0      1       -
    6          -     17     15      0      4      3      1       -
    7          -     41     38      4      6      6      5       -
    8          -     45     43      4     18      2      4       -
    9          -     39     57      8     31      4      4       -
   10         33     45     67     13     41     11      9      31
   11         36     53     51     20     62     10     26      37
   12         37     43     54     16     74     25     28      40
   13         41     51     49     14     58     12     43      38
   14         42     58     52     15     42     19     39      38
   15         69     57     70     10     40     19     30      42
   16         91     78     51     13     27     12     25      42
   17         73     60     52     12     37     20     35      41
   18         58     40     40     17     14     23     36      33
   19         32     31     31     13     11     10     36      23
   20         23     20     19      5      5      9     22      15
   21         10     12      9      6      5     10     11       9
   22          4      4      3      2      3      3      1       3
   23          2      0      1      0      2      3      0       1
 
TOTALS
 
12HR 7-19      -    610    624    146    450    163    284       -
16HR 6-22      -    690    698    170    475    195    354       -
18HR 6-24      -    694    702    172    480    201    355       -
24HR 0-24      -    709    716    181    487    204    363       -
 
 
 
 
*LOCATION   : ............................................................
*SITE NUMBER: 11601401
*FILE NUMBER:        5
*INTERVAL   :   15 MIN
*BATTERY    :    6.5 V
*RESTARTS   :        0
*CONFIG     :        0
*CHANNEL    :  1 OF  1
 
             TUE    WED    THU    FRI    SAT    SUN    MON    7-DAY
DATE    07/04/10     11     12     13     14     15     16   AVERAGE
 
START HOUR
 
    0          2      3      0      0      2      3      2       2
    1          3      1      0      2      5      0      1       2
    2          2      2      1      1      1      3      1       2
    3          2      0      0      0      0      1      0       0
    4          0      2      2      3      1      1      3       2
    5         12     11     12     11      2      1     18      10
    6         17     16     31     28      5      7     33      20
    7         59     51     60     66      9      9     96      50
    8         51     37     52     53     25     11     79      44
    9         45     20     54     41     46     22     72      43
   10         55     32     52     37     62     25     52      45
   11         42     36     53     50     75     40     84      54
   12         67     57     51     61     76     44     62      60
   13         39     52     59     54     82     55     67      58
   14         62     48     49     67     91     71     84      67
   15         75     50     55    103     91     66    116      79
   16         94     76    108     89     95     54    135      93
   17         87     59     60     77     76     62    115      77
   18         62     59     69     68     42     44     81      61
   19         43     33     52     48     31     31     66      43
   20         38     31     26     26     23     24     50      31
   21         18     16     22     16      6     13     25      17
   22          6      7     10      8      5      3      7       7
   23          1      0      0      0      2      2      2       1
 
TOTALS
 
12HR 7-19    738    577    722    766    770    503   1043     731
16HR 6-22    854    673    853    884    835    578   1217     842
18HR 6-24    861    680    863    892    842    583   1226     850
24HR 0-24    882    699    878    909    853    592   1251     866
 
 
 
 
*LOCATION   : ............................................................
*SITE NUMBER: 11601401
*FILE NUMBER:        5
*INTERVAL   :   15 MIN
*BATTERY    :    6.5 V
*RESTARTS   :        0
*CONFIG     :        0
*CHANNEL    :  1 OF  1
 
             TUE    WED    THU    FRI    SAT    SUN    MON    7-DAY
DATE    07/04/17     18     19     20     21     22     23   AVERAGE
 
START HOUR
 
    0          2      0      1      2      0      1      1       1
    1          2      1      0      0      1      0      1       1
    2          2      2      1      0      2      1      2       1
    3          0      0      1      0      1      1      0       0
    4          3      3      2      4      0      3      3       3
    5         14     14     17     11      1      0     10      10
    6         36     31     24     20      4      8     34      22
    7         87     60     66     42      6      6     57      46
    8         70     60     51     40      5      4     54      41
    9         50     48     50     32     19     17     41      37
   10         67     32     32     33     25     14     21      32
   11         59     42     45     44     34     40     26      41
   12         67     42     61     57     53     49     25      51
   13         64     49     60     60     46     46     21      49
   14         79     68     58     51     55     41     40      56
   15         94     85     75     60     58     50     52      68
   16        116     76     96     53     41     44     56      69
   17         85     73     60     48     47     43     31      55
   18         63     53     31     29     19     36     35      38
   19         70     38     18     24      5     35     20      30
   20         45     32     23     20     13     19     13      24
   21         14     18      8      7      7     11      6      10
   22          7      7      5      6      6      5      3       6
   23          5      5      0      0      3      1      0       2
 
TOTALS
 
12HR 7-19    901    688    685    549    408    390    459     583
16HR 6-22   1066    807    758    620    437    463    532     669
18HR 6-24   1078    819    763    626    446    469    535     677
24HR 0-24   1101    839    785    643    451    475    552     692
 
 
 
 
*LOCATION   : ............................................................
*SITE NUMBER: 11601401
*FILE NUMBER:        5
*INTERVAL   :   15 MIN
*BATTERY    :    6.5 V
*RESTARTS   :        0
*CONFIG     :        0
*CHANNEL    :  1 OF  1
 
             TUE    WED    THU    FRI    SAT    SUN    MON    7-DAY
DATE    07/04/24     25     26     27     28     29     30   AVERAGE
 
START HOUR
 
    0          0      2      0      1      3      0      0       1
    1          0      0      1      2      3      0      0       1
    2          1      3      2      1      1      2      1       2
    3          0      4      0      0      1      1      1       1
    4          3      2      1      1      0      3      1       2
    5         14     15      9     11      2      1      9       9
    6         31     41     36     32      6      8     12      24
    7         57     61     69     68      7      5     38      44
    8         54     73     57     65     34      9     52      49
    9         40     46     57     44     45      7     50      41
   10         40     31     57     58     62     12     84      49
   11         37     34     82     50     72     19     87      54
   12         61     53     76     73     96     28     98      69
   13         55     64     79     97     82     33     95      72
   14         66     65     73     76     92     43     78      70
   15         77     77     99    112     54     17     98      76
   16        100     66    109     95     56     19     72      74
   17         70     61     95     75     53     29     67      64
   18         64     49     83     59     30     33     31      50
   19         60     21     55     62     17     26     17      37
   20         37     22     42     50     16     19      6      27
   21         17     12     18     16     10     23      5      14
   22          7      5      6     12      3      3      6       6
   23          6      4      3      7      6      1      1       4
 
TOTALS
 
12HR 7-19    721    680    936    872    683    254    850     714
16HR 6-22    866    776   1087   1032    732    330    890     816
18HR 6-24    879    785   1096   1051    741    334    897     826
24HR 0-24    897    811   1109   1067    751    341    909     841
 
 
 
 
*LOCATION   : ............................................................
*SITE NUMBER: 11601401
*FILE NUMBER:        5
*INTERVAL   :   15 MIN
*BATTERY    :    6.5 V
*RESTARTS   :        0
*CONFIG     :        0
*CHANNEL    :  1 OF  1
 
             TUE    WED    THU    FRI    SAT    SUN    MON    7-DAY
DATE    07/05/01     02     03     04     05     06     07   AVERAGE
 
START HOUR
 
    0          2      0      0      -      -      -      -       -
    1          8      0      2      -      -      -      -       -
    2          2      0      2      -      -      -      -       -
    3          0      0      2      -      -      -      -       -
    4          0      2      1      -      -      -      -       -
    5          4     15     18      -      -      -      -       -
    6          8     23     33      -      -      -      -       -
    7          3     62      -      -      -      -      -       -
    8         10     62      -      -      -      -      -       -
    9         13     50      -      -      -      -      -       -
   10         19     35      -      -      -      -      -       -
   11         30     25      -      -      -      -      -       -
   12         24     27      -      -      -      -      -       -
   13         28     38      -      -      -      -      -       -
   14         30     50      -      -      -      -      -       -
   15         33     54      -      -      -      -      -       -
   16         21     78      -      -      -      -      -       -
   17         21     56      -      -      -      -      -       -
   18         24     35      -      -      -      -      -       -
   19         17     27      -      -      -      -      -       -
   20         15     16      -      -      -      -      -       -
   21         10      9      -      -      -      -      -       -
   22          3      9      -      -      -      -      -       -
   23          1      1      -      -      -      -      -       -
 
TOTALS
 
12HR 7-19    256    572      -      -      -      -      -       -
16HR 6-22    306    647      -      -      -      -      -       -
18HR 6-24    310    657      -      -      -      -      -       -
24HR 0-24    326    674      -      -      -      -      -       -
 
