 
 
 
*LOCATION   : ............................................................
*SITE NUMBER: 11701409
*FILE NUMBER:        2
*INTERVAL   :   15 MIN
*BATTERY    :    6.5 V
*RESTARTS   :        0
*CONFIG     :       12
*CHANNEL    :  1 OF  2
 
             MON    TUE    WED    THU    FRI    SAT    SUN    7-DAY
DATE    07/04/02     03     04     05     06     07     08   AVERAGE
 
START HOUR
 
    0          -     12     10     11     11     11     13       -
    1          -      4      4     10      6      6      7       -
    2          -      0      1      3      0      5      2       -
    3          -      4      1      1      4      4      5       -
    4          -      2      3      2      1      1      6       -
    5          -     20     15     18      2      6      6       -
    6          -     56     57     50      7     13      4       -
    7          -    129    119     99     18     25     19       -
    8          -    186    155    134     22     29     21       -
    9          -    116     93     95     30     46     26       -
   10         93     93     83     66     36     54     40      66
   11         94     91     77     69     37     66     42      68
   12        101     92     84     68     50     62     49      72
   13         80     86     94     88     48     71     54      74
   14        112    101     98     79     41     61     49      77
   15        144    134    117    112     42     66     57      96
   16        189    153    145    118     34     50     50     106
   17        211    169    126     87     38     54     43     104
   18        156    114    103     75     39     39     61      84
   19        107     77     73     38     30     37     38      57
   20         93     82     51     30     28     42     42      53
   21         41     40     31     31     17     27     20      30
   22         26     24     26     18     19     17     17      21
   23         17     15     17     16     13     15     15      15
 
TOTALS
 
12HR 7-19      -   1464   1294   1090    435    623    511       -
16HR 6-22      -   1719   1506   1239    517    742    615       -
18HR 6-24      -   1758   1549   1273    549    774    647       -
24HR 0-24      -   1800   1583   1318    573    807    686       -
 
 
 
 
*LOCATION   : ............................................................
*SITE NUMBER: 11701409
*FILE NUMBER:        2
*INTERVAL   :   15 MIN
*BATTERY    :    6.5 V
*RESTARTS   :        0
*CONFIG     :       12
*CHANNEL    :  1 OF  2
 
             MON    TUE    WED    THU    FRI    SAT    SUN    7-DAY
DATE    07/04/09     10     11     12     13     14     15   AVERAGE
 
START HOUR
 
    0         10      7     13      8      7     18     25      13
    1          4      3      6      5     10     14     19       9
    2          1      0      0      2      1      4     12       3
    3          5      0      1      1      3     11      4       4
    4          2      2      4      4      5      7      4       4
    5          2     17     14     17     13      5      7      11
    6          7     62     63     70     66     18     11      42
    7         14    138    127    139    151     32     20      89
    8         23    200    167    184    220     55     31     126
    9         28    112    119    133    123     84     51      93
   10         43     92     74     87     98    120     79      85
   11         69     74     80     96     89    147    156     102
   12         68     89     74     90     83    191    179     111
   13         93     94     87    105    105    175    165     118
   14         80    105    104    114    102    174    172     122
   15         85    125    124    136    168    154    160     136
   16         80    199    160    192    199    185    155     167
   17         81    184    169    179    174    137    128     150
   18         72    133    135    145    120    123    103     119
   19         48     85     86    117     88     70     74      81
   20         41     56     59     71     79     83     75      66
   21         28     53     59     55     51     65     45      51
   22         21     20     31     32     32     34     24      28
   23         15     23     26     19     36     26     19      23
 
TOTALS
 
12HR 7-19    736   1545   1420   1600   1632   1577   1399    1416
16HR 6-22    860   1801   1687   1913   1916   1813   1604    1656
18HR 6-24    896   1844   1744   1964   1984   1873   1647    1707
24HR 0-24    920   1873   1782   2001   2023   1932   1718    1750
 
 
 
 
*LOCATION   : ............................................................
*SITE NUMBER: 11701409
*FILE NUMBER:        2
*INTERVAL   :   15 MIN
*BATTERY    :    6.5 V
*RESTARTS   :        0
*CONFIG     :       12
*CHANNEL    :  1 OF  2
 
             MON    TUE    WED    THU    FRI    SAT    SUN    7-DAY
DATE    07/04/16     17     18     19     20     21     22   AVERAGE
 
START HOUR
 
    0         12     13     20     13     11     14     17      14
    1          3      7      6      8     11     11     13       8
    2          1      2      2      1      0      4      7       2
    3          1      4      3      0      2      6      3       3
    4          3      2      3      5      4      2      9       4
    5         17     15     21     16     13      3      3      13
    6         75     75     70     71     49     17      5      52
    7        213    201    170    150    119     27     14     128
    8        263    274    238    214    166     27     30     173
    9        166    131    146    159    105     30     47     112
   10         96     69    102    108     90     43     89      85
   11         89     75     92    112     80     62    122      90
   12         87     63    105    105    104     60    143      95
   13         83     79    106    116     94     69    148      99
   14        140    135     96    123     95     78    155     117
   15        177    159    149    169    126     68    149     142
   16        254    236    210    190    155     59    116     174
   17        265    254    230    135    135     50    153     175
   18        192    185    144    129     80     52    133     131
   19        152    132    109     57     53     48     88      91
   20        126    111     88     62     52     39     67      78
   21         70     66     64     38     38     19     45      49
   22         28     29     32     31     22     20     27      27
   23         23     19     22     20     15     14     22      19
 
TOTALS
 
12HR 7-19   2025   1861   1788   1710   1349    625   1299    1522
16HR 6-22   2448   2245   2119   1938   1541    748   1504    1792
18HR 6-24   2499   2293   2173   1989   1578    782   1553    1838
24HR 0-24   2536   2336   2228   2032   1619    822   1605    1883
 
 
 
 
*LOCATION   : ............................................................
*SITE NUMBER: 11701409
*FILE NUMBER:        2
*INTERVAL   :   15 MIN
*BATTERY    :    6.5 V
*RESTARTS   :        0
*CONFIG     :       12
*CHANNEL    :  1 OF  2
 
             MON    TUE    WED    THU    FRI    SAT    SUN    7-DAY
DATE    07/04/23     24     25     26     27     28     29   AVERAGE
 
START HOUR
 
    0         10      9     12     11     13     28     13      14
    1          4      9      7      6      8     11     15       9
    2          0      2      3      3      3      8      3       3
    3          2      0      2      2      0      6      5       2
    4          3      2      0      1      6      5      5       3
    5         16     21     15     16     13      9      3      13
    6         62     64     75     67     76     18     11      53
    7        149    175    186    187    170     45     21     133
    8        197    226    242    233    212     42     27     168
    9        112    135    151    165    158     90     38     121
   10         74    114     92    110     91     87     62      90
   11         73    113     88     96    107    114     76      95
   12         55    101     84     91    129    117     89      95
   13         76    101    111    109    121    105     95     103
   14         70    134    112    107    167    107    101     114
   15         98    159    145    164    207     93     89     136
   16        134    204    180    234    219     87     72     161
   17        129    222    196    241    214     72     83     165
   18         82    142    149    189    152     62     56     119
   19         53    132     87    112    108     55     80      90
   20         46     92     67    100     85     45     60      71
   21         41     51     70     65     53     35     43      51
   22         17     31     27     36     26     29     21      27
   23         12     20     19     14     33     26     28      22
 
TOTALS
 
12HR 7-19   1249   1826   1736   1926   1947   1021    809    1502
16HR 6-22   1451   2165   2035   2270   2269   1174   1003    1767
18HR 6-24   1480   2216   2081   2320   2328   1229   1052    1815
24HR 0-24   1515   2259   2120   2359   2371   1296   1096    1859
 
 
 
 
*LOCATION   : ............................................................
*SITE NUMBER: 11701409
*FILE NUMBER:        2
*INTERVAL   :   15 MIN
*BATTERY    :    6.5 V
*RESTARTS   :        0
*CONFIG     :       12
*CHANNEL    :  1 OF  2
 
             MON    TUE    WED    THU    FRI    SAT    SUN    7-DAY
DATE    07/04/30     01     02     03     04     05     06   AVERAGE
 
START HOUR
 
    0         11     14     10     10     10      -      -       -
    1          6      9      8      4      4      -      -       -
    2          3      6      1      1      0      -      -       -
    3          0     11      1      1      7      -      -       -
    4          2     10      1      2      4      -      -       -
    5         14      7     17     21     17      -      -       -
    6         45     22     65     64     63      -      -       -
    7        119     20    158    171      -      -      -       -
    8        145     36    213    244      -      -      -       -
    9        119     44    146    159      -      -      -       -
   10         89     70     75    107      -      -      -       -
   11        100    118     76     98      -      -      -       -
   12         92    131     68    104      -      -      -       -
   13        101    129     82     86      -      -      -       -
   14        130    119     77    111      -      -      -       -
   15        141    112    116    143      -      -      -       -
   16        146    110    180    227      -      -      -       -
   17        110     84    151    208      -      -      -       -
   18         71     85    104    126      -      -      -       -
   19         55     53     71     87      -      -      -       -
   20         30     48     52     90      -      -      -       -
   21         29     36     33     53      -      -      -       -
   22         19     26     21     25      -      -      -       -
   23         20     15     14     15      -      -      -       -
 
TOTALS
 
12HR 7-19   1363   1058   1446   1784      -      -      -       -
16HR 6-22   1522   1217   1667   2078      -      -      -       -
18HR 6-24   1561   1258   1702   2118      -      -      -       -
24HR 0-24   1597   1315   1740   2157      -      -      -       -
 
 
 
 
*LOCATION   : ............................................................
*SITE NUMBER: 11701409
*FILE NUMBER:        2
*INTERVAL   :   15 MIN
*BATTERY    :    6.5 V
*RESTARTS   :        0
*CONFIG     :       12
*CHANNEL    :  2 OF  2
 
             MON    TUE    WED    THU    FRI    SAT    SUN    7-DAY
DATE    07/04/02     03     04     05     06     07     08   AVERAGE
 
START HOUR
 
    0          -      3      2      1      0      0      0       -
    1          -      1      0      1      3      2      0       -
    2          -      0      0      0      0      0      1       -
    3          -      1      0      1      1      1      1       -
    4          -      1      0      1      0      0      1       -
    5          -      1      2      1      1      1      0       -
    6          -     18     20      6      3      4      3       -
    7          -     64     46     38      3      1      4       -
    8          -     80     55     44      7      8      5       -
    9          -     43     36     20      2      5      7       -
   10         27     23     20     18      8     15     13      18
   11         23     23     27     18     10     20     16      20
   12         28     24     17     21     11     16     26      20
   13         23     17     21     16     13     20     23      19
   14         22     25     20     15     22     30     30      23
   15         40     50     22     29     21     15     22      28
   16         83     71     53     36     15     20     22      43
   17         78     73     47     25     21     14     12      39
   18         59     40     29     15     14      9     17      26
   19         56     36     17     13     11      9     21      23
   20         30     19     17     11      5      3     15      14
   21         22     13     18      6      7      2      7      11
   22         10      4     11      4      4      5      5       6
   23          1      6      3      4      1      2      0       2
 
TOTALS
 
12HR 7-19      -    533    393    295    147    173    197       -
16HR 6-22      -    619    465    331    173    191    243       -
18HR 6-24      -    629    479    339    178    198    248       -
24HR 0-24      -    636    483    344    183    202    251       -
 
 
 
 
*LOCATION   : ............................................................
*SITE NUMBER: 11701409
*FILE NUMBER:        2
*INTERVAL   :   15 MIN
*BATTERY    :    6.5 V
*RESTARTS   :        0
*CONFIG     :       12
*CHANNEL    :  2 OF  2
 
             MON    TUE    WED    THU    FRI    SAT    SUN    7-DAY
DATE    07/04/09     10     11     12     13     14     15   AVERAGE
 
START HOUR
 
    0          0      0      3      2      2      6      8       3
    1          1      0      1      2      1      2      4       2
    2          1      0      1      0      1      2      3       1
    3          1      0      0      0      2      2      4       1
    4          0      0      0      2      0      2      6       1
    5          0      4      2      3      4      3      4       3
    6          3     17     21     19     23      4      5      13
    7          1     57     50     77     75      5      5      39
    8          9     95     64     86     84     17     10      52
    9         10     42     29     41     43     22     23      30
   10         25     31     20     28     26     38     45      30
   11         30     26     15     26     23     45     51      31
   12         32     23     21     40     23     59     79      40
   13         44     34     24     22     38     56     98      45
   14         56     25     24     38     28     68     96      48
   15         39     53     50     44     62     52     78      54
   16         37     83     43     71     93     58     76      66
   17         36     79     66     76     63     43     67      61
   18         33     62     53     68     50     39     54      51
   19         26     37     37     46     31     34     46      37
   20         15     34     31     40     24     24     31      28
   21         11     21     28     24     18     15     13      19
   22          6      5     13      8     10      5     13       9
   23          3      2      0      8      4      9      2       4
 
TOTALS
 
12HR 7-19    352    610    459    617    608    502    682     547
16HR 6-22    407    719    576    746    704    579    777     644
18HR 6-24    416    726    589    762    718    593    792     657
24HR 0-24    419    730    596    771    728    610    821     668
 
 
 
 
*LOCATION   : ............................................................
*SITE NUMBER: 11701409
*FILE NUMBER:        2
*INTERVAL   :   15 MIN
*BATTERY    :    6.5 V
*RESTARTS   :        0
*CONFIG     :       12
*CHANNEL    :  2 OF  2
 
             MON    TUE    WED    THU    FRI    SAT    SUN    7-DAY
DATE    07/04/16     17     18     19     20     21     22   AVERAGE
 
START HOUR
 
    0          4      1      1      7      0      2      2       2
    1          1      0      0      1      0      3      0       1
    2          0      0      1      0      0      1      4       1
    3          1      0      0      1      0      1      2       1
    4          0      1      0      3      1      1      2       1
    5          5      2      4      1      0      1      3       2
    6         32     28     27     19     22      1      4      19
    7        107    100     80     75     39      0      6      58
    8        132    115     79    110     55      5     19      74
    9         76     57     48     56     26      8     13      41
   10         32     35     24     30     13      8     39      26
   11         42     28     23     38     14     18     41      29
   12         38     44     33     31     24     22     69      37
   13         38     26     30     33     23     20    100      39
   14         33     39     33     32     33     15     72      37
   15         82     70     57     51     52     20     67      57
   16        124    107     94     76     57     21     74      79
   17        122     91     81     57     34     14     56      65
   18         90     68     69     45     39      9     44      52
   19         75     59     41     24      9     10     60      40
   20         70     54     48     26     18     13     35      38
   21         38     38     33     16      8      7     16      22
   22         21     15     16     11      9      5      5      12
   23          7      3      3      2      1      4      5       4
 
TOTALS
 
12HR 7-19    916    780    651    634    409    160    600     593
16HR 6-22   1131    959    800    719    466    191    715     712
18HR 6-24   1159    977    819    732    476    200    725     727
24HR 0-24   1170    981    825    745    477    209    738     735
 
 
 
 
*LOCATION   : ............................................................
*SITE NUMBER: 11701409
*FILE NUMBER:        2
*INTERVAL   :   15 MIN
*BATTERY    :    6.5 V
*RESTARTS   :        0
*CONFIG     :       12
*CHANNEL    :  2 OF  2
 
             MON    TUE    WED    THU    FRI    SAT    SUN    7-DAY
DATE    07/04/23     24     25     26     27     28     29   AVERAGE
 
START HOUR
 
    0          3      2      2      5      6      7      1       4
    1          0      1      1      1      5      6      4       3
    2          1      0      1      1      3      3      2       2
    3          0      0      2      0      3      4      1       1
    4          0      0      0      0      1      4      0       1
    5          4      3      4      5      4      3      0       3
    6         25     32     33     25     28      6      3      22
    7         66     98    110     80     91      5      5      65
    8         95     97    101    102     99     17      7      74
    9         34     64     63     63     56     19     20      46
   10         19     22     33     35     35     36     25      29
   11          6     27     34     36     34     35     30      29
   12         15     34     25     36     33     44     34      32
   13          9     29     26     31     47     44     32      31
   14         11     33     36     36     59     40     44      37
   15         41     72     51     64     97     39     41      58
   16         59     95     87    104    114     28     39      75
   17         46     81     66     96     76     26     37      61
   18         25     59     48     84     56     30     30      47
   19         24     50     38     55     42     14     38      37
   20         18     48     44     44     30     13     32      33
   21         12     32     23     31     34     20     15      24
   22          6      9     16      8     22     10     10      12
   23          3      4      6      9      8      1      5       5
 
TOTALS
 
12HR 7-19    426    711    680    767    797    363    344     584
16HR 6-22    505    873    818    922    931    416    432     700
18HR 6-24    514    886    840    939    961    427    447     716
24HR 0-24    522    892    850    951    983    454    455     730
 
 
 
 
*LOCATION   : ............................................................
*SITE NUMBER: 11701409
*FILE NUMBER:        2
*INTERVAL   :   15 MIN
*BATTERY    :    6.5 V
*RESTARTS   :        0
*CONFIG     :       12
*CHANNEL    :  2 OF  2
 
             MON    TUE    WED    THU    FRI    SAT    SUN    7-DAY
DATE    07/04/30     01     02     03     04     05     06   AVERAGE
 
START HOUR
 
    0          2      6      1      1      2      -      -       -
    1          0      4      0      0      0      -      -       -
    2          0      6      2      0      1      -      -       -
    3          0      5      0      0      1      -      -       -
    4          2      3      1      0      0      -      -       -
    5          3      1      7      6      7      -      -       -
    6         17      1     29     31     26      -      -       -
    7         49      6     82     96      -      -      -       -
    8         60     13    106    119      -      -      -       -
    9         40      8     58     55      -      -      -       -
   10         22     29      9     31      -      -      -       -
   11         22     26     15     18      -      -      -       -
   12         23     51     10     34      -      -      -       -
   13         31     46     26     27      -      -      -       -
   14         35     51     28     38      -      -      -       -
   15         47     48     44     66      -      -      -       -
   16         48     34     88     92      -      -      -       -
   17         42     27     59     77      -      -      -       -
   18         17     33     29     41      -      -      -       -
   19         14     19     19     37      -      -      -       -
   20         15     20     30     29      -      -      -       -
   21          9      9     17     19      -      -      -       -
   22          1      9      8      7      -      -      -       -
   23          3      5      2      2      -      -      -       -
 
TOTALS
 
12HR 7-19    436    372    554    694      -      -      -       -
16HR 6-22    491    421    649    810      -      -      -       -
18HR 6-24    495    435    659    819      -      -      -       -
24HR 0-24    502    460    670    826      -      -      -       -
 
