 
 
 
*LOCATION   : ............................................................
*SITE NUMBER: 11801418
*FILE NUMBER:        1
*INTERVAL   :   15 MIN
*BATTERY    :    6.2 V
*RESTARTS   :        0
*CONFIG     :        0
*CHANNEL    :  1 OF  1
 
             TUE    WED    THU    FRI    SAT    SUN    MON    7-DAY
DATE    07/04/03     04     05     06     07     08     09   AVERAGE
 
START HOUR
 
    0          -      1      1      0      1      0      1       -
    1          -      0      0      0      2      0      2       -
    2          -      0      0      0      0      1      0       -
    3          -      1      3      2      0      3      2       -
    4          -      1      2      0      2      1      1       -
    5          -      8      4      0      0      0      0       -
    6          -     13     18      3      2      5      4       -
    7          -     28     28      6      9      6      4       -
    8          -     24     22      9      8      8      7       -
    9         15     10     16     11     13      8     17      13
   10         20      8     13     25     17     25     40      21
   11         19     20     12     22     29     21     46      24
   12         22     17     18     19     26     21     57      26
   13         14     20     13     20     24     28     53      25
   14         30     28     29     26     23     25     73      33
   15         30     27     34     15     19     29     44      28
   16         46     31     26     14     29     33     52      33
   17         42     28     24     26     20     33     30      29
   18         26     25     25     22     14     25     37      25
   19         19     11     16     24     10     21     29      19
   20         13      7      9     11      5      6     11       9
   21          9      6      7      3      2     12      3       6
   22          1      4      2      1      3      7      5       3
   23          0      0      0      1      0      3      0       1
 
TOTALS
 
12HR 7-19      -    266    260    215    231    262    460       -
16HR 6-22      -    303    310    256    250    306    507       -
18HR 6-24      -    307    312    258    253    316    512       -
24HR 0-24      -    318    322    260    258    321    518       -
 
 
 
 
*LOCATION   : ............................................................
*SITE NUMBER: 11801418
*FILE NUMBER:        1
*INTERVAL   :   15 MIN
*BATTERY    :    6.2 V
*RESTARTS   :        0
*CONFIG     :        0
*CHANNEL    :  1 OF  1
 
             TUE    WED    THU    FRI    SAT    SUN    MON    7-DAY
DATE    07/04/10     11     12     13     14     15     16   AVERAGE
 
START HOUR
 
    0          0      0      1      0      8      9      1       3
    1          0      0      0      2      3      1      0       1
    2          0      0      1      0      0      0      0       0
    3          0      0      1      0      0      1      0       0
    4          1      0      3      1      1      0      2       1
    5          7      3      5      5      1      1      6       4
    6         27     23     25     23      7      3     35      20
    7         49     33     32     56      8     13     76      38
    8         37     13     27     25      8     10     45      24
    9         18     13     20     22     32     40     32      25
   10         27     19     23     23     44     74     35      35
   11         20     16     34     19     50    108     54      43
   12         29     12     35     21     63    124     27      44
   13         26     25     39     29     68    123     46      51
   14         23     29     29     53     70    109     44      51
   15         44     38     37     44     81    113     74      62
   16         52     39     45     63     72    116    110      71
   17         50     37     43     54     71    101     89      64
   18         34     22     41     35     63    105     89      56
   19         22     27     22     29     40     56     70      38
   20         25     22     39     30     31     33     58      34
   21         13     10     18     14     22     14     26      17
   22          3     10      7      5      7      3      4       6
   23          2      2      2      4      3      0      4       2
 
TOTALS
 
12HR 7-19    409    296    405    444    630   1036    721     563
16HR 6-22    496    378    509    540    730   1142    910     672
18HR 6-24    501    390    518    549    740   1145    918     680
24HR 0-24    509    393    529    557    753   1157    927     689
 
 
 
 
*LOCATION   : ............................................................
*SITE NUMBER: 11801418
*FILE NUMBER:        1
*INTERVAL   :   15 MIN
*BATTERY    :    6.2 V
*RESTARTS   :        0
*CONFIG     :        0
*CHANNEL    :  1 OF  1
 
             TUE    WED    THU    FRI    SAT    SUN    MON    7-DAY
DATE    07/04/17     18     19     20     21     22     23   AVERAGE
 
START HOUR
 
    0          0      1      1      0      1      4      0       1
    1          0      0      0      0      2      1      0       0
    2          0      0      1      0      0      0      2       0
    3          0      0      0      0      0      1      0       0
    4          3      3      1      2      0      0      0       1
    5         12     11      8      0      0      0      4       5
    6         45     35     27     18      4      1     33      23
    7         66     48     43     36      1      8     51      36
    8         45     39     38     20      0     14     34      27
    9         30     17     22     10      5     32     18      19
   10         28     14     25     21      9     49     25      24
   11         27     19     20     18     17     65     13      26
   12         48     35     29     18     15     81     16      35
   13         29     27     38     24     42     97      6      38
   14         55     34     46     23     21     83     14      39
   15         81     49     50     22     20     74     27      46
   16         75     71     60     34      8     65     37      50
   17         66     40     34     19     16     82     25      40
   18         54     50     14     10     19     90     11      35
   19         52     30     11     13      6     67     19      28
   20         37     26     19      4     11     35      7      20
   21         16     12      7     11      4     17      4      10
   22          7      5      2      3      8      4      4       5
   23          0      0      3      5      1      4      0       2
 
TOTALS
 
12HR 7-19    604    443    419    255    173    740    277     416
16HR 6-22    754    546    483    301    198    860    340     497
18HR 6-24    761    551    488    309    207    868    344     504
24HR 0-24    776    566    499    311    210    874    350     512
 
 
 
 
*LOCATION   : ............................................................
*SITE NUMBER: 11801418
*FILE NUMBER:        1
*INTERVAL   :   15 MIN
*BATTERY    :    6.2 V
*RESTARTS   :        0
*CONFIG     :        0
*CHANNEL    :  1 OF  1
 
             TUE    WED    THU    FRI    SAT    SUN    MON    7-DAY
DATE    07/04/24     25     26     27     28     29     30   AVERAGE
 
START HOUR
 
    0          0      1      1      1      0      5      0       1
    1          1      0      0      1      3      5      0       1
    2          0      0      0      1      2      6      0       1
    3          4      0      1      0      3      0      0       1
    4          0      0      2      1      0      0      1       1
    5          3     11      6      7      1      1      5       5
    6         31     38     32     43      8      8     16      25
    7         62     64     55     68     12      7     57      46
    8         43     48     36     30     18     11     18      29
    9         16     29     46     28     29     22     17      27
   10         27     35     28     36     48     40     22      34
   11         26     30     40     41     51     42     20      36
   12         28     36     40     55     47     44     30      40
   13         32     40     52     59     44     59     33      46
   14         28     40     47     61     48     41     40      44
   15         60     58     56     59     22     39     40      48
   16         88     52     98    111     60     35     48      70
   17         46     43     77     54     42     32     34      47
   18         54     27     74     45     27     30     26      40
   19         43     31     43     33     37     32     15      33
   20         23     21     37     42     22     21     18      26
   21         18     11     30     25     15      8      8      16
   22          7      8     17     11     10     10      4      10
   23          3      0      5     11      8      1      3       4
 
TOTALS
 
12HR 7-19    510    502    649    647    448    402    385     506
16HR 6-22    625    603    791    790    530    471    442     607
18HR 6-24    635    611    813    812    548    482    449     621
24HR 0-24    643    623    823    823    557    499    455     632
 
 
 
 
*LOCATION   : ............................................................
*SITE NUMBER: 11801418
*FILE NUMBER:        1
*INTERVAL   :   15 MIN
*BATTERY    :    6.2 V
*RESTARTS   :        0
*CONFIG     :        0
*CHANNEL    :  1 OF  1
 
             TUE    WED    THU    FRI    SAT    SUN    MON    7-DAY
DATE    07/05/01     02     03     04     05     06     07   AVERAGE
 
START HOUR
 
    0          2      6      0      -      -      -      -       -
    1          2      1      1      -      -      -      -       -
    2          2      2      0      -      -      -      -       -
    3          2      0      0      -      -      -      -       -
    4          1      3      2      -      -      -      -       -
    5          0      5      8      -      -      -      -       -
    6          4     29     35      -      -      -      -       -
    7         11     58     57      -      -      -      -       -
    8         11     25     42      -      -      -      -       -
    9         23     26     36      -      -      -      -       -
   10         39     18     24      -      -      -      -       -
   11         47     19     26      -      -      -      -       -
   12         67     10     27      -      -      -      -       -
   13         72     22     35      -      -      -      -       -
   14         59     29      -      -      -      -      -       -
   15         61     28      -      -      -      -      -       -
   16         65     47      -      -      -      -      -       -
   17         59     39      -      -      -      -      -       -
   18         47     20      -      -      -      -      -       -
   19         30     11      -      -      -      -      -       -
   20         17     12      -      -      -      -      -       -
   21          9     11      -      -      -      -      -       -
   22          