 
 
 
*LOCATION   : ............................................................
*SITE NUMBER: 11600101
*FILE NUMBER:        1
*INTERVAL   :   15 MIN
*BATTERY    :    6.4 V
*RESTARTS   :        0
*CONFIG     :        0
*CHANNEL    :  1 OF  1
 
             TUE    WED    THU    FRI    SAT    SUN    MON    7-DAY
DATE    11/01/04     05     06     07     08     09     10   AVERAGE
 
START HOUR
 
    0          -      0      0      0      0      0      0       -
    1          -      1      2      1      2      2      2       -
    2          -      0      0      4      0      0      0       -
    3          -      0      0      0      0      0      0       -
    4          -      1      0      0      2      0      2       -
    5          -      5      1      3      2      1      4       -
    6          -      6      6      6      1      1      4       -
    7          -     10      3      6      3      1      9       -
    8          -      9      1      4      1      1      8       -
    9          -      9      3      9      5      1      5       -
   10          -      9      1      8     11      2      5       -
   11          -     15      4     13      7      3      9       -
   12          -     11     11     15      8      5      4       -
   13          -      8      3      9     15     11      5       -
   14          -     18     10     18     24      8     18       -
   15          -     26     10     21     31     10     12       -
   16         10     18      5     16     11      4     24      13
   17         17     24      2      7     11      2     11      11
   18         16     17      0      8      7      4      8       9
   19         11     14      6      3      1      3     10       7
   20          4      9      1      2      3      3      2       3
   21          1      2      0      1      0      0      4       1
   22          3      3      1      1      0      0      2       1
   23          0      0      1      0      1      1      0       0
 
TOTALS
 
12HR 7-19      -    174     53    134    134     52    118       -
16HR 6-22      -    205     66    146    139     59    138       -
18HR 6-24      -    208     68    147    140     60    140       -
24HR 0-24      -    215     71    155    146     63    148       -
 
 
 
 
*LOCATION   : ............................................................
*SITE NUMBER: 11600101
*FILE NUMBER:        1
*INTERVAL   :   15 MIN
*BATTERY    :    6.4 V
*RESTARTS   :        0
*CONFIG     :        0
*CHANNEL    :  1 OF  1
 
             TUE    WED    THU    FRI    SAT    SUN    MON    7-DAY
DATE    11/01/11     12     13     14     15     16     17   AVERAGE
 
START HOUR
 
    0          0      0      1      0      0      0      0       0
    1          1      1      2      1      1      1      1       1
    2          0      0      0      0      0      0      0       0
    3          0      1      0      1      0      0      0       0
    4          1      2      1      2      0      0      0       1
    5          4      3      6      6      3      3      6       4
    6         12      5      6      5      2      0      4       5
    7          9      7     12      9      3      1      5       7
    8         11     13     13     11      4      0     11       9
    9         10      4     12      4      6      0      7       6
   10         10      8      8      8     12      2      8       8
   11          9      9      5      8      9      2      6       7
   12         10      7     13      9      6      0     10       8
   13         12      7     17      5      0      0     11       7
   14         18     11     11     12      0      0     16      10
   15         27      9     14     20      0      0     14      12
   16         20     20     23     21     10      7     23      18
   17         11     15     17     11      6      8     17      12
   18         13     11     17     11      2      0     10       9
   19          3      5      8      7      1      1      4       4
   20          2      3      6      3      0      0      3       2
   21          3      4      2      1      0      4      1       2
   22          1      2      2      1      1      0      2       1
   23          0      1      0      0      0      0      0       0
 
TOTALS
 
12HR 7-19    160    121    162    129     58     20    138     113
16HR 6-22    180    138    184    145     61     25    150     126
18HR 6-24    181    141    186    146     62     25    152     128
24HR 0-24    187    148    196    156     66     29    159     134
 
 
 
 
*LOCATION   : ............................................................
*SITE NUMBER: 11600101
*FILE NUMBER:        1
*INTERVAL   :   15 MIN
*BATTERY    :    6.4 V
*RESTARTS   :        0
*CONFIG     :        0
*CHANNEL    :  1 OF  1
 
             TUE    WED    THU    FRI    SAT    SUN    MON    7-DAY
DATE    11/01/18     19     20     21     22     23     24   AVERAGE
 
START HOUR
 
    0          0      0      0      0      0      0      0       0
    1          1      1      2      1      1      1      2       1
    2          0      0      0      1      0      0      1       0
    3          0      0      0      0      0      0      0       0
    4          2      2      2      2      0      0      2       1
    5          3      2      5      5      4      1      2       3
    6          8      5      4      5      3      1      9       5
    7         12     10     10     11      6      0     14       9
    8         12     12     12     17      3      1     12      10
    9         12     10     11      7      8      5      7       9
   10          6      6     12     11      4      0      6       6
   11         14      3      6      7     11      0      5       7
   12          9      8      8     11      8      4     16       9
   13         10      8     13      8      0      0     12       7
   14         19     20     20      0      0      7      9      11
   15         19     11      9      1      3      9     13       9
   16         22     25     23     18      8      4     23      18
   17         12     13     14     13     19      8     16      14
   18         15     15     11      8      4      7      5       9
   19          9      4      7      7      3      2      5       5
   20          2      4      7      2      1      3      2       3
   21          2      4      1      3      0      2      7       3
   22          1      1      2      0      1      2      1       1
   23          0      0      2      2      0      0      0       1
 
TOTALS
 
12HR 7-19    162    141    149    112     74     45    138     117
16HR 6-22    183    158    168    129     81     53    161     133
18HR 6-24    184    159    172    131     82     55    162     135
24HR 0-24    190    164    181    140     87     57    169     141
 
 
 
 
*LOCATION   : ............................................................
*SITE NUMBER: 11600101
*FILE NUMBER:        1
*INTERVAL   :   15 MIN
*BATTERY    :    6.4 V
*RESTARTS   :        0
*CONFIG     :        0
*CHANNEL    :  1 OF  1
 
             TUE    WED    THU    FRI    SAT    SUN    MON    7-DAY
DATE    11/01/25     26     27     28     29     30     31   AVERAGE
 
START HOUR
 
    0          0      4      0      0      1      0      0       1
    1          2      0      1      0      1      0      0       1
    2          0      0      0      0      1      0      0       0
    3          0      0      0      2      0      0      0       0
    4          0      1      0      0      0      0      0       0
    5          6      3      5      5      2      2      3       4
    6          9      6      8     11      0      1     11       7
    7         13     13     10      9      1      1     15       9
    8         15     10     11     14      0      0     10       9
    9          9      6      8      8      3      1      9       6
   10         12      4     12      6     10      3     13       9
   11          5      7     10      6      9      0     10       7
   12          7      9      4     14      7      8     14       9
   13         11      0      3      6     16     20      -       -
   14          7      0      0     19      0     11      -       -
   15          9      0      0     26      5     21      -       -
   16         19      8      7     18      4     10      -       -
   17         16     14     10      7      4      4      -       -
   18          7     15     11     14      2      5      -       -
   19          2      5     11      5      0      1      -       -
   20          2      5      7      4      1      2      -       -
   21          1      1      3      3      0      0      -       -
   22          0      1      1      1      1      2      -       -
   23          0      1      1      0      0      0      -       -
 
TOTALS
 
12HR 7-19    130     86     86    147     61     84      -       -
16HR 6-22    144    103    115    170     62     88      -       -
18HR 6-24    144    105    117    171     63     90      -       -
24HR 0-24    152    113    123    178     68     92      -       -
 
