 
 
 
*LOCATION   : ............................................................
*SITE NUMBER: 11700117
*FILE NUMBER:        5
*INTERVAL   :   15 MIN
*BATTERY    :    6.1 V
*RESTARTS   :        0
*CONFIG     :       12
*CHANNEL    :  1 OF  2
 
             FRI    SAT    SUN    MON    TUE    WED    THU    7-DAY
DATE    11/01/07     08     09     10     11     12     13   AVERAGE
 
START HOUR
 
    0          -      0      0      0      0      0      0       -
    1          -      0      0      0      0      0      0       -
    2          -      0      0      0      0      0      0       -
    3          -      0      0      0      0      0      0       -
    4          -      0      0      0      0      0      0       -
    5          -      0      0      0      0      0      0       -
    6          -      0      0      0      0      0      0       -
    7          -      0      0      0      0      0      0       -
    8          -      0      0      0      0      0      0       -
    9          -      0      0      0      0      0      0       -
   10          -      0      0      0      0      0      0       -
   11          -      0      0      0      0      0      0       -
   12          -      0      0      0      0      0      0       -
   13          -      0      0      0      0      0      0       -
   14          -      0      0      0      0      0      0       -
   15          -      0      0      0      0      0      0       -
   16          0      0      0      0      0      0      0       0
   17          0      0      0      0      0      0      0       0
   18          0      0      0      0      0      0      0       0
   19          0      0      0      0      0      0      0       0
   20          0      0      0      0      0      0      0       0
   21          0      0      0      0      0      0      0       0
   22          0      0      0      0      0      0      0       0
   23          0      0      0      0      0      0      0       0
 
TOTALS
 
12HR 7-19      -      0      0      0      0      0      0       -
16HR 6-22      -      0      0      0      0      0      0       -
18HR 6-24      -      0      0      0      0      0      0       -
24HR 0-24      -      0      0      0      0      0      0       -
 
 
 
 
*LOCATION   : ............................................................
*SITE NUMBER: 11700117
*FILE NUMBER:        5
*INTERVAL   :   15 MIN
*BATTERY    :    6.1 V
*RESTARTS   :        0
*CONFIG     :       12
*CHANNEL    :  1 OF  2
 
             FRI    SAT    SUN    MON    TUE    WED    THU    7-DAY
DATE    11/01/14     15     16     17     18     19     20   AVERAGE
 
START HOUR
 
    0          0      0      0      0      0      0      0       0
    1          0      0      0      0      0      0      0       0
    2          0      0      0      0      0      0      0       0
    3          0      0      0      0      0      0      0       0
    4          0      0      0      0      0      0      0       0
    5          0      0      0      0      0      0      0       0
    6          0      0      0      0      0      0      0       0
    7          0      0      0      0      0      0      0       0
    8          0      0      0      0      0      0      0       0
    9          0      0      0      0      0      0      0       0
   10          0      0      0      0      0      0      0       0
   11          0      0      0      0      0      0      0       0
   12          0      0      0      0      0      0      0       0
   13          0      0      0      0      0      0      0       0
   14          0      0      0      0      0      0      0       0
   15          0      0      0      0      0      0      0       0
   16          0      0      0      0      0      0      0       0
   17          0      0      0      0      0      0      0       0
   18          0      0      0      0      0      0      0       0
   19          0      0      0      0      0      0      0       0
   20          0      0      0      0      0      0      0       0
   21          0      0      0      0      0      0      0       0
   22          0      0      0      0      0      0      0       0
   23          0      0      0      0      0      0      0       0
 
TOTALS
 
12HR 7-19      0      0      0      0      0      0      0       0
16HR 6-22      0      0      0      0      0      0      0       0
18HR 6-24      0      0      0      0      0      0      0       0
24HR 0-24      0      0      0      0      0      0      0       0
 
 
 
 
*LOCATION   : ............................................................
*SITE NUMBER: 11700117
*FILE NUMBER:        5
*INTERVAL   :   15 MIN
*BATTERY    :    6.1 V
*RESTARTS   :        0
*CONFIG     :       12
*CHANNEL    :  1 OF  2
 
             FRI    SAT    SUN    MON    TUE    WED    THU    7-DAY
DATE    11/01/21     22     23     24     25     26     27   AVERAGE
 
START HOUR
 
    0          0      0      0      0      0      0      0       0
    1          0      0      0      0      0      0      0       0
    2          0      0      0      0      0      0      0       0
    3          0      0      0      0      0      0      0       0
    4          0      0      0      0      0      0      0       0
    5          0      0      0      0      0      0      0       0
    6          0      0      0      0      0      0      0       0
    7          0      0      0      0      0      0      0       0
    8          0      0      0      0      0      0      0       0
    9          0      0      0      0      0      0      0       0
   10          0      0      0      0      0      0      0       0
   11          0      0      0      0      0      0      0       0
   12          0      0      0      0      0      0      0       0
   13          0      0      0      0      0      0      0       0
   14          0      0      0      0      0      0      0       0
   15          0      0      0      0      0      0      0       0
   16          0      0      0      0      0      0      0       0
   17          0      0      0      0      0      0      0       0
   18          0      0      0      0      0      0      0       0
   19          0      0      0      0      0      0      0       0
   20          0      0      0      0      0      0      0       0
   21          0      0      0      0      0      0      0       0
   22          0      0      0      0      0      0      0       0
   23          0      0      0      0      0      0      0       0
 
TOTALS
 
12HR 7-19      0      0      0      0      0      0      0       0
16HR 6-22      0      0      0      0      0      0      0       0
18HR 6-24      0      0      0      0      0      0      0       0
24HR 0-24      0      0      0      0      0      0      0       0
 
 
 
 
*LOCATION   : ............................................................
*SITE NUMBER: 11700117
*FILE NUMBER:        5
*INTERVAL   :   15 MIN
*BATTERY    :    6.1 V
*RESTARTS   :        0
*CONFIG     :       12
*CHANNEL    :  1 OF  2
 
             FRI    SAT    SUN    MON    TUE    WED    THU    7-DAY
DATE    11/01/28     29     30     31     01     02     03   AVERAGE
 
START HOUR
 
    0          0      0      0      0      0      -      -       -
    1          0      0      0      0      0      -      -       -
    2          0      0      0      0      0      -      -       -
    3          0      0      0      0      0      -      -       -
    4          0      0      0      0      0      -      -       -
    5          0      0      0      0      0      -      -       -
    6          0      0      0      0      0      -      -       -
    7          0      0      0      0      0      -      -       -
    8          0      0      0      0      0      -      -       -
    9          0      0      0      0      0      -      -       -
   10          0      0      0      0      0      -      -       -
   11          0      0      0      0      0      -      -       -
   12          0      0      0      0      0      -      -       -
   13          0      0      0      0      0      -      -       -
   14          0      0      0      0      0      -      -       -
   15          0      0      0      0      -      -      -       -
   16          0      0      0      0      -      -      -       -
   17          0      0      0      0      -      -      -       -
   18          0      0      0      0      -      -      -       -
   19          0      0      0      0      -      -      -       -
   20          0      0      0      0      -      -      -       -
   21          0      0      0      0      -      -      -       -
   22          0      0      0      0      -      -      -       -
   23          0      0      0      0      -      -      -       -
 
TOTALS
 
12HR 7-19      0      0      0      0      -      -      -       -
16HR 6-22      0      0      0      0      -      -      -       -
18HR 6-24      0      0      0      0      -      -      -       -
24HR 0-24      0      0      0      0      -      -      -       -
 
 
 
 
*LOCATION   : ............................................................
*SITE NUMBER: 11700117
*FILE NUMBER:        5
*INTERVAL   :   15 MIN
*BATTERY    :    6.1 V
*RESTARTS   :        0
*CONFIG     :       12
*CHANNEL    :  2 OF  2
 
             FRI    SAT    SUN    MON    TUE    WED    THU    7-DAY
DATE    11/01/07     08     09     10     11     12     13   AVERAGE
 
START HOUR
 
    0          -      0      1      0      0      0      0       -
    1          -      0      0      0      0      0      0       -
    2          -      0      0      0      0      0      0       -
    3          -      1      2      0      0      0      0       -
    4          -      1      0      0      0      0      1       -
    5          -      0      0      1      0      3      2       -
    6          -      0      0      5      6      9      5       -
    7          -      0      0     14     16     14     15       -
    8          -      0      1     12      8     15     14       -
    9          -      3      0      6      6     13     11       -
   10          -      1     34      2      1      5      4       -
   11          -      3      4      4      3      6      0       -
   12          -      7      4      5      3      3      5       -
   13          -      8      1      7      3      8      2       -
   14          -      3      4      8      3      4      5       -
   15          -      1      4      9     17     11     12       -
   16         11      4      1     17     20     16     13      12
   17          6      7      4     22     14     16     18      12
   18          5      2      2     12      8     14     16       8
   19          2      3      0      3      1      5      6       3
   20          1      0      0      3      7      8      6       4
   21          0      1      1      1      3      6      3       2
   22          0      2      3      2      1      2      2       2
   23          0      1      0      2      2      0      0       1
 
TOTALS
 
12HR 7-19      -     39     59    118    102    125    115       -
16HR 6-22      -     43     60    130    119    153    135       -
18HR 6-24      -     46     63    134    122    155    137       -
24HR 0-24      -     48     66    135    122    158    140       -
 
 
 
 
*LOCATION   : ............................................................
*SITE NUMBER: 11700117
*FILE NUMBER:        5
*INTERVAL   :   15 MIN
*BATTERY    :    6.1 V
*RESTARTS   :        0
*CONFIG     :       12
*CHANNEL    :  2 OF  2
 
             FRI    SAT    SUN    MON    TUE    WED    THU    7-DAY
DATE    11/01/14     15     16     17     18     19     20   AVERAGE
 
START HOUR
 
    0          1      0      0      0      0      0      2       0
    1          0      1      0      0      0      0      0       0
    2          0      0      0      0      0      0      0       0
    3          0      0      0      0      0      0      0       0
    4          0      0      0      0      0      0      0       0
    5          0      1      0      4      0      0      1       1
    6          3      2      2      1      5      6      5       3
    7         23      0      0     11      8     13     15      10
    8         12      1      1     17      9     15     10       9
    9          7      1      0      3     10     10      6       5
   10          2      2      2      2      4      1      6       3
   11          2      5      1      4      5      5      5       4
   12         12      6      3      0      4      3      5       5
   13          0      6      3      5      4      7      5       4
   14          7      2      7      5      3      4      5       5
   15          9      6      5      8     10     10     10       8
   16         11      1      7     12     11     14     17      10
   17         11      2      4      9     16      6     11       8
   18          6      2      1      8      7     13      9       7
   19          1      1      0      5      7      2      6       3
   20          2      2      0      3      2      6      6       3
   21          3      1      3      5      1      0      1       2
   22          0      1      0      2      2      5      4       2
   23          1      0      0      2      3      0      0       1
 
TOTALS
 
12HR 7-19    102     34     34     84     91    101    104      79
16HR 6-22    111     40     39     98    106    115    122      90
18HR 6-24    112     41     39    102    111    120    126      93
24HR 0-24    113     43     39    106    111    120    129      94
 
 
 
 
*LOCATION   : ............................................................
*SITE NUMBER: 11700117
*FILE NUMBER:        5
*INTERVAL   :   15 MIN
*BATTERY    :    6.1 V
*RESTARTS   :        0
*CONFIG     :       12
*CHANNEL    :  2 OF  2
 
             FRI    SAT    SUN    MON    TUE    WED    THU    7-DAY
DATE    11/01/21     22     23     24     25     26     27   AVERAGE
 
START HOUR
 
    0          0      1      0      0      0      0      1       0
    1          0      1      0      3      1      0      0       1
    2          0      0      1      0      0      0      0       0
    3          0      0      1      0      0      0      0       0
    4          0      1      0      1      0      2      0       1
    5          0      2      1      0      0      1      0       1
    6          7      0      1      5      5      5      5       4
    7         16      0      1     21     11     13     11      10
    8         11      1      2     20     18     13     16      12
    9          9      2      1      4      8      5      7       5
   10          3      6      3      3      4      3      3       4
   11          3      7      3      7      4      5      2       4
   12          4      8      7      3      3      0      2       4
   13          5      5      8      3      2      6      6       5
   14          3      7      2      4      3      2      7       4
   15         15      6      3     13     10      8     10       9
   16         12      2      3     16     12      9     10       9
   17         13      4      2     15     14     14     17      11
   18          6      5      1      9      6     21     10       8
   19          3      0      4     11      1      6      6       4
   20          3      1      2      4      3      1      4       3
   21          2      3      0      3      2      1      7       3
   22          2      1      0      4      1      1      5       2
   23          3      2      1      1      3      0      1       2
 
TOTALS
 
12HR 7-19    100     53     36    118     95     99    101      86
16HR 6-22    115     57     43    141    106    112    123     100
18HR 6-24    120     60     44    146    110    113    129     103
24HR 0-24    120     65     47    150    111    116    130     106
 
 
 
 
*LOCATION   : ............................................................
*SITE NUMBER: 11700117
*FILE NUMBER:        5
*INTERVAL   :   15 MIN
*BATTERY    :    6.1 V
*RESTARTS   :        0
*CONFIG     :       12
*CHANNEL    :  2 OF  2
 
             FRI    SAT    SUN    MON    TUE    WED    THU    7-DAY
DATE    11/01/28     29     30     31     01     02     03   AVERAGE
 
START HOUR
 
    0          2      0      1      0      1      -      -       -
    1          0      0      1      0      1      -      -       -
    2          0      0      0      1      0      -      -       -
    3          0      0      1      0      0      -      -       -
    4          0      2      0      0      1      -      -       -
    5          0      0      0      1      1      -      -       -
    6          6      2      0      5      7      -      -       -
    7         16      0      0     20     20      -      -       -
    8         15      1      0     11     22      -      -       -
    9         10      2      2     13     14      -      -       -
   10          5      2      0      0      4      -      -       -
   11         11     10      1      6      6      -      -       -
   12          6      2     12      2      7      -      -       -
   13          4      8      8      2      7      -      -       -
   14          9      8      5      2      6      -      -       -
   15         12      2      2     12      -      -      -       -
   16         18      3      5     16      -      -      -       -
   17         10      4     10     27      -      -      -       -
   18         10      6      1      9      -      -      -       -
   19          1      3      3      5      -      -      -       -
   20          5      0      3      3      -      -      -       -
   21          3      2      4      1      -      -      -       -
   22          1      1      0      2      -      -      -       -
   23          1      1      0      0      -      -      -       -
 
TOTALS
 
12HR 7-19    126     48     46    120      -      -      -       -
16HR 6-22    141     55     56    134      -      -      -       -
18HR 6-24    143     57     56    136      -      -      -       -
24HR 0-24    145     59     59    138      -      -      -       -
 
