 
 
 
*LOCATION   : ............................................................
*SITE NUMBER: 10302701
*FILE NUMBER:        7
*INTERVAL   :   15 MIN
*BATTERY    :    6.1 V
*RESTARTS   :        0
*CONFIG     :       12
*CHANNEL    :  1 OF  2
 
             MON    TUE    WED    THU    FRI    SAT    SUN    7-DAY
DATE    04/06/28     29     30     01     02     03     04   AVERAGE
 
START HOUR
 
    0          -      5      2      2      7      5      1       -
    1          -      1      2      1      3      1      1       -
    2          -      0      2      1      9      1      3       -
    3          -      0      1      3      9      2      2       -
    4          -      1      4      1      4      2      0       -
    5          -     16     10      6     14      4      2       -
    6          -     61     68     41     63      8      9       -
    7          -    111    107     71    106     11      7       -
    8          -    130    123     85    112      4      8       -
    9          -     54     33     29     41      9     22       -
   10         20     40      9     25     28      7     39      24
   11         20     32      7     26     59      2     64      30
   12         20     52      8     32     47      9     68      34
   13         17     22      6     31     53      3     63      28
   14         20     59      5     36     52      1     40      30
   15         31     42     16     37     64      4     68      37
   16         32     73     16     55     44      2     21      35
   17         29     64      7     31     34      1     24      27
   18         30     62     12     32     43      3     30      30
   19         25     32      3     33     25      2     43      23
   20         29     37      8     45     18      2     25      23
   21         14     12      4     11     12      6     17      11
   22          4     12      3      6      9      2     10       7
   23          6      4      0      5      2      5      3       4
 
TOTALS
 
12HR 7-19      -    741    349    490    683     56    454       -
16HR 6-22      -    883    432    620    801     74    548       -
18HR 6-24      -    899    435    631    812     81    561       -
24HR 0-24      -    922    456    645    858     96    570       -
 
 
 
 
*LOCATION   : ............................................................
*SITE NUMBER: 10302701
*FILE NUMBER:        7
*INTERVAL   :   15 MIN
*BATTERY    :    6.1 V
*RESTARTS   :        0
*CONFIG     :       12
*CHANNEL    :  1 OF  2
 
             MON    TUE    WED    THU    FRI    SAT    SUN    7-DAY
DATE    04/07/05     06     07     08     09     10     11   AVERAGE
 
START HOUR
 
    0          5      8      2      4      3      1      1       3
    1          1      2      2      2      0      2      1       1
    2          1      2      1      1      1      2      0       1
    3          0      6     11      1      5      0      1       3
    4          3      4      4      3      6      4      1       4
    5          9     17     14     10      8      2      3       9
    6         65     70     78     84     62      6      3      53
    7        105    131    121    135     94     15      8      87
    8        125    126     91    108    117      8     11      84
    9         41    149     48     55     46      9     16      52
   10         27     66     24     47     37      5     24      33
   11         36     42     22     45     39      8     21      30
   12         41     39     32     43     43      7     28      33
   13         40     28     25     47     45      9     34      33
   14         47     36     33     53     41     10     38      37
   15         56     69     49     81     47     11     44      51
   16         62     86     58     70     57      4     39      54
   17        235     49    416     76     38     14     52     126
   18        222     52     97     73     31     23     57      79
   19         42     37     34     37     20     21     39      33
   20         42     35     21     26     20     29     30      29
   21         28     23     22     29     19      9     15      21
   22         12     13      7     19      8     13      8      11
   23          7     12      6     10      3      3      4       6
 
TOTALS
 
12HR 7-19   1037    873   1016    833    635    123    372     698
16HR 6-22   1214   1038   1171   1009    756    188    459     834
18HR 6-24   1233   1063   1184   1038    767    204    471     851
24HR 0-24   1252   1102   1218   1059    790    215    478     873
 
 
 
 
*LOCATION   : ............................................................
*SITE NUMBER: 10302701
*FILE NUMBER:        7
*INTERVAL   :   15 MIN
*BATTERY    :    6.1 V
*RESTARTS   :        0
*CONFIG     :       12
*CHANNEL    :  1 OF  2
 
             MON    TUE    WED    THU    FRI    SAT    SUN    7-DAY
DATE    04/07/12     13     14     15     16     17     18   AVERAGE
 
START HOUR
 
    0          1      3    322     10      3      0      5      49
    1          1      2      9      2      0      1      4       3
    2          1      5      1      0      8      3      0       3
    3          2      1     16      7      2      1      1       4
    4          3      3      1      1      0      1      2       2
    5         19     13     13     11     13      3      6      11
    6         62     66     64     63     50     11      7      46
    7         86    110     82     99     97     11     16      72
    8         97    120     58    113     98     14     17      74
    9         45     49     38     44     45     18     15      36
   10         40     35     30     31     20     27     31      31
   11         31     52     32     37     55     29     52      41
   12         45     47     48     34     43     29     86      47
   13         58     47     43     39     54     22     75      48
   14         43     32     43     38     42     20     62      40
   15         60     48     64     68     66     29     83      60
   16         79     66     65     67     66     31     73      64
   17         51     54     51     61     39     24     65      49
   18         37     49     35     48     28     28     45      39
   19         25     43     16     43     28     30     61      35
   20         23     42     28     44     20     19     38      31
   21         12     25     23     33     19     11     19      20
   22          4     14     18     21      9     11     13      13
   23          3     18      9      6      9      3      8       8
 
TOTALS
 
12HR 7-19    672    709    589    679    653    282    620     601
16HR 6-22    794    885    720    862    770    353    745     733
18HR 6-24    801    917    747    889    788    367    766     754
24HR 0-24    828    944   1109    920    814    376    784     825
 
 
 
 
*LOCATION   : ............................................................
*SITE NUMBER: 10302701
*FILE NUMBER:        7
*INTERVAL   :   15 MIN
*BATTERY    :    6.1 V
*RESTARTS   :        0
*CONFIG     :       12
*CHANNEL    :  1 OF  2
 
             MON    TUE    WED    THU    FRI    SAT    SUN    7-DAY
DATE    04/07/19     20     21     22     23     24     25   AVERAGE
 
START HOUR
 
    0          2      3      1      5      3      6      8       4
    1          0      0      4      2      6      6      1       3
    2          4      4      5      2      1      5      3       3
    3          1      4      0      1      1      0      2       1
    4          3      3      4      1      1      1      7       3
    5         16      3     15     14     15      1      4      10
    6         58     21     84     68     61     11      8      44
    7        127     49    116    122     90     10     16      76
    8         95     67    115    100     84      8     11      69
    9         50     33     46     48     47     17     27      38
   10         34     22     48     45     57     17     30      36
   11         58     28     40     49     52     22     30      40
   12         88     32     55     36     45     42     52      50
   13         48     39     43     46     61     49     50      48
   14         48     83     33     60     64     38     37      52
   15         65    335     71     82     80     37     44     102
   16         94     65     92     88     46     51     39      68
   17         57     57     43     54     22     35     37      44
   18         55     55     59     61     18     31     40      46
   19         46     47     35     46     18     33     27      36
   20         38     40     41     40     19     35     40      36
   21         23     33     35     36     15     23     30      28
   22         13     14     15      9     15     14     21      14
   23         11     10     10      7      3      7      3       7
 
TOTALS
 
12HR 7-19    819    865    761    791    666    357    413     667
16HR 6-22    984   1006    956    981    779    459    518     812
18HR 6-24   1008   1030    981    997    797    480    542     834
24HR 0-24   1034   1047   1010   1022    824    499    567     858
 
 
 
 
*LOCATION   : ............................................................
*SITE NUMBER: 10302701
*FILE NUMBER:        7
*INTERVAL   :   15 MIN
*BATTERY    :    6.1 V
*RESTARTS   :        0
*CONFIG     :       12
*CHANNEL    :  1 OF  2
 
             MON    TUE    WED    THU    FRI    SAT    SUN    7-DAY
DATE    04/07/26     27     28     29     30     31     01   AVERAGE
 
START HOUR
 
    0          2      5      4      1      1      2      3       3
    1          1      2      1      1      1      2      3       2
    2          2      1      2      0      1      2      2       1
    3          1      1      2      1      0      0      0       1
    4          3      0      2      1      1      3      1       2
    5         12     14      5      4      5      0      2       6
    6         72     86     36     22     27      9      5      37
    7        120    142     35     26     46      2      4      54
    8        156    136     39     50     49      6      9      64
    9        190     58     13     15     24      6      9      45
   10        221     52      6      4     16      3     26      47
   11        113     63      7      8     16      4     26      34
   12        114     55     13      3     16      1     28      33
   13         49     69     13      1     17      5     38      27
   14         56     63     25      8     21     10     39      32
   15         67     67     24      7     19      8     54      35
   16         76     95     13     13     13     22     64      42
   17        322     72     23     12      8      9     60      72
   18         57     48     32      9     15     10     57      33
   19         46     42     17      9     15     10     50      27
   20         38     38     13      8     15     13     38      23
   21         41     26      9      4      5      9     41      19
   22         17     13     11      5      5      9      9      10
   23         13     11      0      1      2      3      2       5
 
TOTALS
 
12HR 7-19   1541    920    243    156    260     86    414     517
16HR 6-22   1738   1112    318    199    322    127    548     623
18HR 6-24   1768   1136    329    205    329    139    559     638
24HR 0-24   1789   1159    345    213    338    148    570     652
 
 
 
 
*LOCATION   : ............................................................
*SITE NUMBER: 10302701
*FILE NUMBER:        7
*INTERVAL   :   15 MIN
*BATTERY    :    6.1 V
*RESTARTS   :        0
*CONFIG     :       12
*CHANNEL    :  1 OF  2
 
             MON    TUE    WED    THU    FRI    SAT    SUN    7-DAY
DATE    04/08/02     03     04     05     06     07     08   AVERAGE
 
START HOUR
 
    0          3      -      -      -      -      -      -       -
    1          2      -      -      -      -      -      -       -
    2          2      -      -      -      -      -      -       -
    3          2      -      -      -      -      -      -       -
    4          2      -      -      -      -      -      -       -
    5         14      -      -      -      -      -      -       -
    6         60      -      -      -      -      -      -       -
    7        149      -      -      -      -      -      -       -
    8          -      -      -      -      -      -      -       -
    9          -      -      -      -      -      -      -       -
   10          -      -      -      -      -      -      -       -
   11          -      -      -      -      -      -      -       -
   12          -      -      -      -      -      -      -       -
   13          -      -      -      -      -      -      -       -
   14          -      -      -      -      -      -      -       -
   15          -      -      -      -      -      -      -       -
   16          -      -      -      -      -      -      -       -
   17          -      -      -      -      -      -      -       -
   18          -      -      -      -      -      -      -       -
   19          -      -      -      -      -      -      -       -
   20          -      -      -      -      -      -      -       -
   21          -      -      -      -      -      -      -       -
   22          -      -      -      -      -      -      -       -
   23          -      -      -      -      -      -      -       -
 
TOTALS
 
12HR 7-19      -      -      -      -      -      -      -       -
16HR 6-22      -      -      -      -      -      -      -       -
18HR 6-24      -      -      -      -      -      -      -       -
24HR 0-24      -      -      -      -      -      -      -       -
 
 
 
 
*LOCATION   : ............................................................
*SITE NUMBER: 10302701
*FILE NUMBER:        7
*INTERVAL   :   15 MIN
*BATTERY    :    6.1 V
*RESTARTS   :        0
*CONFIG     :       12
*CHANNEL    :  2 OF  2
 
             MON    TUE    WED    THU    FRI    SAT    SUN    7-DAY
DATE    04/06/28     29     30     01     02     03     04   AVERAGE
 
START HOUR
 
    0          -      2      5      1      5      4      2       -
    1          -      2      4    181      5      9      2       -
    2          -      0      2      3      2      1      3       -
    3          -      0      2      5      8      4      1       -
    4          -      4      0      1      3      2      6       -
    5          -      5      5      1      6      2      1       -
    6          -     21     12      7     14      4      3       -
    7          -     30     25     17     41      1      3       -
    8          -     36     46     24     28      4      5       -
    9          -     14     11     15     19      7     21       -
   10          4     26      8     13     26      8     24      16
   11          6     18      5     15     32      5     61      20
   12         13    331      5     26     33      2     57      67
   13         16     26      6     34     54      6     63      29
   14         24     31     24     34     60      4     43      31
   15         55     84     62     81     94      6     44      61
   16         96    364     64    100    102      2     25     108
   17         58     88     42     63     75      2     23      50
   18         31     74     26     52     50      1     34      38
   19         39     55     23     47     32      4     26      32
   20         30     50     20     36     19      5     28      27
   21         16     23      7     23     17      3      8      14
   22          7     10      5     14      5      1      7       7
   23          8      8      3      6      6      4      2       5
 
TOTALS
 
12HR 7-19      -   1122    324    474    614     48    403       -
16HR 6-22      -   1271    386    587    696     64    468       -
18HR 6-24      -   1289    394    607    707     69    477       -
24HR 0-24      -   1302    412    799    736     91    492       -
 
 
 
 
*LOCATION   : ............................................................
*SITE NUMBER: 10302701
*FILE NUMBER:        7
*INTERVAL   :   15 MIN
*BATTERY    :    6.1 V
*RESTARTS   :        0
*CONFIG     :       12
*CHANNEL    :  2 OF  2
 
             MON    TUE    WED    THU    FRI    SAT    SUN    7-DAY
DATE    04/07/05     06     07     08     09     10     11   AVERAGE
 
START HOUR
 
    0          9      1      4      5      7      2      0       4
    1          1      3      3      5      4      4      4       3
    2          1      0      4      2      3      1      1       2
    3          2      0      2      3      3      2      4       2
    4          2      2      1      5      5      3      0       3
    5          2      3      3      4      1      3      1       2
    6         14     17     12     10     15      8      4      11
    7         34     54     38     45     43      6      3      32
    8         41     43     36     35     20      3      6      26
    9         10     48     16     33     17      8     15      21
   10         12     67     27     43     28      8     19      29
   11         18     53     22     36     36     13     21      28
   12         48     26     22     35     36      8     18      28
   13         42     21     27     55     47      7     37      34
   14         43     41     59     55     54      8     42      43
   15         83     97     79    111    100     10     41      74
   16        116    138    100    360     98     12     23     121
   17        227     88    342    152     69     21     41     134
   18        207     77     58     67     47     17     44      74
   19         63     48     48     62     26     34     35      45
   20         56     54     29     56     25     13     28      37
   21         29     20     16     23     14      9     10      17
   22         12      6     14     18      7      9      5      10
   23          9     12      8     10      5      9      5       8
 
TOTALS
 
12HR 7-19    881    753    826   1027    595    121    310     645
16HR 6-22   1043    892    931   1178    675    185    387     756
18HR 6-24   1064    910    953   1206    687    203    397     774
24HR 0-24   1081    919    970   1230    710    218    407     791
 
 
 
 
*LOCATION   : ............................................................
*SITE NUMBER: 10302701
*FILE NUMBER:        7
*INTERVAL   :   15 MIN
*BATTERY    :    6.1 V
*RESTARTS   :        0
*CONFIG     :       12
*CHANNEL    :  2 OF  2
 
             MON    TUE    WED    THU    FRI    SAT    SUN    7-DAY
DATE    04/07/12     13     14     15     16     17     18   AVERAGE
 
START HOUR
 
    0          5      3      2     11      5      3      5       5
    1          4      3     33      9      5      2      7       9
    2          1      4      2      1     10      2      3       3
    3          3      1      1      0      1      7      2       2
    4          0      0      1      1      4      1      3       1
    5          5      5      4      3      1      2      3       3
    6         21     16     14     20     11      2      3      12
    7         33     40     30     34     32     10      6      26
    8         22     25     23     31     23      5     11      20
    9         26     28     18     16     26     13     20      21
   10         17     34     22     35     24     22     44      28
   11         37     29     21     19     42     24     56      33
   12         30     36     26     27     39     33     86      40
   13         39     39     36     33     42     22     63      39
   14         54     45     37     38     76     28     53      47
   15         89     94     88    114     98     30     53      81
   16        111    121     94    112     78     30     53      86
   17         78     84     70     86     68     34     65      69
   18         56     59     51     55     35     23     49      47
   19         32     51     31     70     27     23     38      39
   20         26     36     32     45     24     11     33      30
   21         15     24     12     29     15     15     22      19
   22          9      9     19     20     13      5      7      12
   23          9     44     26     13      9      5      7      16
 
TOTALS
 
12HR 7-19    592    634    516    600    583    274    559     537
16HR 6-22    686    761    605    764    660    325    655     637
18HR 6-24    704    814    650    797    682    335    669     664
24HR 0-24    722    830    693    822    708    352    692     688
 
 
 
 
*LOCATION   : ............................................................
*SITE NUMBER: 10302701
*FILE NUMBER:        7
*INTERVAL   :   15 MIN
*BATTERY    :    6.1 V
*RESTARTS   :        0
*CONFIG     :       12
*CHANNEL    :  2 OF  2
 
             MON    TUE    WED    THU    FRI    SAT    SUN    7-DAY
DATE    04/07/19     20     21     22     23     24     25   AVERAGE
 
START HOUR
 
    0          4     11      3      8      7      3      5       6
    1          3      4      5      2      5      6      6       4
    2          2      2      7      9      1      3      3       4
    3          3      1      0      1      3      1      2       2
    4          1      0      5      4      3      2      2       2
    5          5      1      4      5      4      1      6       4
    6         18      5     21     18     16      4      3      12
    7         45     14     36     32     29      7      3      24
    8         27     21     36     40    372      5      3      72
    9         29      9     32     28     24     10     11      20
   10         23     18     50     24     26     15     35      27
   11         25     19     45     27     43     36     37      33
   12        169     27     38     43     50     34     45      58
   13         51     74     48     44     69     62     46      56
   14         48     78     54     64     72     53     44      59
   15        102    102    123    115     86     27     44      86
   16        134     87    142    131     75     36     23      90
   17        109     66     84     71     37     48     22      62
   18         77     50     63     63     29     26     38      49
   19         53     45     55     45     11     31     36      39
   20         32     38     43     41     32     20     29      34
   21         20     24     17     37     13     12     18      20
   22         13     24     13     17     13      4     12      14
   23          8     11      9      6      4      1      5       6
 
TOTALS
 
12HR 7-19    839    565    751    682    912    359    351     637
16HR 6-22    962    677    887    823    984    426    437     742
18HR 6-24    983    712    909    846   1001    431    454     762
24HR 0-24   1001    731    933    875   1024    447    478     784
 
 
 
 
*LOCATION   : ............................................................
*SITE NUMBER: 10302701
*FILE NUMBER:        7
*INTERVAL   :   15 MIN
*BATTERY    :    6.1 V
*RESTARTS   :        0
*CONFIG     :       12
*CHANNEL    :  2 OF  2
 
             MON    TUE    WED    THU    FRI    SAT    SUN    7-DAY
DATE    04/07/26     27     28     29     30     31     01   AVERAGE
 
START HOUR
 
    0          2      5      9      3      1      1      5       4
    1          4      5      3      5      2      5      2       4
    2          1      3      0      0      2      3      4       2
    3          0      0      2      0      0      1      1       1
    4          2      3      0      0      1      1      3       1
    5          5      7      2      1      2      1      3       3
    6         21     24      9      4      9      1      5      10
    7         96     44      8      9      8      4      5      25
    8         78     37      4      7     14      6     12      23
    9        153     33      4      3      8      5     11      31
   10        193     41      4      3     14      1     13      38
   11         43     62      5      4     11      3     21      21
   12         38     49      9    103     13      8     29      36
   13         46     54     11      4     10      6     39      24
   14         66     66     22      3     27     12     51      35
   15        140    129     40     27     51     15     57      66
   16        137    143     45     31     44     15     44      66
   17         77     93     39     23     26      7     43      44
   18         63     86     27     17     34      2     39      38
   19         49     60     14      9     10      5     36      26
   20         39     45      9      8      9     17     20      21
   21         36     29     10      8      9      6     36      19
   22         17     17     14      3      2      2      9       9
   23          5     10      3      0      4      5      1       4
 
TOTALS
 
12HR 7-19   1130    837    218    234    260     84    364     447
16HR 6-22   1275    995    260    263    297    113    461     523
18HR 6-24   1297   1022    277    266    303    120    471     537
24HR 0-24   1311   1045    293    275    311    132    489     551
 
 
 
 
*LOCATION   : ............................................................
*SITE NUMBER: 10302701
*FILE NUMBER:        7
*INTERVAL   :   15 MIN
*BATTERY    :    6.1 V
*RESTARTS   :        0
*CONFIG     :       12
*CHANNEL    :  2 OF  2
 
             MON    TUE    WED    THU    FRI    SAT    SUN    7-DAY
DATE    04/08/02     03     04     05     06     07     08   AVERAGE
 
START HOUR
 
    0          1      -      -      -      -      -      -       -
    1          2      -      -      -      -      -      -       -
    2          0      -      -      -      -      -      -       -
    3          0      -      -      -      -      -      -       -
    4          3      -      -      -      -      -      -       -
    5          5      -      -      -      -      -      -       -
    6         23      -      -      -      -      -      -       -
    7         39      -      -      -      -      -      -       -
    8          -      -      -      -      -      -      -       -
    9          -      -      -      -      -      -      -       -
   10          -      -      -      -      -      -      -       -
   11          -      -      -      -      -      -      -       -
   12          -      -      -      -      -      -      -       -
   13          -      -      -      -      -      -      -       -
   14          -      -      -      -      -      -      -       -
   15          -      -      -      -      -      -      -       -
   16          -      -      -      -      -      -      -       -
   17          -      -      -      -      -      -      -       -
   18          -      -      -      -      -      -      -       -
   19          -      -      -      -      -      -      -       -
   20          -      -      -      -      -      -      -       -
   21          -      -      -      -      -      -      -       -
   22          -      -      -      -      -      -   