 
 
 
*LOCATION   : ............................................................
*SITE NUMBER: 10702702
*FILE NUMBER:        6
*INTERVAL   :   15 MIN
*BATTERY    :    5.7 V
*RESTARTS   :        0
*CONFIG     :        0
*CHANNEL    :  1 OF  1
 
             MON    TUE    WED    THU    FRI    SAT    SUN    7-DAY
DATE    04/06/28     29     30     01     02     03     04   AVERAGE
 
START HOUR
 
    0          -      7     12      2     16     14      8       -
    1          -      6      2      0      9     12      4       -
    2          -      5      1      1      4     14      5       -
    3          -      4      2      3      8      4      5       -
    4          -      3      3      2      3     10      7       -
    5          -     12     10      3      7      3      3       -
    6          -     37     54     28     46     11     10       -
    7          -    139    139     77    115     10     11       -
    8          -    185    168    138    161     23     16       -
    9          -     87     56     94    103     25     32       -
   10         48     84     33     76     93     22     51      58
   11         46     88     11     41    106      8     75      54
   12         36    105     17     74    113     13    113      67
   13         58     79     16     92    123      7     83      65
   14         62    105     30     99    108      9     96      73
   15         99    163     69    147    179      9     99     109
   16        164    217     93    197    197      9     62     134
   17        123    214     75    197    166      6     74     122
   18        115    153     56    149    149     11     54      98
   19         79    123     51    136     82     16     64      79
   20         66    120     37    112     56     17     64      67
   21         48     73     24     76     38     12     40      44
   22         18     47      5     36     19     11     16      22
   23          4     18      5     11     19     12      8      11
 
TOTALS
 
12HR 7-19      -   1619    763   1381   1613    152    766       -
16HR 6-22      -   1972    929   1733   1835    208    944       -
18HR 6-24      -   2037    939   1780   1873    231    968       -
24HR 0-24      -   2074    969   1791   1920    288   1000       -
 
 
 
 
*LOCATION   : ............................................................
*SITE NUMBER: 10702702
*FILE NUMBER:        6
*INTERVAL   :   15 MIN
*BATTERY    :    5.7 V
*RESTARTS   :        0
*CONFIG     :        0
*CHANNEL    :  1 OF  1
 
             MON    TUE    WED    THU    FRI    SAT    SUN    7-DAY
DATE    04/07/05     06     07     08     09     10     11   AVERAGE
 
START HOUR
 
    0         13      3     15     14     16     14      5      11
    1          1      7      9      8     11     13      7       8
    2          2      3      4      4      0      7      9       4
    3          1      3      1      5      2      3      3       3
    4          3      6      4      3      2      7      4       4
    5          9     12     12     10     17      8      3      10
    6         39     50     48     56     41     11      7      36
    7        117    128    126    134    102     22     12      92
    8        171    147    152    144    146     24     17     114
    9         99    102     79    101    104     29     27      77
   10         70     77     75     83     77     21     37      63
   11         66     59     74     83     89     10     43      61
   12         89     69     78     99    111     22     39      72
   13         78     70     81    102     88     21     77      74
   14        122     84     88    144    120     14     84      94
   15        170    167    141    195    166     23     59     132
   16        224    219    203    244    175     23     74     166
   17        207    183    138    239    123     27     75     142
   18        145    153    108    170     93     37     71     111
   19        125    122    101    128     75     49     61      94
   20        137    111     66    132     67     36     60      87
   21         70     77     49     60     42     42     21      52
   22         32     29     36     65     30     20     21      33
   23         19     14     21     26     17     14     12      18
 
TOTALS
 
12HR 7-19   1558   1458   1343   1738   1394    273    615    1197
16HR 6-22   1929   1818   1607   2114   1619    411    764    1466
18HR 6-24   1980   1861   1664   2205   1666    445    797    1517
24HR 0-24   2009   1895   1709   2249   1714    497    828    1557
 
 
 
 
*LOCATION   : ............................................................
*SITE NUMBER: 10702702
*FILE NUMBER:        6
*INTERVAL   :   15 MIN
*BATTERY    :    5.7 V
*RESTARTS   :        0
*CONFIG     :        0
*CHANNEL    :  1 OF  1
 
             MON    TUE    WED    THU    FRI    SAT    SUN    7-DAY
DATE    04/07/12     13     14     15     16     17     18   AVERAGE
 
START HOUR
 
    0          3      8     10     13     14     20     18      12
    1          4      3      9      5     12     10      9       7
    2          0      1      4      1      6     12     11       5
    3          5      2      3      3      5     11      7       5
    4          4      2      1      7      8     10     12       6
    5         13     10     12     12     10      6      5      10
    6         42     44     32     41     36      9      8      30
    7        108    126     90    113     90     16     20      80
    8        147    156    123    148    122     20     18     105
    9        105     99     63    100     92     31     30      74
   10         87     77     64     71     95     59     52      72
   11        102     80     85     94    100     72     78      87
   12         95     90     90     93    105     73     82      90
   13         87     83    100    102    112     73    112      96
   14        120     93    105     76    138     79    101     102
   15        164    145    191    146    194     63     94     142
   16        221    185    182    187    163     76     87     157
   17        162    175    167    193    150     78    116     149
   18        111    139    108    140    126     73     90     112
   19         74    124     99    126    111     56    107     100
   20         58     88     66    105     84     69     67      77
   21         46     48     69     64     70     45     49      56
   22         20     26     30     64     32     29     31      33
   23         14     18     19     26     23     36     17      22
 
TOTALS
 
12HR 7-19   1509   1448   1368   1463   1487    713    880    1267
16HR 6-22   1729   1752   1634   1799   1788    892   1111    1529
18HR 6-24   1763   1796   1683   1889   1843    957   1159    1584
24HR 0-24   1792   1822   1722   1930   1898   1026   1221    1630
 
 
 
 
*LOCATION   : ............................................................
*SITE NUMBER: 10702702
*FILE NUMBER:        6
*INTERVAL   :   15 MIN
*BATTERY    :    5.7 V
*RESTARTS   :        0
*CONFIG     :        0
*CHANNEL    :  1 OF  1
 
             MON    TUE    WED    THU    FRI    SAT    SUN    7-DAY
DATE    04/07/19     20     21     22     23     24     25   AVERAGE
 
START HOUR
 
    0          3     10      9     15     18      8     15      11
    1          5      6      1      9      3     11      7       6
    2          1      1      4      5      7      4     11       5
    3          0      1      3      4      3      8     19       5
    4          2      1      1      6      0      8      9       4
    5         10      4     11     14     10      5      3       8
    6         48     20     51     44     41     13     13      33
    7        116     60    117    111     89     17     18      75
    8        166    103    155    129    130     16     15     102
    9        102     80    104     87     70     36     34      73
   10         85     60     67     83     91     56     39      69
   11        101     75    111    106    106     50     48      85
   12        106     71     98     96    121     81     73      92
   13        114    102     96     95    105    112     86     101
   14        132    110    121    111    132     84     82     110
   15        181    131    172    157    165     85     65     137
   16        215    180    207    188    165     76     77     158
   17        159    155    153    157     83     82     76     124
   18        132    136    118    157     65     68     77     108
   19        106    116    111    111     45     49     60      85
   20         83    105     88     91     62     65     69      80
   21         66     65     70     50     36     24     43      51
   22         30     34     43     44     24     32     15      32
   23          8     14     17     23     13     15     15      15
 
TOTALS
 
12HR 7-19   1609   1263   1519   1477   1322    763    690    1235
16HR 6-22   1912   1569   1839   1773   1506    914    875    1484
18HR 6-24   1950   1617   1899   1840   1543    961    905    1531
24HR 0-24   1971   1640   1928   1893   1584   1005    969    1570
 
 
 
 
*LOCATION   : ............................................................
*SITE NUMBER: 10702702
*FILE NUMBER:        6
*INTERVAL   :   15 MIN
*BATTERY    :    5.7 V
*RESTARTS   :        0
*CONFIG     :        0
*CHANNEL    :  1 OF  1
 
             MON    TUE    WED    THU    FRI    SAT    SUN    7-DAY
DATE    04/07/26     27     28     29     30     31     01   AVERAGE
 
START HOUR
 
    0          5     13      6     10      2      8      7       7
    1          0      6      6      5      3     11      7       5
    2          2      1      1      3      1      6      3       2
    3          2      2      2      1      2     12      5       4
    4          8      7      0      2      2      9      7       5
    5         13     20      5      4      9      6      1       8
    6         44     52     15     10     21      5      5      22
    7        131    139     51     27     54      8      4      59
    8        172    209     54     51     82     10      7      84
    9         86    104     19     37     58     12     15      47
   10         55     82     13     12     54      8     25      36
   11         82     91     22     13     42     12     44      44
   12        103    114     46      4     42     14     65      55
   13        118    120     48     12     59     18     75      64
   14        122    145     49     14     59     30     76      71
   15        176    187     76     44     85     44     96     101
   16        256    262     86     54     77     42     88     124
   17        203    206     76     64     65     24     93     104
   18        139    151     65     34     55     28     87      80
   19        132    108     44     24     31     25     67      62
   20         98     91     30     21     35     23     69      52
   21         83     49     26      9     26     15     43      36
   22         26     39      6      8     14     11     24      18
   23         27     16      8      5     10     12     21      14
 
TOTALS
 
12HR 7-19   1643   1810    605    366    732    250    675     869
16HR 6-22   2000   2110    720    430    845    318    859    1040
18HR 6-24   2053   2165    734    443    869    341    904    1073
24HR 0-24   2083   2214    754    468    888    393    934    1105
 
 
 
 
*LOCATION   : ............................................................
*SITE NUMBER: 10702702
*FILE NUMBER:        6
*INTERVAL   :   15 MIN
*BATTERY    :    5.7 V
*RESTARTS   :        0
*CONFIG     :        0
*CHANNEL    :  1 OF  1
 
             MON    TUE    WED    THU    FRI    SAT    SUN    7-DAY
DATE    04/08/02     03     04     05     06     07     08   AVERAGE
 
START HOUR
 
    0          8      -      -      -      -      -      -       -
    1          4      -      -      -      -      -      -       -
    2          5      -      -      -      -      -      -       -
    3          9      -      -      -      -      -      -       -
    4          1      -      -      -      -      -      -       -
    5         12      -      -      -      -      -      -       -
    6         67      -      -      -      -      -      -       -
    7        165      -      -      -      -      -      -       -
    8          -      -      -      -      -      -      -       -
    9          -      -      -      -      -      -      -       -
   10          -      -      -      -      -      -      -       -
   11          -      -      -      -      -      -      -       -
   12          -      -      -      -      -      -      -       -
   13          -      -      -      -      -      -      -       -
   14          -      -      -      -      -      -      -       -
   15          -      -      -      -      -      -      -       -
   16          -      -      -      -      -      -      -       -
   17          -      -      -      -      -      -      -       -
   18          -      -      -      -      -      -      -       -
   19          -      -      -      -      -      -      -       -
   20          -      -      -      -      -      -      -       -
   21          -      -      -      -      -      -      -       -
   22          -      -      -      -      -      -      -       -
   23          -      -      -      -      -      -      -       -
 
TOTALS
 
12HR 7-19      -      -      -      -      -      -      -       -
16HR 6-22      -      -      -      -      -      -      -       -
18HR 6-24      -      -      -      -      -      -      -       -
24HR 0-24      -      -      -      -      -      -      -       -
 
