 
 
 
*LOCATION   : ............................................................
*SITE NUMBER: 11502728
*FILE NUMBER:        3
*INTERVAL   :   15 MIN
*BATTERY    :    6.2 V
*RESTARTS   :        0
*CONFIG     :       12
*CHANNEL    :  1 OF  2
 
             MON    TUE    WED    THU    FRI    SAT    SUN    7-DAY
DATE    04/06/28     29     30     01     02     03     04   AVERAGE
 
START HOUR
 
    0          -      5     15      7     24     13      5       -
    1          -      6     13      3      9     18      8       -
    2          -      3      4      1     12     10     10       -
    3          -      5      4      2      9     13      3       -
    4          -      0      2      3      3      6      8       -
    5          -     12     14      9      7      7      2       -
    6          -     43     44     33     39      7      6       -
    7          -    104    111     75     91     13     12       -
    8          -    204    172    155    166     15     11       -
    9          -    133     73     91    117     26     25       -
   10          -     86     41     80     96     30     48       -
   11          -    101     29     81    113     11     83       -
   12          -    110     27     86    111     15    111       -
   13          -    124     23     95    111      9     95       -
   14         73     98     28    109    139     14    101      80
   15        119    150     70    132    206     13    112     115
   16        143    226     80    183    215     12     57     131
   17        119    187     75    188    147      6     78     114
   18         99    161     54    130    144     13     54      94
   19         67    101     38     99     70     11     49      62
   20         61    104     31     79     41     14     47      54
   21         36     59     22     53     26     18     41      36
   22         28     37      9     32     20     15     29      24
   23         21     30      9     25     27     11     15      20
 
TOTALS
 
12HR 7-19      -   1684    783   1405   1656    177    787       -
16HR 6-22      -   1991    918   1669   1832    227    930       -
18HR 6-24      -   2058    936   1726   1879    253    974       -
24HR 0-24      -   2089    988   1751   1943    320   1010       -

 
 
 
 












*LOCATION   : ............................................................
*SITE NUMBER: 11502728
*FILE NUMBER:        3
*INTERVAL   :   15 MIN
*BATTERY    :    6.2 V
*RESTARTS   :        0
*CONFIG     :       12
*CHANNEL    :  1 OF  2
 
             MON    TUE    WED    THU    FRI    SAT    SUN    7-DAY
DATE    04/07/05     06     07     08     09     10     11   AVERAGE
 
START HOUR
 
    0         28     13     10     20     18     19     16      18
    1         10      9     11      6     15      9      6       9
    2          9      9      1      6      7     21      6       8
    3          1      5      3      5      7     13     10       6
    4          4      7      2      4      7      9      4       5
    5          9     12      9     10      9      7      5       9
    6         43     50     47     56     43     13      6      37
    7        102    107     95     93     94     17     12      74
    8        159    171    177    183    170     23     11     128
    9        118    119    114    118    107     26     29      90
   10         77     95     73    111     79     21     24      69
   11         88     85     80    100     89     24     39      72
   12        100     80     86    132    102     18     61      83
   13        116     99     90    103    101     18     79      87
   14        124     97    106    128    128     12     93      98
   15        156    171    151    178    188     13     85     135
   16        219    231    214    249    214     33     76     177
   17        205    182    195    180    130     28     86     144
   18        146    166    109    172     86     28     81     113
   19        111     95     69    129     63     26     62      79
   20         83     75     58     96     37     45     45      63
   21         77     70     43     49     44     30     19      47
   22         37     50     40     48     34     29     12      36
   23         21     31     31     40     23     15     19      26
 
TOTALS
 
12HR 7-19   1610   1603   1490   1747   1488    261    676    1268
16HR 6-22   1924   1893   1707   2077   1675    375    808    1494
18HR 6-24   1982   1974   1778   2165   1732    419    839    1556
24HR 0-24   2043   2029   1814   2216   1795    497    886    1611

 
 
 
 
*LOCATION   : ............................................................
*SITE NUMBER: 11502728
*FILE NUMBER:        3
*INTERVAL   :   15 MIN
*BATTERY    :    6.2 V
*RESTARTS   :        0
*CONFIG     :       12
*CHANNEL    :  1 OF  2
 
             MON    TUE    WED    THU    FRI    SAT    SUN    7-DAY
DATE    04/07/12     13     14     15     16     17     18   AVERAGE
 
START HOUR
 
    0          4      5     20     23     22     23     26      18
    1          7      4      6     12     15     17     13      11
    2          6      3      5     10      8      8     17       8
    3          1      5      4      5      7     12     14       7
    4          2      5      2      2      5      8      2       4
    5         12     15      6      9     12      6      4       9
    6         32     40     45     42     40      9     10      31
    7         78     97     71     92     74     26     12      64
    8        125    144    126    126    136     29     18     101
    9        100    122     92    100     91     43     36      83
   10        103     86     70     72     99     62     61      79
   11        124    102     98     92    120     83    103     103
   12        125    124     97     87    100    105    111     107
   13        123    109    112    113    136     81    117     113
   14        129     99    114    123    152     90     98     115
   15        165    133    150    167    255     70    111     150
   16        198    182    173    189    179     79     88     155
   17        176    196    172    205    151     79    118     157
   18        115    126     97    145    105     55    105     107
   19         54     93     62    122     81     45     75      76
   20         51     84     81     86     64     56     62      69
   21         42     50     50     69     46     39     41      48
   22         31     31     33     34     41     50     30      36
   23         12     24     26     35     36     19     17      24
 
TOTALS
 
12HR 7-19   1561   1520   1372   1511   1598    802    978    1335
16HR 6-22   1740   1787   1610   1830   1829    951   1166    1559
18HR 6-24   1783   1842   1669   1899   1906   1020   1213    1619
24HR 0-24   1815   1879   1712   1960   1975   1094   1289    1675

 
 
 
 












*LOCATION   : ............................................................
*SITE NUMBER: 11502728
*FILE NUMBER:        3
*INTERVAL   :   15 MIN
*BATTERY    :    6.2 V
*RESTARTS   :        0
*CONFIG     :       12
*CHANNEL    :  1 OF  2
 
             MON    TUE    WED    THU    FRI    SAT    SUN    7-DAY
DATE    04/07/19     20     21     22     23     24     25   AVERAGE
 
START HOUR
 
    0          8     15     11     20     26     15     31      18
    1          4      5      9     12     16     13     17      11
    2          4      3      5     13      9     10     19       9
    3          2      3      1      9      4      6     13       5
    4          7      2      6      7      7      5      6       6
    5          8      4     13      7     12      1      3       7
    6         47     18     39     52     37      8      9      30
    7         93     66    108     99     86     17     11      69
    8        158    112    172    158    124     21     23     110
    9        115     91    115     95     90     33     23      80
   10        109     86     82    100     91     55     49      82
   11        107     86    116    126    105     86     68      99
   12        112     91    157    149    110    102     93     116
   13        132    117    130    116    131    100    100     118
   14        117    108    127    117    158    112    110     121
   15        199    146    200    187    170     95     92     156
   16        229    247    237    245    141    178     78     194
   17        214    182    186    156    110     96     67     144
   18        134    153    136    149     75     68     80     114
   19        111    110     93     91     34     58     69      81
   20         82     88     85     93     55     55     78      77
   21         60     80     76     64     39     49     38      58
   22         38     37     51     59     28     37     31      40
   23         19     28     29     34     28     26     33      28
 
TOTALS
 
12HR 7-19   1719   1485   1766   1697   1391    963    794    1402
16HR 6-22   2019   1781   2059   1997   1556   1133    988    1648
18HR 6-24   2076   1846   2139   2090   1612   1196   1052    1716
24HR 0-24   2109   1878   2184   2158   1686   1246   1141    1772

 
 
 
 




*LOCATION   : ............................................................
*SITE NUMBER: 11502728
*FILE NUMBER:        3
*INTERVAL   :   15 MIN
*BATTERY    :    6.2 V
*RESTARTS   :        0
*CONFIG     :       12
*CHANNEL    :  1 OF  2
 
             MON    TUE    WED    THU    FRI    SAT    SUN    7-DAY
DATE    04/07/26     27     28     29     30     31     01   AVERAGE
 
START HOUR
 
    0          8     17     19     14      8     15     26      15
    1          5      9     10      8      2     18     21      10
    2          9      4      4      5      7      8     10       7
    3          5      5      4      5      2      9     23       8
    4          2      6      4      4      3      3     12       5
    5          9      4      6      5      2      2      7       5
    6         47     61     19     20     25      8      5      26
    7         88    107     30     29     38     13      9      45
    8        179    187     58     46    100     10      4      83
    9        102    121     29     32     66     16     18      55
   10         92    109     29     16     58     15     29      50
   11        102    120     30     21     50     21     51      56
   12        118    154     52     14     42     15     64      66
   13        122    156     56     20     67     19    104      78
   14        120    150     62     27     83     31    108      83
   15        173    186     75     46     77     43    118     103
   16        274    248     95     54     95     45     96     130
   17        232    222     78     66     79     48     86     116
   18        141    174     69     49     63     27     93      88
   19        137    112     55     20     35     32     79      67
   20         93     95     30     22     36     27     85      55
   21         69     49     33     14     31     21     55      39
   22         40     39     18     14     22     19     26      25
   23         35     26     18     11     17     16     24      21
 
TOTALS
 
12HR 7-19   1743   1934    663    420    818    303    780     952
16HR 6-22   2089   2251    800    496    945    391   1004    1139
18HR 6-24   2164   2316    836    521    984    426   1054    1186
24HR 0-24   2202   2361    883    562   1008    481   1153    1236

 
 
 
 












*LOCATION   : ............................................................
*SITE NUMBER: 11502728
*FILE NUMBER:        3
*INTERVAL   :   15 MIN
*BATTERY    :    6.2 V
*RESTARTS   :        0
*CONFIG     :       12
*CHANNEL    :  1 OF  2
 
             MON    TUE    WED    THU    FRI    SAT    SUN    7-DAY
DATE    04/08/02     03     04     05     06     07     08   AVERAGE
 
START HOUR
 
    0         11      -      -      -      -      -      -       -
    1          4      -      -      -      -      -      -       -
    2          4      -      -      -      -      -      -       -
    3          4      -      -      -      -      -      -       -
    4          6      -      -      -      -      -      -       -
    5         11      -      -      -      -      -      -       -
    6         40      -      -      -      -      -      -       -
    7         23      -      -      -      -      -      -       -
    8         12      -      -      -      -      -      -       -
    9          6      -      -      -      -      -      -       -
   10          7      -      -      -      -      -      -       -
   11          5      -      -      -      -      -      -       -
   12          4      -      -      -      -      -      -       -
   13          5      -      -      -      -      -      -       -
   14         51      -      -      -      -      -      -       -
   15        120      -      -      -      -      -      -       -
   16        245      -      -      -      -      -      -       -
   17        163      -      -      -      -      -      -       -
   18          -      -      -      -      -      -      -       -
   19          -      -      -      -      -      -      -       -
   20          -      -      -      -      -      -      -       -
   21          -      -      -      -      -      -      -       -
   22          -      -      -      -      -      -      -       -
   23          -      -      -      -      -      -      -       -
 
TOTALS
 
12HR 7-19      -      -      -      -      -      -      -       -
16HR 6-22      -      -      -      -      -      -      -       -
18HR 6-24      -      -      -      -      -      -      -       -
24HR 0-24      -      -      -      -      -      -      -       -

 
 
 

