 
 
 
*LOCATION   : ............................................................
*SITE NUMBER: 11702320
*FILE NUMBER:        1
*INTERVAL   :   15 MIN
*BATTERY    :    6.3 V
*RESTARTS   :        0
*CONFIG     :        0
*CHANNEL    :  1 OF  1
 
             MON    TUE    WED    THU    FRI    SAT    SUN    7-DAY
DATE    04/05/31     01     02     03     04     05     06   AVERAGE
 
START HOUR
 
    0          -      5     11     20     14     31     20       -
    1          -      5      5      6     16     12     18       -
    2          -      4      2      6      3     21     18       -
    3          -      1      2      3      9     12     16       -
    4          -      4      5      8      2      4      8       -
    5          -     14     27     20     18     13      7       -
    6          -    109    106    106     87     19      8       -
    7          -    234    245    242    203     27     11       -
    8          -    305    278    296    241     58     19       -
    9          -    160    163    153    163     80     29       -
   10         92    123    121    142     94    117     56     106
   11         89    129    117    115    128    154     93     118
   12        101    297    151    132    117    134    134     152
   13        109    317    118    146    109    198    109     158
   14        119    466    142    157    147    177    158     195
   15        226    581    213    301    273    167    194     279
   16        352   1038    369    456    466    238    122     434
   17        303    906    375    496    288    158    132     380
   18        212    586    270    423    179    235    474     340
   19        178    445    228    354    734    112    158     316
   20        139     14    219    439    145    146    137     177
   21        170      0    178    201    111    121    154     134
   22         86      0     61     75     84     86     62      65
   23         15     17     37     27     59     50     31      34
 
TOTALS
 
12HR 7-19      -   5142   2562   3059   2408   1743   1531       -
16HR 6-22      -   5710   3293   4159   3485   2141   1988       -
18HR 6-24      -   5727   3391   4261   3628   2277   2081       -
24HR 0-24      -   5760   3443   4324   3690   2370   2168       -
 
 
 
 
*LOCATION   : ............................................................
*SITE NUMBER: 11702320
*FILE NUMBER:        1
*INTERVAL   :   15 MIN
*BATTERY    :    6.3 V
*RESTARTS   :        0
*CONFIG     :        0
*CHANNEL    :  1 OF  1
 
             MON    TUE    WED    THU    FRI    SAT    SUN    7-DAY
DATE    04/06/07     08     09     10     11     12     13   AVERAGE
 
START HOUR
 
    0         13      0      0      0      0      0      0       2
    1          4    688      0      0      0      0      0      99
    2          5   1715      0      0      0      0      0     246
    3          2   1916      0      0      0      0      0     274
    4          4   1111      0      0      0      0      0     159
    5         17      0      0      0      0      0      0       2
    6        108      0      0      0      0      0      0      15
    7        211      0      0      0      0      0      0      30
    8        274      0      0      0      0      0      0      39
    9        150      0      0      0      0      0      0      21
   10         95      0      0      0      0      0      0      14
   11        193      0      0      0      0      0      0      28
   12          3      0      0      0      0      0      0       0
   13          0      0      0      0      0      0      0       0
   14          0      0      0      0      0      0      0       0
   15          0      0      0      0      0      0      0       0
   16          0      0      0      0      0      0      0       0
   17          0      0      0      0      0      0      0       0
   18          0      0      0      0      0      0      0       0
   19          0      0      0      0      0      0      0       0
   20          0      0      0      0      0      0      0       0
   21          0      0      0      0      0      0      0       0
   22          0      0      0      0      0      0      0       0
   23          0      0      0      0      0      0      0       0
 
TOTALS
 
12HR 7-19    926      0      0      0      0      0      0     132
16HR 6-22   1034      0      0      0      0      0      0     148
18HR 6-24   1034      0      0      0      0      0      0     148
24HR 0-24   1079   5430      0      0      0      0      0     930
 
 
 
 
*LOCATION   : ............................................................
*SITE NUMBER: 11702320
*FILE NUMBER:        1
*INTERVAL   :   15 MIN
*BATTERY    :    6.3 V
*RESTARTS   :        0
*CONFIG     :        0
*CHANNEL    :  1 OF  1
 
             MON    TUE    WED    THU    FRI    SAT    SUN    7-DAY
DATE    04/06/14     15     16     17     18     19     20   AVERAGE
 
START HOUR
 
    0          0      0      0      0      0      0      0       0
    1          0      0      0      0      0      0      0       0
    2          0      0      0      0      0      0      0       0
    3          0      0      0      0      0      0      0       0
    4          0      0      0      0      0      0      0       0
    5          0      0      0      0      0      0      0       0
    6          0      0      0      0      0      0      0       0
    7          0      0      0      0      0      0      0       0
    8          6      0      0      0      0      0      0       1
    9          0      0      0      0      0      0      0       0
   10          0      0      0      0      0      0      0       0
   11          0      0      0      0      0      0      0       0
   12          0      0      0      0      0      0      0       0
   13          0      0      0      0      0      0      0       0
   14          0      0      0      0      0      0      0       0
   15          0      0      0      0      0      0      0       0
   16          0      0      0      0      0      0      0       0
   17          0      0      0      0      0      0      0       0
   18          0      0      0      0      0      0      0       0
   19          0      0      0      0      0      0      0       0
   20          0      0      0      0      0      0      0       0
   21          0      0      0      0      0      0      0       0
   22          0      0      0      0      0      0      0       0
   23          0      0      0      0      0      0      0       0
 
TOTALS
 
12HR 7-19      6      0      0      0      0      0      0       1
16HR 6-22      6      0      0      0      0      0      0       1
18HR 6-24      6      0      0      0      0      0      0       1
24HR 0-24      6      0      0      0      0      0      0       1
 
 
 
 
*LOCATION   : ............................................................
*SITE NUMBER: 11702320
*FILE NUMBER:        1
*INTERVAL   :   15 MIN
*BATTERY    :    6.3 V
*RESTARTS   :        0
*CONFIG     :        0
*CHANNEL    :  1 OF  1
 
             MON    TUE    WED    THU    FRI    SAT    SUN    7-DAY
DATE    04/06/21     22     23     24     25     26     27   AVERAGE
 
START HOUR
 
    0          0      0      0      0      0      0      0       0
    1          0      0      0      0      0      0      0       0
    2          0      0      0      0      0      0      0       0
    3          0      0      0      0      0      0      0       0
    4          0      0      0      0      0      0      0       0
    5          0      0      0      0      0      0      0       0
    6          0      0      0      0      0      0      0       0
    7          0      0      0      0      0      0      0       0
    8          0      0      0      0      0      0      0       0
    9          0      0      0      0      0      0      0       0
   10          0      0      0      0      0      0      0       0
   11          0      0      0      0      0      0      0       0
   12          0      0      0      0      0      0      0       0
   13          0      0      0      0      0      0      0       0
   14          0      0      0      0      0      0      0       0
   15          0      0      0      0      0      0      0       0
   16          0      0      0      0      0      0      0       0
   17          0      0      0      0      0      0      0       0
   18          0      0      0      0      0      0      0       0
   19          0      0      0      0      0      0      0       0
   20          0      0      0      0      0      0      0       0
   21          0      0      0      0      0      0      0       0
   22          0      0      0      0      0      0      0       0
   23          0      0      0      0      0      0      0       0
 
TOTALS
 
12HR 7-19      0      0      0      0      0      0      0       0
16HR 6-22      0      0      0      0      0      0      0       0
18HR 6-24      0      0      0      0      0      0      0       0
24HR 0-24      0      0      0      0      0      0      0       0
 
 
 
 
*LOCATION   : ............................................................
*SITE NUMBER: 11702320
*FILE NUMBER:        1
*INTERVAL   :   15 MIN
*BATTERY    :    6.3 V
*RESTARTS   :        0
*CONFIG     :        0
*CHANNEL    :  1 OF  1
 
             MON    TUE    WED    THU    FRI    SAT    SUN    7-DAY
DATE    04/06/28     29     30     01     02     03     04   AVERAGE
 
START HOUR
 
    0          0      0      0      0      0      0      0       0
    1          0      0      0      0      0      0      0       0
    2          0      0      0      0      0      0      0       0
    3          0      0      0      0      0      0      0       0
    4          0      0      0      0      0      0      0       0
    5          0      0      0      0      0      0      0       0
    6          0      0      0      0      0      0      0       0
    7          0      0      0      0      0      0      0       0
    8          0      0      0      0      0      0      0       0
    9          0      0      0      0      0      0      0       0
   10          0      0      0      0      0      0      0       0
   11          0      0      0      0      0      0      0       0
   12          0      0      0      0      0      0      0       0
   13          0      0      0      0      0      0      0       0
   14          0      0      0      5      0      0      0       1
   15          0      0      0      0      0      0      0       0
   16          0      0      0      0      0      0      0       0
   17          0      0      0      0      0      0      0       0
   18          0      0      0      0      0      0      0       0
   19          0      0      0      0      0      0      0       0
   20          0      0      0      0      0      0      0       0
   21          0      0      0      0      0      0      0       0
   22          0      0      0      0      0      0      0       0
   23          0      0      0      0      0      0      0       0
 
TOTALS
 
12HR 7-19      0      0      0      5      0      0      0       1
16HR 6-22      0      0      0      5      0      0      0       1
18HR 6-24      0      0      0      5      0      0      0       1
24HR 0-24      0      0      0      5      0      0      0       1
 
 
 
 
*LOCATION   : ............................................................
*SITE NUMBER: 11702320
*FILE NUMBER:        1
*INTERVAL   :   15 MIN
*BATTERY    :    6.3 V
*RESTARTS   :        0
*CONFIG     :        0
*CHANNEL    :  1 OF  1
 
             MON    TUE    WED    THU    FRI    SAT    SUN    7-DAY
DATE    04/07/05     06     07     08     09     10     11   AVERAGE
 
START HOUR
 
    0          0      0      0      0     26     34     22      12
    1          0      0      0      0     24     27     22      10
    2          0      0      0      0      9     20      8       5
    3          0      0      0      0      7     14     11       5
    4          0      0      0      0     12     10     11       5
    5          0      0      0      0     29     15     10       8
    6          0      0      0      0    104     29     24      22
    7          0      0      0      0    195     39     24      37
    8          0      0      0      0    220     50     31      43
    9          0      0      0      0    197     61     56      45
   10          0      0      0      0    203     77     64      49
   11          0      0      0      0    213     89     97      57
   12          0      0      0      0    236     86    135      65
   13          0      0      0      0    274     71    158      72
   14          0      0      0      0    288     59    208      79
   15          0      0      0      0    341     93    177      87
   16          0      0      0      0    307    120    176      86
   17          0      0      0      0      0     93    219      45
   18          0      0      0      0      0    124    215      48
   19          0      0      0      0      0    147    188      48
   20          0      0      0      0      0    163    207      53
   21          0      0      0      0      0    118    140      37
   22          0      0      0      0      0     83     82      24
   23          0      0      0    213     34     32     34      45
 
TOTALS
 
12HR 7-19      0      0      0      0   2474    962   1560     714
16HR 6-22      0      0      0      0   2578   1419   2119     874
18HR 6-24      0      0      0    213   2612   1534   2235     942
24HR 0-24      0      0      0    213   2719   1654   2319     986
 
 
 
 
*LOCATION   : ............................................................
*SITE NUMBER: 11702320
*FILE NUMBER:        1
*INTERVAL   :   15 MIN
*BATTERY    :    6.3 V
*RESTARTS   :        0
*CONFIG     :        0
*CHANNEL    :  1 OF  1
 
             MON    TUE    WED    THU    FRI    SAT    SUN    7-DAY
DATE    04/07/12     13     14     15     16     17     18   AVERAGE
 
START HOUR
 
    0         20     22     24     21     27     34     24      25
    1          6     14     12     20      8     25     23      15
    2          6      4      7     13      7     11     14       9
    3          6      1      3      7      9      7     22       8
    4          8      5      6      4      5     14      9       7
    5         28     32     25     28     32     15      5      24
    6         83     94     81     90     80     27     24      68
    7        184    181    176    184    167     48     36     139
    8        203    210    193    201    163     63     46     154
    9        201    187    172    185    183    102     85     159
   10        190    190    166    168    174    130    136     165
   11        191    186    182    211    199    167    189     189
   12        213    220    200    185    221    147    198     198
   13        219    183    194    202    196    154    209     194
   14        216    194    202    213    234    154    250     209
   15        330    260    258    315    246    129    228     252
   16        385    372    311    592    282    165    192     328
   17        407    408    339    400    351    169    191     324
   18        411    450    421    439    286    172    211     341
   19        374    474    346    392    366    217    344     359
   20        262    394    287    323    310    209    269     293
   21        228    278    177    276    195    188    218     223
   22        126    104    117    148    148    109    142     128
   23         39     37     44     45     56     47     56      46
 
TOTALS
 
12HR 7-19   3150   3041   2814   3295   2702   1600   1971    2653
16HR 6-22   4097   4281   3705   4376   3653   2241   2826    3597
18HR 6-24   4262   4422   3866   4569   3857   2397   3024    3771
24HR 0-24   4336   4500   3943   4662   3945   2503   3121    3859
 
 
 
 
*LOCATION   : ............................................................
*SITE NUMBER: 11702320
*FILE NUMBER:        1
*INTERVAL   :   15 MIN
*BATTERY    :    6.3 V
*RESTARTS   :        0
*CONFIG     :        0
*CHANNEL    :  1 OF  1
 
             MON    TUE    WED    THU    FRI    SAT    SUN    7-DAY
DATE    04/07/19     20     21     22     23     24     25   AVERAGE
 
START HOUR
 
    0         17     32     24     31     28     29     38      28
    1         17     14     17     18     20     16     28      19
    2          5      6      4     17     11     14     15      10
    3          6      4      8     10      6     21     10       9
    4          9      3      5      8     13      8     13       8
    5         30     16     32     32     26     13      6      22
    6        104     64    115     92     89     27     18      73
    7        179    132    211    179    175     45     35     137
    8        217    167    243    203    170     54     32     155
    9        175    180    207    198    152     70     64     149
   10        188    199    224    164    185    111    100     167
   11        198    185    231    207    201    146    143     187
   12        202    199    241    215    216    180    178     204
   13        196    167    220    211    225    166    199     198
   14        235    214    215    182    247    181    191     209
   15        244    246    282    238    271    146    122     221
   16        335    290    324    307    212    181    142     256
   17        321    286    313    249    191    136    139     234
   18        295    280    244    223    150    129    146     210
   19        293    259    316    237    135    118    206     223
   20        356    296    375    260    196    130    227     263
   21        320    267    286    241    198    109    242     238
   22        163    182    150    159     90    116    101     137
   23         41     40     46     50     31     43     33      41
 
TOTALS
 
12HR 7-19   2785   2545   2955   2576   2395   1545   1491    2327
16HR 6-22   3858   3431   4047   3406   3013   1929   2184    3124
18HR 6-24   4062   3653   4243   3615   3134   2088   2318    3302
24HR 0-24   4146   3728   4333   3731   3238   2189   2428    3399
 
 
 
 
*LOCATION   : ............................................................
*SITE NUMBER: 11702320
*FILE NUMBER:        1
*INTERVAL   :   15 MIN
*BATTERY    :    6.3 V
*RESTARTS   :        0
*CONFIG     :        0
*CHANNEL    :  1 OF  1
 
             MON    TUE    WED    THU    FRI    SAT    SUN    7-DAY
DATE    04/07/26     27     28     29     30     31     01   AVERAGE
 
START HOUR
 
    0         24     24     29     21     18     29     26      24
    1          5     11     16     17     12     20     15      14
    2          3      7      6      7      6      7     14       7
    3          6      2      4      2      1     12     16       6
    4          9      4      6      2      6     17     10       8
    5         22     32     12     17     15     16      9      18
    6         88    102     64     52     59     24     11      57
    7        203    222     77     96    100     32     22     107
    8        239    242    114    125    156     41     33     136
    9        192    211     99     96    141     45     50     119
   10        174    214     79     78    154     55     82     119
   11        192    229    104     82    146     67     85     129
   12        215    220    110     90    169     70    127     143
   13        169    218    146    113    154    105    200     158
   14        175    207    137     93    155     92    221     154
   15        239    266    153    129    147     91    203     175
   16        372    316    153    216    174    109    191     219
   17        306    308    142    261    147    103    203     210
   18        277    229    121    219    114     85    200     178
   19        290    208    106    163    168     88    151     168
   20        431    231     85    159    186    124    230     207
   21        307    276     69    127    161     97    205     177
   22        120    114     50     73     68    111    107      92
   23         30     29     22     17     25     30     42      28
 
TOTALS
 
12HR 7-19   2753   2882   1435   1598   1757    895   1617    1848
16HR 6-22   3869   3699   1759   2099   2331   1228   2214    2457
18HR 6-24   4019   3842   1831   2189   2424   1369   2363    2577
24HR 0-24   4088   3922   1904   2255   2482   1470   2453    2653
 
 
 
 
*LOCATION   : ............................................................
*SITE NUMBER: 11702320
*FILE NUMBER:        1
*INTERVAL   :   15 MIN
*BATTERY    :    6.3 V
*RESTARTS   :        0
*CONFIG     :        0
*CHANNEL    :  1 OF  1
 
             MON    TUE    WED    THU    FRI    SAT    SUN    7-DAY
DATE    04/08/02     03     04     05     06     07     08   AVERAGE
 
START HOUR
 
    0         18      -      -      -      -      -      -       -
    1          8      -      -      -      -      -      -       -
    2          4      -      -      -      -      -      -       -
    3          7      -      -      -      -      -      -       -
    4          7      -      -      -      -      -      -       -
    5         31      -      -      -      -      -      -       -
    6         98      -      -      -      -      -      -       -
    7        262      -      -      -      -      -      -       -
    8        335      -      -      -      -      -      -       -
    9        231      -      -      -      -      -      -       -
   10          -      -      -      -      -      -      -       -
   11          -      -      -      -      -      -      -       -
   12          -      -      -      -      -      -      -       -
   13          -      -      -      -      -      -      -       -
   14          -      -      -      -      -      -      -       -
   15          -      -      -      -      -      -      -       -
   16          -      -      -      -      -      -      -       -
   17          -      -      -      -      -      -      -       -
   18          -      -      -      -      -      -      -       -
   19          -      -      -      -      -      -      -       -
   20          -      -      -      -      -      -      -       -
   21          -      -      -      -      -      -      -       -
   22          -      -      -      -      -      -      -       -
   23          -      -      -      -      -    