 
 
 
*LOCATION   : ............................................................
*SITE NUMBER: 12002709
*FILE NUMBER:        5
*INTERVAL   :   15 MIN
*BATTERY    :    6.2 V
*RESTARTS   :        0
*CONFIG     :       12
*CHANNEL    :  1 OF  2
 
             MON    TUE    WED    THU    FRI    SAT    SUN    7-DAY
DATE    04/06/28     29     30     01     02     03     04   AVERAGE
 
START HOUR
 
    0          -      0      2      0      2      1      0       -
    1          -      1      1      0      2      2      0       -
    2          -      2      0      0      0      0      0       -
    3          -      0      0      1      1      2      0       -
    4          -      1      4      0      2      1      1       -
    5          -      3      4      2      4      1      0       -
    6          -     50     58     29     40      8      1       -
    7          -    122    120     70     99     11      4       -
    8          -    128    110     78    111      9      7       -
    9          -     66     32     46     64     10     23       -
   10          -     47     17     24     61      8     35       -
   11         26     63     20     43     76      6     73      44
   12         29     42     12     38     61      6     92      40
   13         25     36     16     35     73      4     81      39
   14         29     46     21     49     85      4     85      46
   15         65    109     54     83    109      7     79      72
   16         82    119     80    109    125      4     61      83
   17         72    123     46    102    111      2     42      71
   18         63    123     36     95     82      3     36      63
   19         53     86     21     74     58      8     36      48
   20         38     74     14     63     25     12     38      38
   21         31     41     11     36     11      6     21      22
   22          6     17      3     17     17      7      7      11
   23          5      9      3      1     10      1      2       4
 
TOTALS
 
12HR 7-19      -   1024    564    772   1057     74    618       -
16HR 6-22      -   1275    668    974   1191    108    714       -
18HR 6-24      -   1301    674    992   1218    116    723       -
24HR 0-24      -   1308    685    995   1229    123    724       -

 
 
 
 












*LOCATION   : ............................................................
*SITE NUMBER: 12002709
*FILE NUMBER:        5
*INTERVAL   :   15 MIN
*BATTERY    :    6.2 V
*RESTARTS   :        0
*CONFIG     :       12
*CHANNEL    :  1 OF  2
 
             MON    TUE    WED    THU    FRI    SAT    SUN    7-DAY
DATE    04/07/05     06     07     08     09     10     11   AVERAGE
 
START HOUR
 
    0          3      3      2      1     10      2      0       3
    1          2      3      2      2      3      3      1       2
    2          0      0      0      1      0      0      1       0
    3          2      1      2      2      1      1      0       1
    4          1      3      4      2      2      3      0       2
    5          6      8      5      7      7      2      0       5
    6         50     57     56     50     52      9      4      40
    7        107    108    103    120     85      9      8      77
    8        125    122    107     96    103     12     12      82
    9         55     52     67     69     50     19     20      47
   10         50     42     49     51     52     15     39      43
   11         52     57     45     59     70     23     44      50
   12         46     45     51     60     64     18     45      47
   13         53     43     45     57     68     11     59      48
   14         63     39     57     72     60      9     84      55
   15         99    120     88    125    120     18     50      89
   16        148    158    119    142    100     14     66     107
   17        137    131     98    125     78     23    100      99
   18        102    107     66     97     56     27     61      74
   19         72     83     56     83     36     35     43      58
   20         57     52     48     64     40     23     27      44
   21         33     41     36     39     20     26     13      30
   22         26     20     21     18     13      6     11      16
   23          4      6      3     18      4      3      2       6
 
TOTALS
 
12HR 7-19   1037   1024    895   1073    906    198    588     817
16HR 6-22   1249   1257   1091   1309   1054    291    675     989
18HR 6-24   1279   1283   1115   1345   1071    300    688    1012
24HR 0-24   1293   1301   1130   1360   1094    311    690    1026

 
 
 
 
*LOCATION   : ............................................................
*SITE NUMBER: 12002709
*FILE NUMBER:        5
*INTERVAL   :   15 MIN
*BATTERY    :    6.2 V
*RESTARTS   :        0
*CONFIG     :       12
*CHANNEL    :  1 OF  2
 
             MON    TUE    WED    THU    FRI    SAT    SUN    7-DAY
DATE    04/07/12     13     14     15     16     17     18   AVERAGE
 
START HOUR
 
    0          2      2      2      3      2      5      6       3
    1          0      0      1      1      4      4      5       2
    2          2      0      0      3      4      0      2       2
    3          0      0      1      1      2      3      1       1
    4          2      4      4      3      1      0      3       2
    5          6      4      6      8      6      3      3       5
    6         40     50     31     41     36     12      4      31
    7         84    106     90    109     88     17     12      72
    8        108    119     78     85     88     16     19      73
    9         57     60     40     45     47     23     26      43
   10         45     66     42     48     45     41     48      48
   11         46     73     47     46     68     62     83      61
   12         53     67     53     43     52     47     94      58
   13         65     89     51     40     55     43     91      62
   14         78     69     53     66     77     42     83      67
   15         96    111     90     95    103     45     55      85
   16        144    146    108    128    108     38     69     106
   17         96    117     92    109     74     31     95      88
   18        103     74     85     92     46     47     93      77
   19         83     68     65     65     76     50     50      65
   20         39     39     35     61     33     30     64      43
   21         25     36     29     31     28     23     62      33
   22         11     25     15     11      9      4      8      12
   23          5      5      6      9     10      3      6       6
 
TOTALS
 
12HR 7-19    975   1097    829    906    851    452    768     840
16HR 6-22   1162   1290    989   1104   1024    567    948    1012
18HR 6-24   1178   1320   1010   1124   1043    574    962    1030
24HR 0-24   1190   1330   1024   1143   1062    589    982    1046

 
 
 
 















*LOCATION   : ............................................................
*SITE NUMBER: 12002709
*FILE NUMBER:        5
*INTERVAL   :   15 MIN
*BATTERY    :    6.2 V
*RESTARTS   :        0
*CONFIG     :       12
*CHANNEL    :  1 OF  2
 
             MON    TUE    WED    THU    FRI    SAT    SUN    7-DAY
DATE    04/07/19     20     21     22     23     24     25   AVERAGE
 
START HOUR
 
    0          2      2      2      2      2      4      3       2
    1          0      0      0      0      0      2      2       1
    2          0      2      0      0      3      2      5       2
    3          0      1      1      1      1      0      4       1
    4          1      0      1      2      1      1      1       1
    5          4      2      5      7      7      1      2       4
    6         41     14     47     45     37     11      3      28
    7        104     66    117    117    103      4     14      75
    8         92     68    116     90     77     18     10      67
    9         70     42     53     55     62     20     23      46
   10         43     31     60     37     62     24     30      41
   11         84     29     47     53     61     52     48      53
   12         60     54     74     52     63     65     65      62
   13         59     45     64     60     65     46     71      59
   14         73     53     75     72     73     68     64      68
   15        131     79    102    100    110     69     38      90
   16        167    101    150    146     83     65     44     108
   17        122     95    107    109     53     58     81      89
   18         99     99    104     72     36     50     51      73
   19         95     61     84     61     31     52     57      63
   20         63     56     71     83     25     64     63      61
   21         30     35     43     63     14     28     32      35
   22         12     15     29     12     14      6      8      14
   23          3      3      5      0     16      3      6       5
 
TOTALS
 
12HR 7-19   1104    762   1069    963    848    539    539     832
16HR 6-22   1333    928   1314   1215    955    694    694    1019
18HR 6-24   1348    946   1348   1227    985    703    708    1038
24HR 0-24   1355    953   1357   1239    999    713    725    1049

 
 
 
 
*LOCATION   : ............................................................
*SITE NUMBER: 12002709
*FILE NUMBER:        5
*INTERVAL   :   15 MIN
*BATTERY    :    6.2 V
*RESTARTS   :        0
*CONFIG     :       12
*CHANNEL    :  1 OF  2
 
             MON    TUE    WED    THU    FRI    SAT    SUN    7-DAY
DATE    04/07/26     27     28     29     30     31     01   AVERAGE
 
START HOUR
 
    0          4      4      2      1      4      0      4       3
    1          1      0      3      1      0      0      0       1
    2          3      0      0      0      1      1      1       1
    3          0      0      0      2      0      0      1       0
    4          2      3      0      0      2      1      2       1
    5          8      6      1      1      2      0      2       3
    6         49     58     15     10     13      7      2      22
    7        109    119     34     31     45      7      7      50
    8        107    141     29     25     45     15     12      53
    9         53     70     12     18     30      6     17      29
   10         55     59      7      7     30      8     30      28
   11         46     70     10      7     22      5     49      30
   12         71     70     21      7     31      9     46      36
   13         61     71     29     11     26     14     82      42
   14         67     88     25     13     33     21     91      48
   15        115    124     36     26     43     23     68      62
   16        182    146     42     32     48     29     59      77
   17        151    143     35     21     29     18     85      69
   18        100    132     42     25     27     10     63      57
   19        101     81     31     16     55     13     62      51
   20         65     51     25     11     14     18     85      38
   21         49     43     24      9      5      8     26      23
   22         31      8      5      5      8      6     15      11
   23          6      8      2      1      1      4      2       3
 
TOTALS
 
12HR 7-19   1117   1233    322    223    409    165    609     583
16HR 6-22   1381   1466    417    269    496    211    784     718
18HR 6-24   1418   1482    424    275    505    221    801     732
24HR 0-24   1436   1495    430    280    514    223    811     741

 
 
 
 











*LOCATION   : ............................................................
*SITE NUMBER: 12002709
*FILE NUMBER:        5
*INTERVAL   :   15 MIN
*BATTERY    :    6.2 V
*RESTARTS   :        0
*CONFIG     :       12
*CHANNEL    :  1 OF  2
 
             MON    TUE    WED    THU    FRI    SAT    SUN    7-DAY
DATE    04/08/02     03     04     05     06     07     08   AVERAGE
 
START HOUR
 
    0          6      -      -      -      -      -      -       -
    1          0      -      -      -      -      -      -       -
    2          0      -      -      -      -      -      -       -
    3          1      -      -      -      -      -      -       -
    4          4      -      -      -      -      -      -       -
    5          6      -      -      -      -      -      -       -
    6         47      -      -      -      -      -      -       -
    7        146      -      -      -      -      -      -       -
    8        158      -      -      -      -      -      -       -
    9         61      -      -      -      -      -      -       -
   10         53      -      -      -      -      -      -       -
   11         67      -      -      -      -      -      -       -
   12         98      -      -      -      -      -      -       -
   13         99      -      -      -      -      -      -       -
   14         84      -      -      -      -      -      -       -
   15          -      -      -      -      -      -      -       -
   16          -      -      -      -      -      -      -       -
   17          -      -      -      -      -      -      -       -
   18          -      -      -      -      -      -      -       -
   19          -      -      -      -      -      -      -       -
   20          -      -      -      -      -      -      -       -
   21          -      -      -      -      -      -      -       -
   22          -      -      -      -      -      -      -       -
   23          -      -      -      -      -      -      -       -
 
TOTALS
 
12HR 7-19      -      -      -      -      -      -      -       -
16HR 6-22      -      -      -      -      -      -      -       -
18HR 6-24      -      -      -      -      -      -      -       -
24HR 0-24      -      -      -      -      -      -      -       -

