 
 
 
*LOCATION   : ............................................................
*SITE NUMBER: 12102710
*FILE NUMBER:        3
*INTERVAL   :   15 MIN
*BATTERY    :    6.1 V
*RESTARTS   :        0
*CONFIG     :       12
*CHANNEL    :  1 OF  2
 
             TUE    WED    THU    FRI    SAT    SUN    MON    7-DAY
DATE    04/06/29     30     01     02     03     04     05   AVERAGE
 
START HOUR
 
    0          -      5      0     10      6      3      4       -
    1          -      3      0      4      7      3      4       -
    2          -      3      2      2      4      3      5       -
    3          -      0      0      4      1      2      0       -
    4          -      3      4      6      2      0      4       -
    5          -     16      5     14      7      5     16       -
    6          -     44     26     39      6      9     42       -
    7          -     74     37     50      3      6     61       -
    8          -     14     21     34     12     15     24       -
    9          -     13     30     35      9     31     24       -
   10          -      3     35     36      4     47     45       -
   11          -      6     37     44      8     88     40       -
   12          -      8     32     49      5    108     42       -
   13         42      7     50     77      5    103     51      48
   14         31      8     51     51      3     90     57      42
   15         68     31     60     65      7     80     71      55
   16         68     26     60     79      4     34    103      53
   17         79     23     85     69      0     53     77      55
   18         81     10     64     58      5     61     75      51
   19         76     11     65     54      1     53     68      47
   20         54     13     53     31     11     45     57      38
   21         36     12     38     23      9     31     28      25
   22         20      3     26     13      5      9     14      13
   23          8      2     10      9      4      6      9       7
 
TOTALS
 
12HR 7-19      -    223    562    647     65    716    670       -
16HR 6-22      -    303    744    794     92    854    865       -
18HR 6-24      -    308    780    816    101    869    888       -
24HR 0-24      -    338    791    856    128    885    921       -
 
 
 
 
*LOCATION   : ............................................................
*SITE NUMBER: 12102710
*FILE NUMBER:        3
*INTERVAL   :   15 MIN
*BATTERY    :    6.1 V
*RESTARTS   :        0
*CONFIG     :       12
*CHANNEL    :  1 OF  2
 
             TUE    WED    THU    FRI    SAT    SUN    MON    7-DAY
DATE    04/07/06     07     08     09     10     11     12   AVERAGE
 
START HOUR
 
    0          6      6      3      3     12      9      3       6
    1          0      3      4      4      6      4      1       3
    2          1      2      2      2      3      0      2       2
    3          0      2      4      0      1      3      2       2
    4          6      5      3      3      6      2      1       4
    5         15     15     21     16      7      4     14      13
    6         53     45     47     39     10      4     37      34
    7         71     63     51     49      4      9     51      43
    8         35     25     37     25      9      6     23      23
    9         38     19     34     38     11     21     37      28
   10         31     30     69     41      7     36     50      38
   11         53     41     67     49     12     49     59      47
   12         51     35     62     45     11     62     50      45
   13         52     47     66     64      8     90     62      56
   14         60     55     75     87     12     76     62      61
   15         63     54     90     76     21     68     87      66
   16         83     73     92     68     24     60     90      70
   17         83     63     77     65     29     74     81      67
   18         57     64     74     46     48     76     73      63
   19         68     57     85     34     31     62     51      55
   20         69     30     50     32     39     44     25      41
   21         63     30     45     25     20     30     25      34
   22         15     15     21     15     17      9     15      15
   23         11      7     11      5     13      5     11       9
 
TOTALS
 
12HR 7-19    677    569    794    653    196    627    725     606
16HR 6-22    930    731   1021    783    296    767    863     770
18HR 6-24    956    753   1053    803    326    781    889     794
24HR 0-24    984    786   1090    831    361    803    912     824
 
 
 
 
*LOCATION   : ............................................................
*SITE NUMBER: 12102710
*FILE NUMBER:        3
*INTERVAL   :   15 MIN
*BATTERY    :    6.1 V
*RESTARTS   :        0
*CONFIG     :       12
*CHANNEL    :  1 OF  2
 
             TUE    WED    THU    FRI    SAT    SUN    MON    7-DAY
DATE    04/07/13     14     15     16     17     18     19   AVERAGE
 
START HOUR
 
    0          4      5      5      3      8      3      7       5
    1          1      2      1      3      7      3      4       3
    2          4      4      3      3      1      6      2       3
    3          3      0      2      1      5      0      2       2
    4          1      1      2      3      3      3      5       3
    5         15     14     17     14      9      7     14      13
    6         38     36     40     33      8      9     44      30
    7         61     43     53     57      6      7     49      39
    8         22     15     30     30     24      7     38      24
    9         26     27     25     30     12     22     35      25
   10         41     26     35     40     40     64     57      43
   11         79     53     56     60     45     89     55      62
   12         65     59     43     95     33    111     79      69
   13         53     65     56     72     44    129     78      71
   14         50     61     62     84     33    105     74      67
   15         78     70     75    105     31    124     84      81
   16         81     74     77     83     54     90     96      79
   17        101     70     74     78     47    116    117      86
   18         88     50     82     73     38     79     71      69
   19         69     50     71     52     43     80     68      62
   20         61     42     44     46     30     70     55      50
   21         48     32     27     41     29     41     35      36
   22         13     18     22     11     17     18     13      16
   23          5      9     13     11      6      7     13       9
 
TOTALS
 
12HR 7-19    745    613    668    807    407    943    833     717
16HR 6-22    961    773    850    979    517   1143   1035     894
18HR 6-24    979    800    885   1001    540   1168   1061     919
24HR 0-24   1007    826    915   1028    573   1190   1095     948
 
 
 
 
*LOCATION   : ............................................................
*SITE NUMBER: 12102710
*FILE NUMBER:        3
*INTERVAL   :   15 MIN
*BATTERY    :    6.1 V
*RESTARTS   :        0
*CONFIG     :       12
*CHANNEL    :  1 OF  2
 
             TUE    WED    THU    FRI    SAT    SUN    MON    7-DAY
DATE    04/07/20     21     22     23     24     25     26   AVERAGE
 
START HOUR
 
    0          4      8      3      3      7      9      8       6
    1          2      7      1      6      7      7      4       5
    2          2      5      1      2      3      7      2       3
    3          1      0      3      4      2      1      0       2
    4          2      2      1      3      3      1      3       2
    5          2     19     16     10      2      5     13      10
    6         10     44     45     43      6      3     44      28
    7         20     66     65     48      3      6     62      39
    8         18     35     33     37     18     12     29      26
    9         15     46     23     34     18     26     36      28
   10         31     45     48     43     28     35     49      40
   11         36     57     62     53     34     58     62      52
   12         40     64     80     61     67     85     71      67
   13         64     78     52    100     52     78     57      69
   14         57     87     75     74     59     87     50      70
   15         74     81     92     54     81     70     59      73
   16         77    104     97     78     65     51     91      80
   17         98     87     88     42     80     64     94      79
   18         93     88     70     21     56     65    113      72
   19         72     61     88     25     42     64    110      66
   20         60     60     42     26     39     42     69      48
   21         50     61     38     28     41     22     42      40
   22         17     22     21     16     11     12     22      17
   23          6     18     12     11      7      6     15      11
 
TOTALS
 
12HR 7-19    623    838    785    645    561    637    773     695
16HR 6-22    815   1064    998    767    689    768   1038     877
18HR 6-24    838   1104   1031    794    707    786   1075     905
24HR 0-24    851   1145   1056    822    731    816   1105     932
 
 
 
 
*LOCATION   : ............................................................
*SITE NUMBER: 12102710
*FILE NUMBER:        3
*INTERVAL   :   15 MIN
*BATTERY    :    6.1 V
*RESTARTS   :        0
*CONFIG     :       12
*CHANNEL    :  1 OF  2
 
             TUE    WED    THU    FRI    SAT    SUN    MON    7-DAY
DATE    04/07/27     28     29     30     31     01     02   AVERAGE
 
START HOUR
 
    0          4      7      3      1      8      4      5       5
    1          7      7      1      2      2      8      4       4
    2          1      4      1      1      3      4      3       2
    3          2      0      0      0      0      0      0       0
    4          1      2      2      3      3      4      6       3
    5         14      3      5      8      5      8     16       8
    6         50     29     21     23      5      5     45      25
    7         61     19     10     30      7      4     87      31
    8         51      7     11     23      4      8     48      22
    9         37      7      1     12      3     15     37      16
   10         38      8      3     29      8     29     44      23
   11         98      7      4     40      5     29     54      34
   12         90     22      8     34      3     78     49      41
   13         58     16      4     28     29     83     78      42
   14         76     22     12     50     24    106      -       -
   15         91     35     22     38     31    114      -       -
   16         95     42     28     38     41    100      -       -
   17         79     34     20     25     31    100      -       -
   18         69     26     14     35     28     96      -       -
   19         60     26     17     22     30     78      -       -
   20         67     28      9     31     22     58      -       -
   21         30     14      6     15     23     35      -       -
   22         26      4      6     14     13     18      -       -
   23         12      6      1      2     14      3      -       -
 
TOTALS
 
12HR 7-19    843    245    137    382    214    762      -       -
16HR 6-22   1050    342    190    473    294    938      -       -
18HR 6-24   1088    352    197    489    321    959      -       -
24HR 0-24   1117    375    209    504    342    987      -       -
 
 
 
 
*LOCATION   : ............................................................
*SITE NUMBER: 12102710
*FILE NUMBER:        3
*INTERVAL   :   15 MIN
*BATTERY    :    6.1 V
*RESTARTS   :        0
*CONFIG     :       12
*CHANNEL    :  2 OF  2
 
             TUE    WED    THU    FRI    SAT    SUN    MON    7-DAY
DATE    04/06/29     30     01     02     03     04     05   AVERAGE
 
START HOUR
 
    0          -      3      0     11      4      1      4       -
    1          -      2      0      3      0      1      1       -
    2          -      1      1      0      3      1      2       -
    3          -      0      0      2      1      0      0       -
    4          -      2      0      6      2      2      0       -
    5          -      5      4      2      2      3      4       -
    6          -     17      9     19      0      4     19       -
    7          -     21     16     25      4     10     23       -
    8          -     12     13     32      6      5     17       -
    9          -      7     18     20      5     16     18       -
   10          -      6     22     26      5     34     17       -
   11          -      3     24     32      1     41     25       -
   12          -      5     32     26      2     33     20       -
   13         26      5     26     41      2     90     22      30
   14         19      6     28     39      4     58     37      27
   15         27     11     26     46      5     53     39      30
   16         35     17     37     43      2     20     61      31
   17         33      4     53     35      3     25     49      29
   18         43      5     43     21      1     34     46      28
   19         33      4     49     55      4     51     34      33
   20         19      5     30     25      5     24     29      20
   21         14      2     27     14      4     20     15      14
   22          6      1     14     12      1      7      9       7
   23          6      1      3      4      2      3      7       4
 
TOTALS
 
12HR 7-19      -    102    338    386     40    419    374       -
16HR 6-22      -    130    453    499     53    518    471       -
18HR 6-24      -    132    470    515     56    528    487       -
24HR 0-24      -    145    475    539     68    536    498       -
 
 
 
 
*LOCATION   : ............................................................
*SITE NUMBER: 12102710
*FILE NUMBER:        3
*INTERVAL   :   15 MIN
*BATTERY    :    6.1 V
*RESTARTS   :        0
*CONFIG     :       12
*CHANNEL    :  2 OF  2
 
             TUE    WED    THU    FRI    SAT    SUN    MON    7-DAY
DATE    04/07/06     07     08     09     10     11     12   AVERAGE
 
START HOUR
 
    0          4      1      2      1      1      3      1       2
    1          3      3      2      4      3      3      1       3
    2          1      1      2      1      2      2      2       2
    3          1      2      2      0      0      2      0       1
    4          0      0      1      0      0      2      0       0
    5          3      3      6      5      3      2      4       4
    6         19     20     23     13      5      4     14      14
    7         22     18     27     29      9     12     35      22
    8         16     17     21     19      8      2     27      16
    9         17     13     19     21      5     17     25      17
   10         15     14     31     27      8     14     28      20
   11         26     20     38     25      5     29     36      26
   12         23     24     34     28     12     25     45      27
   13         21     27     49     21      7     39     41      29
   14         29     32     37     36      5     61     30      33
   15         54     37     30     47      5     38     46      37
   16         36     33     44     29     14     32     51      34
   17         34     36     53     23     24     49     68      41
   18         30     31     47     17     29     38     55      35
   19         42     23     34     15     22     33     30      28
   20         32     26     32     22     18     29     28      27
   21         22     16     17     16     20     22     15      18
   22          7      5     13      6      8      2      8       7
   23          7      3      8      6      5      5      3       5
 
TOTALS
 
12HR 7-19    323    302    430    322    131    356    487     336
16HR 6-22    438    387    536    388    196    444    574     423
18HR 6-24    452    395    557    400    209    451    585     436
24HR 0-24    464    405    572    411    218    465    593     447
 
 
 
 
*LOCATION   : ............................................................
*SITE NUMBER: 12102710
*FILE NUMBER:        3
*INTERVAL   :   15 MIN
*BATTERY    :    6.1 V
*RESTARTS   :        0
*CONFIG     :       12
*CHANNEL    :  2 OF  2
 
             TUE    WED    THU    FRI    SAT    SUN    MON    7-DAY
DATE    04/07/13     14     15     16     17     18     19   AVERAGE
 
START HOUR
 
    0          3      1      0      2      7      3      2       3
    1          1      0      0      1      3      2      1       1
    2          4      1      1      0      2      1      2       2
    3          2      1      3      0      1      5      0       2
    4          4      0      0      4      1      0      0       1
    5          5      4      5      6      4      5      7       5
    6         16     13     16     14      6      6     16      12
    7         25     23     32     35     11     12     37      25
    8         21     15     19     17      8     14     18      16
    9         27     17     21     26     12     22     32      22
   10         34     23     20     24     34     45     27      30
   11         33     38     27     37     35     60     34      38
   12         40     29     36     45     34     76     35      42
   13         29     43     39     46     23     61     50      42
   14         32     28     25     60     18     86     48      42
   15         41     54     57     38     30     66     69      51
   16         44     39     43     43     44     53     57      46
   17         68     26     42     43     22     46     59      44
   18         53     29     45     39     30     57     63      45
   19         45     19     53     45     27     39     57      41
   20         42     24     36     41     29     29     43      35
   21         36     18     33     17     18     25     33      26
   22         15      9     18      5      6      8      7      10
   23          6      3      7      7      3      1      6       5
 
TOTALS
 
12HR 7-19    447    364    406    453    301    598    529     443
16HR 6-22    586    438    544    570    381    697    678     556
18HR 6-24    607    450    569    582    390    706    691     571
24HR 0-24    626    457    578    595    408    722    703     584
 
 
 
 
*LOCATION   : ............................................................
*SITE NUMBER: 12102710
*FILE NUMBER:        3
*INTERVAL   :   15 MIN
*BATTERY    :    6.1 V
*RESTARTS   :        0
*CONFIG     :       12
*CHANNEL    :  2 OF  2
 
             TUE    WED    THU    FRI    SAT    SUN    MON    7-DAY
DATE    04/07/20     21     22     23     24     25     26   AVERAGE
 
START HOUR
 
    0          5      3      4      4      1      1      2       3
    1          1      0      0      1      4      2      0       1
    2          0      0      1      2      6      2      0       2
    3          0      2      1      0      3      0      1       1
    4          0      4      0      0      2      0      3       1
    5          2      8     12      8      0      3      9       6
    6          2     21     18     14      2      3     23      12
    7         14     34     33     35      8      3     30      22
    8         12     27     19     15      9     13     20      16
    9         13     23     15     17     11     22     24      18
   10         22     31     33     28     21     33     24      27
   11         31     36     40     28     16     23     32      29
   12         37     54     36     39     23     40     43      39
   13         41     44     40     43     28     35     44      39
   14         42     40     45     46     37     54     36      43
   15         36     56     57     47     21     27     39      40
   16         52     72     51     29     36     33     46      46
   17         60     61     59     24     34     32     52      46
   18         53     47     41     21     34     31     63      41
   19         52     34     40     16     25     40     48      36
   20         55     30     41     13     24     29     39      33
   21         31     23     25     14     10     15     29      21
   22         17     25     11      8      5      4     26      14
   23          5      8      9      2      4      4      5       5
 
TOTALS
 
12HR 7-19    413    525    469    372    278    346    453     408
16HR 6-22    553    633    593    429    339    433    592     510
18HR 6-24    575    666    613    439    348    441    623     529
24HR 0-24    583    683    631    454    364    449    638     543
 
 
 
 
*LOCATION   : ............................................................
*SITE NUMBER: 12102710
*FILE NUMBER:        3
*INTERVAL   :   15 MIN
*BATTERY    :    6.1 V
*RESTARTS   :        0
*CONFIG     :       12
*CHANNEL    :  2 OF  2
 
             TUE    WED    THU    FRI    SAT    SUN    MON    7-DAY
DATE    04/07/27     28     29     30     31     01     02   AVERAGE
 
START HOUR
 
    0          4     32      4      2      4      2      2       7
    1          1      0      0      0      3      2      2       1
    2          4      0      0      1      2      0      2       1
    3          0      0      0      1      1      1      1       1
    4          3      0      1      0      2      0      1       1
    5          5      3      2      4      1      2     12       4
    6         16      4      5      5      1      2     30       9
    7         40     16     12     16     10     10     39      20
    8         17      8     10     13      7      2     19      11
    9         27      8      3     11      3      7    264      46
   10         28      3      0     17      2     19     42      16
   11         36      8      2     22      4     38     39      21
   12         28     11      3     15      6     44     49      22
   13         51     15      6     22     16     52     55      31
   14         33     18      8     25     24     66      -       -
   15         53     18     12     18     12     66      -       -
   16         44     18     10     24     12     57      -       -
   17         50     22     10     13     12     71      -       -
   18         36     19     11     24     17     73      -       -
   19         38     24     14     16     17     41      -       -
   20         38     14      8     19     17     43      -       -
   21         25      2      2     19     14     17      -       -
   22         10      4      1      9      4      7      -       -
   23          9      2      1      2      3      1      -       -
 
TOTALS
 
12HR 7-19    443    164     87    220    125    505      -       -
16HR 6-22    560    208    116    279    174    608      -       -
18HR 6-24    579    214    118    290    181    616      -       -
24HR 0-24    596    249    125    298    194    623      -       -
 
