 
 
 
*LOCATION   : ............................................................
*SITE NUMBER: 11703720
*FILE NUMBER:        6
*INTERVAL   :   15 MIN
*BATTERY    :    6.1 V
*RESTARTS   :        0
*CONFIG     :       12
*CHANNEL    :  1 OF  2
 
             MON    TUE    WED    THU    FRI    SAT    SUN    7-DAY
DATE    04/09/06     07     08     09     10     11     12   AVERAGE
 
START HOUR
 
    0          -      7     16      8      7     17     10       -
    1          -      5      2     11      9     11     17       -
    2          -      2      6      3      4      6     11       -
    3          -      1      2      0      6      9      9       -
    4          -      2      6      2      2      1      4       -
    5          -     15     15     12     18      6      0       -
    6          -     61     51     61     37     17     10       -
    7          -    250    171    186    181     16      8       -
    8          -    312    257    267    240     42     18       -
    9          -    155    129    111    110     58     27       -
   10          -    107     87     85     76     78     50       -
   11         94    109     67     73     93    153    100      98
   12         95     93     85     89     78    148     94      97
   13        113    121     77    103     77    196     70     108
   14        115    117     91     96    135    159     69     112
   15        164    122    142    144    181    139     57     136
   16        274    258    236    238    237    130     65     205
   17        251    211    210    213    193    153     82     188
   18        187    118    213    172    149    108     94     149
   19        139    105    131     95    124     63     73     104
   20        115     90     95     82     77     51     38      78
   21         68     70     57     65     50     39     29      54
   22         30     29     32     23     21     22     19      25
   23         21     19     20     17     22     16      8      18
 
TOTALS
 
12HR 7-19      -   1973   1765   1777   1750   1380    734       -
16HR 6-22      -   2299   2099   2080   2038   1550    884       -
18HR 6-24      -   2347   2151   2120   2081   1588    911       -
24HR 0-24      -   2379   2198   2156   2127   1638    962       -
 
 
 
 
*LOCATION   : ............................................................
*SITE NUMBER: 11703720
*FILE NUMBER:        6
*INTERVAL   :   15 MIN
*BATTERY    :    6.1 V
*RESTARTS   :        0
*CONFIG     :       12
*CHANNEL    :  1 OF  2
 
             MON    TUE    WED    THU    FRI    SAT    SUN    7-DAY
DATE    04/09/13     14     15     16     17     18     19   AVERAGE
 
START HOUR
 
    0          7     15      6     12      7     13      9      10
    1          3      4      8      6      4     11     10       7
    2          0      4      2      3      0      7      3       3
    3          0      3      2      2      3      2      9       3
    4          2      4      5      2      7      5      5       4
    5         21     18     20      9     14      6      4      13
    6         75     65     58     39     43      7      1      41
    7        274    224    209    155    143     13     15     148
    8        361    261    214    247    202     31     17     190
    9        223    126    140    105    115     40     19     110
   10         88     83     99     74     58     52     48      72
   11        109     71     93     50     85     58     51      74
   12        122     74     72     57     79     65     97      81
   13         92     70     83     44     96    106     71      80
   14        156     93    104     60    107     69    106      99
   15        188     99    145     80    153     93    119     125
   16        364    212    247    170    203     86    113     199
   17        333    199    215    153    189     88    100     182
   18        282    163    196    163     94     44     89     147
   19        187    141    157     76     47     37     74     103
   20        136    152    101     66     55     28     52      84
   21         76     58     76     43     32     23     26      48
   22         32     21     27     16     23     13     18      21
   23         12     20     17     15     16     14      5      14
 
TOTALS
 
12HR 7-19   2592   1675   1817   1358   1524    745    845    1508
16HR 6-22   3066   2091   2209   1582   1701    840    998    1784
18HR 6-24   3110   2132   2253   1613   1740    867   1021    1819
24HR 0-24   3143   2180   2296   1647   1775    911   1061    1859
 
 
 
 
*LOCATION   : ............................................................
*SITE NUMBER: 11703720
*FILE NUMBER:        6
*INTERVAL   :   15 MIN
*BATTERY    :    6.1 V
*RESTARTS   :        0
*CONFIG     :       12
*CHANNEL    :  1 OF  2
 
             MON    TUE    WED    THU    FRI    SAT    SUN    7-DAY
DATE    04/09/20     21     22     23     24     25     26   AVERAGE
 
START HOUR
 
    0         13      1      4      8     11     11      4       7
    1          6      3      4      4      4      6      9       5
    2          2      3      1      3      7      8      2       4
    3          0      0      3      3      0      2      6       2
    4          3      3      2      2      4      3      3       3
    5         21      9     13     15      7      3      1      10
    6         54     34     48     60     42      9      5      36
    7        173    118    147    133    134      9     12     104
    8        244    122    169    225    206     19     11     142
    9        132     49     98     87    108     37     36      78
   10         90     53     57     58     69     52     68      64
   11         97     49     61     65     90     64    119      78
   12         93     42     68     78     96     85    133      85
   13        112     36     84     85     98     67    172      93
   14        139     48     85     80    105     83    148      98
   15        169     66    116    119    147     99    163     126
   16        244    105    174    173    202     72    156     161
   17        235    149    127    150    167     83    116     147
   18        211    107     94    111     87     69     83     109
   19        135     82     83    100     78     36     54      81
   20         83     54     50     67     52     38     46      56
   21         47     34     49     62     32     16     15      36
   22         26     18     20     17     19      8     10      17
   23         17     14     10      6     16     13      5      12
 
TOTALS
 
12HR 7-19   1939    944   1280   1364   1509    739   1217    1285
16HR 6-22   2258   1148   1510   1653   1713    838   1337    1494
18HR 6-24   2301   1180   1540   1676   1748    859   1352    1522
24HR 0-24   2346   1199   1567   1711   1781    892   1377    1553
 
 
 
 
*LOCATION   : ............................................................
*SITE NUMBER: 11703720
*FILE NUMBER:        6
*INTERVAL   :   15 MIN
*BATTERY    :    6.1 V
*RESTARTS   :        0
*CONFIG     :       12
*CHANNEL    :  1 OF  2
 
             MON    TUE    WED    THU    FRI    SAT    SUN    7-DAY
DATE    04/09/27     28     29     30     01     02     03   AVERAGE
 
START HOUR
 
    0          2      8      6      4     10     14     15       8
    1          2      2      1      3      5     14      6       5
    2          2      1      2      2     13      2      3       4
    3          0      0      0      2      2      5      4       2
    4          3      2      2      8      3      5      5       4
    5         10     11      6      3      4      3      2       6
    6         39     45     46     62     40     12      2      35
    7        134    121    163    144    170     14     11     108
    8        183    129    201    228    206     34     17     143
    9         93     54    129    126     97     57     32      84
   10         50     41     63     77     74     87     45      62
   11         52     63     83    116     73    108     66      80
   12         55     61     88    118     76    125     86      87
   13         53     50     76    102     95    150     91      88
   14         48     68     89    106    113    123    107      93
   15         79     83    130    129    150    104     95     110
   16        138    133    184    184    177     95     74     141
   17        127    125    180    200    223     83     66     143
   18         83     97    148    140     92     71     44      96
   19         63     96    126     88     91     30     36      76
   20         63     70     65     73     39     23     30      52
   21         31     32     57     49     36     25     22      36
   22         18     20     23     21     22     11      8      18
   23          0     11      7     17     12      8      6       9
 
TOTALS
 
12HR 7-19   1095   1025   1534   1670   1546   1051    734    1236
16HR 6-22   1291   1268   1828   1942   1752   1141    824    1435
18HR 6-24   1309   1299   1858   1980   1786   1160    838    1461
24HR 0-24   1328   1323   1875   2002   1823   1203    873    1490
 
 
 
 
*LOCATION   : ............................................................
*SITE NUMBER: 11703720
*FILE NUMBER:        6
*INTERVAL   :   15 MIN
*BATTERY    :    6.1 V
*RESTARTS   :        0
*CONFIG     :       12
*CHANNEL    :  1 OF  2
 
             MON    TUE    WED    THU    FRI    SAT    SUN    7-DAY
DATE    04/10/04     05     06     07     08     09     10   AVERAGE
 
START HOUR
 
    0          6      -      -      -      -      -      -       -
    1          2      -      -      -      -      -      -       -
    2          0      -      -      -      -      -      -       -
    3          0      -      -      -      -      -      -       -
    4          3      -      -      -      -      -      -       -
    5          9      -      -      -      -      -      -       -
    6         49      -      -      -      -      -      -       -
    7        138      -      -      -      -      -      -       -
    8        192      -      -      -      -      -      -       -
    9        128      -      -      -      -      -      -       -
   10         70      -      -      -      -      -      -       -
   11         75      -      -      -      -      -      -       -
   12        105      -      -      -      -      -      -       -
   13         94      -      -      -      -      -      -       -
   14         95      -      -      -      -      -      -       -
   15          -      -      -      -      -      -      -       -
   16          -      -      -      -      -      -      -       -
   17          -      -      -      -      -      -      -       -
   18          -      -      -      -      -      -      -       -
   19          -      -      -      -      -      -      -       -
   20          -      -      -      -      -      -      -       -
   21          -      -      -      -      -      -      -       -
   22          -      -      -      -      -      -      -       -
   23          -      -      -      -      -      -      -       -
 
TOTALS
 
12HR 7-19      -      -      -      -      -      -      -       -
16HR 6-22      -      -      -      -      -      -      -       -
18HR 6-24      -      -      -      -      -      -      -       -
24HR 0-24      -      -      -      -      -      -      -       -
 
 
 
 
*LOCATION   : ............................................................
*SITE NUMBER: 11703720
*FILE NUMBER:        6
*INTERVAL   :   15 MIN
*BATTERY    :    6.1 V
*RESTARTS   :        0
*CONFIG     :       12
*CHANNEL    :  2 OF  2
 
             MON    TUE    WED    THU    FRI    SAT    SUN    7-DAY
DATE    04/09/06     07     08     09     10     11     12   AVERAGE
 
START HOUR
 
    0          -      2      0      6      2      8      9       -
    1          -      0      1      1      1      5      9       -
    2          -      1      2      2      3      1      3       -
    3          -      3      0      0      0      3      3       -
    4          -      3      2      2      1      5      1       -
    5          -      7      4      3      7      2      2       -
    6          -     36     38     45     33      9      1       -
    7          -    129    103    112    115     12      6       -
    8          -    173    150    162    152     20     14       -
    9          -     88     72     76     75     44     19       -
   10          -     47     39     43     53     49     27       -
   11         44     33     35     32     39     72     43      43
   12         49     31     30     37     46     78     65      48
   13         47     38     29     35     41     74     34      43
   14         43     47     45     54     56    108     35      55
   15        119    139     93    119    126     83     22     100
   16        199    165    182    162    184     42     44     140
   17        173    124    124    147    126     55     48     114
   18        102     77     95     87     85     59    123      90
   19         83     38     69     51     48     31     51      53
   20         70     62     63     71     66     25     41      57
   21         40     36     50     41     29     12     23      33
   22         12     11     12     26     22     18     10      16
   23          3     12     14     11     14     14      9      11
 
TOTALS
 
12HR 7-19      -   1091    997   1066   1098    696    480       -
16HR 6-22      -   1263   1217   1274   1274    773    596       -
18HR 6-24      -   1286   1243   1311   1310    805    615       -
24HR 0-24      -   1302   1252   1325   1324    829    642       -
 
 
 
 
*LOCATION   : ............................................................
*SITE NUMBER: 11703720
*FILE NUMBER:        6
*INTERVAL   :   15 MIN
*BATTERY    :    6.1 V
*RESTARTS   :        0
*CONFIG     :       12
*CHANNEL    :  2 OF  2
 
             MON    TUE    WED    THU    FRI    SAT    SUN    7-DAY
DATE    04/09/13     14     15     16     17     18     19   AVERAGE
 
START HOUR
 
    0          0      2      5      8      3      6      3       4
    1          1      1      8      7      3     10      5       5
    2          0      0      0      0      1      6      5       2
    3          0      0      0      0      2      0      2       1
    4          1      1      1      5      0      1      4       2
    5          3      3     12      6      1      1      2       4
    6         49     38     37     26     21      4      6      26
    7        143    158    106     92     93     10      2      86
    8        222    149    145    140    138     12      5     116
    9        101     87     78     52     46     23     10      57
   10         47     46     45     22     31     32     19      35
   11         42     22     44     24     31     31     43      34
   12         50     30     43     22     47     28     28      35
   13         62     38     46     32     44     35     65      46
   14         72     45     56     31     58     36     55      50
   15        145     85    102     67     86     28     59      82
   16        250    195    174    108    156     33     56     139
   17        211    166    163     82    115     28     50     116
   18       5661    103     99   3157     45     37     55    1308
   19       1670     73    100     45     45     11     30     282
   20         91     66     61     53     37     16     24      50
   21         46     44     39     25     20     19     21      31
   22         22     17     17     21     14     11     21      18
   23          9      6     10      6      9     13      6       8
 
TOTALS
 
12HR 7-19   7006   1124   1101   3829    890    333    447    2104
16HR 6-22   8862   1345   1338   3978   1013    383    528    2492
18HR 6-24   8893   1368   1365   4005   1036    407    555    2518
24HR 0-24   8898   1375   1391   4031   1046    431    576    2535
 
 
 
 
*LOCATION   : ............................................................
*SITE NUMBER: 11703720
*FILE NUMBER:        6
*INTERVAL   :   15 MIN
*BATTERY    :    6.1 V
*RESTARTS   :        0
*CONFIG     :       12
*CHANNEL    :  2 OF  2
 
             MON    TUE    WED    THU    FRI    SAT    SUN    7-DAY
DATE    04/09/20     21     22     23     24     25     26   AVERAGE
 
START HOUR
 
    0          2      2      4      1      8      3      0       3
    1          0      2      0      0      3      6      1       2
    2          2      0      0      0      2      2      1       1
    3          0      0      0      1      2      0      7       1
    4          1      1      1      0      0      1      0       1
    5          3      5      5      5      4     10      1       5
    6         43     23     34     34     36      1      9      26
    7        124     73     87     86     98      4      5      68
    8        183     72    115    122    145     11     10      94
    9         78     47     51     49     51     13     20      44
   10         49     17     23     23     25     27     38      29
   11         62     13     30     33     34     23     79      39
   12         45     10     32     27     33     34     82      38
   13         49     19     35     37     38     33     86      42
   14         69     15     37     29     64     28     82      46
   15        112     60     74     73     94     31     85      76
   16        170    108    114    145    138     51     69     114
   17        210     77     79    101     96     37     59      94
   18        103     58     55     73     52     28     46      59
   19         87     37     44     42     26     25     22      40
   20         69     27     32     31     23     27     29      34
   21         23     21     27     48     20      8     11      23
   22         23      8     11     12      8      6     11      11
   23          9      7      0      7      9      6      2       6
 
TOTALS
 
12HR 7-19   1254    569    732    798    868    320    661     743
16HR 6-22   1476    677    869    953    973    381    732     866
18HR 6-24   1508    692    880    972    990    393    745     883
24HR 0-24   1516    702    890    979   1009    415    755     895
 
 
 
 
*LOCATION   : ............................................................
*SITE NUMBER: 11703720
*FILE NUMBER:        6
*INTERVAL   :   15 MIN
*BATTERY    :    6.1 V
*RESTARTS   :        0
*CONFIG     :       12
*CHANNEL    :  2 OF  2
 
             MON    TUE    WED    THU    FRI    SAT    SUN    7-DAY
DATE    04/09/27     28     29     30     01     02     03   AVERAGE
 
START HOUR
 
    0          4      5      1      4      9      3      6       5
    1          2      2      4      1      4      4     11       4
    2          2      0      0      2      1      4      4       2
    3          0      0      0      0      3      2      8       2
    4          3      3      1      1      1      0      0       1
    5          4      4      4      5      3      2      1       3
    6         50     36     40     28     43      5      6      30
    7         94     97     86    110     93      8      2      70
    8        126     93    146    142    131     12      6      94
    9         46     24     50     75     38     36     18      41
   10         28     23     35     39     30     55     31      34
   11         15     15     28     35     42     60     41      34
   12         21     18     21     48     41     39     45      33
   13         31     25     21     46     45     59     38      38
   14         25     22     55     54     62     55     47      46
   15         71     69     82     56     96     58     44      68
   16        115     94    139    141    145     36     44     102
   17         74     94     98     82   3485     33     40     558
   18         57     73     77    212   1657     27     48     307
   19         44     46     67     47     32      8     31      39
   20         25     32     43     55     21     12     30      31
   21         11     33     30     27     18     17     10      21
   22          2     14     11     11     10     14     20      12
   23          3      5      6      4     10      5      3       5
 
TOTALS
 
12HR 7-19    703    647    838   1040   5865    478    404    1425
16HR 6-22    833    794   1018   1197   5979    520    481    1546
18HR 6-24    838    813   1035   1212   5999    539    504    1563
24HR 0-24    853    827   1045   1225   6020    554    534    1580
 
 
 
 
*LOCATION   : ............................................................
*SITE NUMBER: 11703720
*FILE NUMBER:        6
*INTERVAL   :   15 MIN
*BATTERY    :    6.1 V
*RESTARTS   :        0
*CONFIG     :       12
*CHANNEL    :  2 OF  2
 
             MON    TUE    WED    THU    FRI    SAT    SUN    7-DAY
DATE    04/10/04     05     06     07     08     09     10   AVERAGE
 
START HOUR
 
    0          2      -      -      -      -      -      -       -
    1          1      -      -      -      -      -      -       -
    2          0      -      -      -      -      -      -       -
    3          0      -      -      -      -      -      -       -
    4          1      -      -      -      -      -      -       -
    5          4      -      -      -      -      -      -       -
    6         34      -      -      -      -      -      -       -
    7        105      -      -      -      -      -      -       -
    8        158      -      -      -      -      -      -       -
    9         69      -      -      -      -      -      -       -
   10         32      -      -      -      -      -      -       -
   11         48      -      -      -      -      -      -       -
   12         36      -      -      -      -      -      -       -
   13         35      -      -      -      -      -      -       -
   14         54      -      -      -      -      -      -       -
   15          -      -      -      -      -      -      -       -
   16          -      -      -      -      -      -      -       -
   17          -      -      -      -      -      -      -       -
   18          -      -      -      -      -      -      -       -
   19          -      -      -      -      -      -      -       -
   20          -      -      -      -      -      -      -       -
   21          -      -      -      -      -      -      -       -
   22          -      -      -      -      -      -      -       -
   23          -      -      -      -      -    