 
 
 
*LOCATION   : ............................................................
*SITE NUMBER: 10700102
*FILE NUMBER:        2
*INTERVAL   :   15 MIN
*BATTERY    :    5.9 V
*RESTARTS   :        0
*CONFIG     :        0
*CHANNEL    :  1 OF  1
 
             TUE    WED    THU    FRI    SAT    SUN    MON    7-DAY
DATE    03/12/30     31     01     02     03     04     05   AVERAGE
 
START HOUR
 
    0          -      0      4      0      1      0      0       -
    1          -      2   2049      2      2      2      1       -
    2          -      0      2      0     64      1      0       -
    3          -      1      1      0      0      1      0       -
    4          -      0      4      0      0      0      1       -
    5          -      1      2      0      0      0      4       -
    6          -      7      0      5      1      2      5       -
    7          -     10      0      6      6      2     11       -
    8          -     13      2     11      5      4     27       -
    9          -     13      2      7      9      3      3       -
   10          -      8      3      4     11      3      7       -
   11          -     12      7     12      5      4     21       -
   12          -      9      8      9     11     13     44       -
   13         14     15      7      8     13     18     13      13
   14         20     17      7     16      6     11     11      13
   15         27     28     13     10      9     15     17      17
   16         19     12      6      8      6      5     12      10
   17         21      5      1     14      2      1     21       9
   18         11      7      1      8      6     10     15       8
   19          5      5      3      8      1      0      5       4
   20         38      3      1      5      1      3      4       8
   21          6      3      0      2      2    258      4      39
   22          0      3      1      3      1      4      4       2
   23          4      0      1      4      1      2      2       2
 
TOTALS
 
12HR 7-19      -    149     57    113     89     89    202       -
16HR 6-22      -    167     61    133     94    352    220       -
18HR 6-24      -    170     63    140     96    358    226       -
24HR 0-24      -    174   2125    142    163    362    232       -

 
 
 
 







*LOCATION   : ............................................................
*SITE NUMBER: 10700102
*FILE NUMBER:        2
*INTERVAL   :   15 MIN
*BATTERY    :    5.9 V
*RESTARTS   :        0
*CONFIG     :        0
*CHANNEL    :  1 OF  1
 
             TUE    WED    THU    FRI    SAT    SUN    MON    7-DAY
DATE    04/01/06     07     08     09     10     11     12   AVERAGE
 
START HOUR
 
    0          1      1      2      0      3      0      1       1
    1          2      1      0      0      2      2      0       1
    2          3      1      2      0      1      0      1       1
    3          0      0      0      0      0      0      1       0
    4          0      8      0      0      0      1      0       1
    5       2049      0      4      0      1      1      2     294
    6          0     10     11     13      5      2      8       7
    7          0     25     19     22      2      0     21      13
    8          2     31     34     28      4      1     34      19
    9          3    526     18     18      5      5     12      84
   10          5     16      4      9      2      3     11       7
   11          7     13      6     19      8      4      5       9
   12          9     18     18     13     13      8     18      14
   13          9     17      9     14     12      6     15      12
   14         15     15     11     22     10      8     13      13
   15         13     25     24     27     18     13     27      21
   16          7     35     43     35      8      7     26      23
   17          4     26     25     19      4      2     19      14
   18         11     13     16     17     14      9     17      14
   19          5     12      7     10      4      1      6       6
   20          3      9      5      7      1      6      9       6
   21          1      6      5      4      0      4      8       4
   22          2      3      2      3      1      2      2       2
   23          0      3      2      0      1      1      3       1
 
TOTALS
 
12HR 7-19     85    760    227    243    100     66    218     243
16HR 6-22     94    797    255    277    110     79    249     266
18HR 6-24     96    803    259    280    112     82    254     269
24HR 0-24   2151    814    267    280    119     86    259     568

 
 
 
 







*LOCATION   : ............................................................
*SITE NUMBER: 10700102
*FILE NUMBER:        2
*INTERVAL   :   15 MIN
*BATTERY    :    5.9 V
*RESTARTS   :        0
*CONFIG     :        0
*CHANNEL    :  1 OF  1
 
             TUE    WED    THU    FRI    SAT    SUN    MON    7-DAY
DATE    04/01/13     14     15     16     17     18     19   AVERAGE
 
START HOUR
 
    0          1      0      1      1      4      2      2       2
    1          2      1      1      0      0      2      4       1
    2          0      0      0      0      3      1      0       1
    3          0      0      0      0      1      0      2       0
    4          0      8      1      0      0      0      1       1
    5          0      4      1      0      2      2      3       2
    6          9      6      8      5      1      2      8       6
    7         19     19     22     17      1      1     17      14
    8         33     22     28     29      7      1     26      21
    9         21     19     17     17      6      2     19      14
   10         13      5      9     11      8      1      9       8
   11         11     19      9     12      5     10     18      12
   12         14      9     10     11     16     14     17      13
   13         12     13     14     16      9     14     10      13
   14         19     11      9     26      8      6     14      13
   15         28     28     28     22     11     16     24      22
   16         35     15     14     24      6      7     26      18
   17         19     22     18     17      7      4     24      16
   18         16     11     11      4      5      1     15       9
   19          8      6      8      6      3      5     11       7
   20         12     11      7      7      3      2      6       7
   21          5      7      7      6      0      3      9       5
   22          6      3      7      6      2      2      1       4
   23          1      2      2      1      1      1      3       2
 
TOTALS
 
12HR 7-19    240    193    189    206     89     77    219     173
16HR 6-22    274    223    219    230     96     89    253     198
18HR 6-24    281    228    228    237     99     92    257     203
24HR 0-24    284    241    232    238    109     99    269     210

 
 
 
 







*LOCATION   : ............................................................
*SITE NUMBER: 10700102
*FILE NUMBER:        2
*INTERVAL   :   15 MIN
*BATTERY    :    5.9 V
*RESTARTS   :        0
*CONFIG     :        0
*CHANNEL    :  1 OF  1
 
             TUE    WED    THU    FRI    SAT    SUN    MON    7-DAY
DATE    04/01/20     21     22     23     24     25     26   AVERAGE
 
START HOUR
 
    0          1      0      0      1      1      3      1       1
    1          1      1      1      1      1      1      0       1
    2          0      1      0      0      2      4      0       1
    3          0      0      0      0      1      2      0       0
    4          2      1      0      0      0      0      1       1
    5          0      0      0      1      1      1      2       1
    6          4      3      3     22      0      1      7       6
    7         19     13      9     35      3      2     23      15
    8         26     19     17    114      6      1     32      31
    9         18     13     11     38      5      5     21      16
   10         10      6      4     27      8      6     12      10
   11          9     12     14     17     10      9     13      12
   12         17      6      5     18     12      8     18      12
   13         12      8     13      9     14     11     19      12
   14          7      5     12     17      9      7     18      11
   15         26     15     17     16      7     13     22      17
   16         22     11     18     15      9      9     29      16
   17         15      7     12     13      6      3     18      11
   18         11     14     11      4      7      5     20      10
   19          4      8     11      1      4      1      3       5
   20          9      8      9      4      4      2     17       8
   21          2      1      7      4      2      1      6       3
   22          1      4      4      1      3      4      3       3
   23          4      3      1      1      3      1      1       2
 
TOTALS
 
12HR 7-19    192    129    143    323     96     79    245     172
16HR 6-22    211    149    173    354    106     84    278     194
18HR 6-24    216    156    178    356    112     89    282     198
24HR 0-24    220    159    179    359    118    100    286     203

 
 
 
 







*LOCATION   : ............................................................
*SITE NUMBER: 10700102
*FILE NUMBER:        2
*INTERVAL   :   15 MIN
*BATTERY    :    5.9 V
*RESTARTS   :        0
*CONFIG     :        0
*CHANNEL    :  1 OF  1
 
             TUE    WED    THU    FRI    SAT    SUN    MON    7-DAY
DATE    04/01/27     28     29     30     31     01     02   AVERAGE
 
START HOUR
 
    0          1      0      1      1      -      -      -       -
    1          0      3      3      0      -      -      -       -
    2          0      0      0      0      -      -      -       -
    3          0      0      0      0      -      -      -       -
    4          0      0      1      0      -      -      -       -
    5          2      2      3      1      -      -      -       -
    6          8      7      2      4      -      -      -       -
    7         22     14     29     17      -      -      -       -
    8         23     32     26     21      -      -      -       -
    9         16     14      5     21      -      -      -       -
   10         16     14      6      8      -      -      -       -
   11         13     13     13      6      -      -      -       -
   12         18     17     11      -      -      -      -       -
   13         12     16      7      -      -      -      -       -
   14         13      6     17      -      -      -      -       -
   15         20     24     13      -      -      -      -       -
   16         27     23     19      -      -      -      -       -
   17         23     22     21      -      -      -      -       -
   18         21     13     16      -      -      -      -       -
   19         12     11      9      -      -      -      -       -
   20          8     14      5      -      -      -      -       -
   21          4      8      9      -      -      -      -       -
   22          
