 
 
 
*LOCATION   : ............................................................
*SITE NUMBER: 11700120
*FILE NUMBER:        1
*INTERVAL   :   15 MIN
*BATTERY    :    6.1 V
*RESTARTS   :        0
*CONFIG     :        0
*CHANNEL    :  1 OF  1
 
             WED    THU    FRI    SAT    SUN    MON    TUE    7-DAY
DATE    03/12/31     01     02     03     04     05     06   AVERAGE
 
START HOUR
 
    0          -      6      0      0      1      0      1       -
    1          -      0      0      0      1      0      0       -
    2          -      1      0      0      0      1      1       -
    3          -      3      0      0      1      1      0       -
    4          -      1      2      1      1      1      1       -
    5          -      0      0      1      1      0      0       -
    6          -      1      5      0      2      5      0       -
    7          -      1     13      2      1     23      1       -
    8          -      1     10      4      2     18      0       -
    9         19      5     21      2      6     16      8      11
   10         12      3      6      4      7     14      7       8
   11         17      7      7     11     14     20     14      13
   12         46      4     14     44     28     41     15      27
   13         25      2      0      0      0     39     26      13
   14         30      0      0      0      0     34     24      13
   15         24      0      0      0      3     67     16      16
   16         21      8     20      7     11     36     14      17
   17          5      4     12      2      7     13     12       8
   18          5      6     15      3      6     11      6       7
   19          8      0      8      3      6     12     13       7
   20          2      1      5      1      2      5      3       3
   21          2      4      6      3      2      4      3       3
   22          1      0      0      2      1      2      1       1
   23          5      2      0      1      3      5      1       2
 
TOTALS
 
12HR 7-19      -     41    118     79     85    332    143       -
16HR 6-22      -     47    142     86     97    358    162       -
18HR 6-24      -     49    142     89    101    365    164       -
24HR 0-24      -     60    144     91    106    368    167       -
 
 
 
 
*LOCATION   : ............................................................
*SITE NUMBER: 11700120
*FILE NUMBER:        1
*INTERVAL   :   15 MIN
*BATTERY    :    6.1 V
*RESTARTS   :        0
*CONFIG     :        0
*CHANNEL    :  1 OF  1
 
             WED    THU    FRI    SAT    SUN    MON    TUE    7-DAY
DATE    04/01/07     08     09     10     11     12     13   AVERAGE
 
START HOUR
 
    0          0      0      2      1      1      4      0       1
    1          1      1      0      0      2      1      0       1
    2          0      0      2      0      2      0      1       1
    3          2      1      0      0      0      2      0       1
    4          0      0      1      2      0      0      1       1
    5          0      1      0      0      1      1      1       1
    6          7      6     11      0      2      8      9       6
    7         26     29     28      3      2     27     31      21
    8         39     36     31      7      1     33     37      26
    9         24     22     21      6      2     29     28      19
   10         15     19     12     11      4     19     18      14
   11         10      9     17     16      9     19     21      14
   12         32     13     25     19     15     19     29      22
   13         27     16      7      5     21     14     12      15
   14         21      7      0      0      2      0     37      10
   15         36     21      1      0      1      1     52      16
   16         29     30     24     12     17     28     29      24
   17         35     30     31     17     10     31     36      27
   18         23     30     24      8     10     26     24      21
   19         18     14     10      5      6     18     18      13
   20         12      8     15      3      4     21     13      11
   21          6      7      9      4      6      4     17       8
   22          0      4      5      2      6      2      3       3
   23          0      3      3      2      1      0      2       2
 
TOTALS
 
12HR 7-19    317    262    221    104     94    246    354     228
16HR 6-22    360    297    266    116    112    297    411     266
18HR 6-24    360    304    274    120    119    299    416     270
24HR 0-24    363    307    279    123    125    307    419     275
 
 
 
 
*LOCATION   : ............................................................
*SITE NUMBER: 11700120
*FILE NUMBER:        1
*INTERVAL   :   15 MIN
*BATTERY    :    6.1 V
*RESTARTS   :        0
*CONFIG     :        0
*CHANNEL    :  1 OF  1
 
             WED    THU    FRI    SAT    SUN    MON    TUE    7-DAY
DATE    04/01/14     15     16     17     18     19     20   AVERAGE
 
START HOUR
 
    0          0      1      2      2      1      2      1       1
    1          1      2      2      1      1      1      1       1
    2          1      0      1      0      0      0      0       0
    3          0      0      0      1      0      1      1       0
    4          1      2      2      2      0      2      1       1
    5          1      2      1      0      1      2      3       1
    6          6      8      5      1      2     10      5       5
    7         18     26     20      0      3     29     32      18
    8         37     28     30      5      0     32     35      24
    9         18     11     17      4      1     21     15      12
   10         14     12     11     12      1     18      9      11
   11         11      8      7      8      5      9     14       9
   12         24     26     11     22     14     19     35      22
   13         11     10     12     17      0      7      2       8
   14         17     55      0     26    172     11      1      40
   15         28     29      0     18      3     24      0      15
   16         25     30     12      9      4     29      8      17
   17         32     27     20      2      7     24     30      20
   18         19     18     12      3      1     22     15      13
   19         15      8      9      1      4     20     11      10
   20          9     10     14      3      5     12      9       9
   21         11     12      2      3      3      5      5       6
   22          4      2      4      1      0      0      3       2
   23          4      4      0      1      0      4      0       2
 
TOTALS
 
12HR 7-19    254    280    152    126    211    245    196     209
16HR 6-22    295    318    182    134    225    292    226     239
18HR 6-24    303    324    186    136    225    296    229     243
24HR 0-24    307    331    194    142    228    304    236     249
 
 
 
 
*LOCATION   : ............................................................
*SITE NUMBER: 11700120
*FILE NUMBER:        1
*INTERVAL   :   15 MIN
*BATTERY    :    6.1 V
*RESTARTS   :        0
*CONFIG     :        0
*CHANNEL    :  1 OF  1
 
             WED    THU    FRI    SAT    SUN    MON    TUE    7-DAY
DATE    04/01/21     22     23     24     25     26     27   AVERAGE
 
START HOUR
 
    0          0      2      0      4      4      1      1       2
    1          1      1      0      0      2      1      0       1
    2          0      1      0      3      2      2      0       1
    3          1      1      0      0      2      2      0       1
    4          1      2      3      3      2      1      1       2
    5          0      0      1      0      0      0      1       0
    6         13      7      6      0      2      8     13       7
    7         15     18     17      1      1     30     28      16
    8         24     25     24      5      1     30     26      19
    9         14     16     13      4      2     18     22      13
   10          8     11     15     10      4     16     12      11
   11          5      7     12     11      9     17     11      10
   12          6     14     29     17      8     15     12      14
   13          0     12     23     23      0     21     26      15
   14          0      0     63     12      0     15     19      16
   15          0      0      6     21     10     50     33      17
   16         11     11     18     17      7     26    514      86
   17         14     18     14      3     10     26     26      16
   18         14     20     20      5      7     18     20      15
   19         14      7      7      7     14     14     16      11
   20          9      8      6      4      6     15     16       9
   21          5      9      6      2      1      3     12       5
   22          3      3      7      3      0      1      2       3
   23          1      0      3      2      1      2      0       1
 
TOTALS
 
12HR 7-19    111    152    254    129     59    282    749     248
16HR 6-22    152    183    279    142     82    322    806     281
18HR 6-24    156    186    289    147     83    325    808     285
24HR 0-24    159    193    293    157     95    332    811     291
 
 
 
 
*LOCATION   : ............................................................
*SITE NUMBER: 11700120
*FILE NUMBER:        1
*INTERVAL   :   15 MIN
*BATTERY    :    6.1 V
*RESTARTS   :        0
*CONFIG     :        0
*CHANNEL    :  1 OF  1
 
             WED    THU    FRI    SAT    SUN    MON    TUE    7-DAY
DATE    04/01/28     29     30     31     01     02     03   AVERAGE
 
START HOUR
 
    0          1      0      0      -      -      -      -       -
    1          1      0      2      -      -      -      -       -
    2          1      0      2      -      -      -      -       -
    3          0      1      0      -      -      -      -       -
    4          2      2      4      -      -      -      -       -
    5          0      1      1      -      -      -      -       -
    6          6      7      9      -      -      -      -       -
    7         27     21     21      -      -      -      -       -
    8         29     27     27      -      -      -      -       -
    9         12     17     12      -      -      -      -       -
   10         12     12     16      -      -      -      -       -
   11         14      9     14      -      -      -      -       -
   12          9     11     22      -      -      -      -       -
   13         14      4    365      -      -      -      -       -
   14          5     12     10      -      -      -      -       -
   15         17     32      -      -      -      -      -       -
   16         28     27      -      -      -      -      -       -
   17         30     27      -      -      -      -      -       -
   18         17     12      -      -      -      -      -       -
   19         10      7      -      -      -      -      -       -
   20         15      9      -      -      -      -      -       -
   21         14     13      -      -      -      -      -       -
   22          2      4      -      -      -      -      -       -
   23          5      1      -      -      -      -      -       -
 
TOTALS
 
12HR 7-19    214    211      -      -      -      -      -       -
16HR 6-22    259    247      -      -      -      -      -       -
18HR 6-24    266    252      -      -      -      -      -       -
24HR 0-24    271    256      -      -      -      -      -       -
 
