*LOCATION	:	..	........	.......	.......	.......	.......	.......	...............
*SITE NUMB	ER:	10	700906						
*FILE NUMB	ER:		2						
*INTERVAL	:		15 MIN						
*BATTERY	:		6.3 V						
*RESTARTS	:		0						
*CONFIG	:		0						
*CHANNEL	:	1	OF  1						

		WED	THU	FRI	SAT	SUN	MON	TUE	7-DAY
DATE    09	/02	/25	26	27	28	1	2	3	AVERAGE

START HOUR									

0		-	0	2	3	1	0	1	-
1		-	0	0	0	4	0	0	-
2		-	1	0	1	0	0	0	-
3		-	1	1	2	1	0	0	-
4		-	0	2	1	0	2	0	-
5		-	3	5	1	0	2	4	-
6		-	11	19	4	4	9	8	-
7		-	22	23	1	6	29	18	-
8		-	37	29	5	0	36	27	-
9		-	26	20	5	6	24	14	-
10		-	15	11	3	1	14	7	-
11		-	15	6	5	10	5	10	-
12		-	10	18	6	8	19	8	-
13		15	13	18	18	7	11	9	13
14		22	11	7	8	21	23	8	14
15		40	24	17	14	9	24	24	22
16		50	27	27	14	14	27	25	26
17		27	28	27	10	11	39	17	23
18		16	17	14	7	5	17	13	13
19		10	7	5	4	6	9	8	7
20		9	5	0	1	3	6	9	5
21		7	4	3	5	3	3	5	4
22		11	6	2	2	2	5	5	5
23		2	2	2	2	3	1	1	2

TOTALS									

12HR 7-19		-	245	217	96	98	268	180	-
16HR 6-22		-	272	244	110	114	295	210	-
18HR 6-24		-	280	248	114	119	301	216	-
24HR 0-24		-	285	258	122	125	305	221	-
									



*LOCATION	:	..	........	.......	.......	.......	.......	.......	...............
*SITE NUMB	ER:	10	700906						
*FILE NUMB	ER:		2						
*INTERVAL	:		15 MIN						
*BATTERY	:		6.3 V						
*RESTARTS	:		0						
*CONFIG	:		0						
*CHANNEL	:	1	OF  1						

		WED	THU	FRI	SAT	SUN	MON	TUE	7-DAY
DATE    09	/03	/04	5	6	7	8	9	10	AVERAGE

START HOUR									

0		1	2	0	1	2	0	1	1
1		0	0	3	0	0	0	0	0
2		5	0	0	2	0	0	0	1
3		2	0	0	0	0	0	0	0
4		2	2	0	0	0	0	0	1
5		3	2	2	2	0	4	7	3
6		9	12	12	4	2	8	9	8
7		26	27	24	3	2	24	28	19
8		42	33	38	8	2	36	24	26
9		25	23	25	9	8	20	15	18
10		9	10	14	9	3	17	10	10
11		10	13	11	7	5	8	7	9
12		12	15	7	7	9	12	6	10
13		10	11	18	9	17	17	10	13
14		15	16	19	9	11	10	10	13
15		33	22	24	18	13	17	12	20
16		30	35	33	15	9	28	28	25
17		34	23	26	11	12	24	25	22
18		15	13	15	9	8	15	14	13
19		7	19	6	3	8	11	8	9
20		11	6	5	6	4	11	7	7
21		1	5	11	0	1	3	4	4
22		3	4	2	1	6	2	2	3
23		1	1	1	2	0	1	0	1

TOTALS									

12HR 7-19		261	241	254	114	99	228	189	198
16HR 6-22		289	283	288	127	114	261	217	226
18HR 6-24		293	288	291	130	120	264	219	229
24HR 0-24		306	294	296	135	122	268	227	235
									



*LOCATION	:	..	........	.......	.......	.......	.......	.......	...............
*SITE NUMB	ER:	10	700906						
*FILE NUMB	ER:		2						
*INTERVAL	:		15 MIN						
*BATTERY	:		6.3 V						
*RESTARTS	:		0						
*CONFIG	:		0						
*CHANNEL	:	1	OF  1						

		WED	THU	FRI	SAT	SUN	MON	TUE	7-DAY
DATE    09	/03	/11	12	13	14	15	16	17	AVERAGE

START HOUR									

0		0	0	0	1	1	0	2	1
1		0	0	0	0	0	2	1	0
2		0	2	0	1	2	0	0	1
3		0	0	0	1	0	0	0	0
4		0	0	0	0	3	0	0	0
5		1	3	2	2	1	3	1	2
6		10	14	9	2	4	10	13	9
7		19	29	26	3	2	31	23	19
8		25	37	42	5	3	47	37	28
9		25	26	30	4	12	31	25	22
10		17	22	17	9	6	13	18	15
11		10	10	9	10	8	7	13	10
12		8	12	21	18	12	16	24	16
13		11	11	14	11	10	12	13	12
14		13	12	11	24	18	22	27	18
15		13	29	21	12	15	35	28	22
16		35	32	32	26	9	39	47	31
17		27	25	30	13	8	39	23	24
18		22	16	24	6	9	13	20	16
19		16	17	11	5	5	15	12	12
20		11	6	3	4	9	8	3	6
21		4	3	3	4	2	3	8	4
22		6	3	3	2	6	4	5	4
23		3	1	3	2	2	2	1	2

TOTALS									

12HR 7-19		225	261	277	141	112	305	298	231
16HR 6-22		266	301	303	156	132	341	334	262
18HR 6-24		275	305	309	160	140	347	340	268
24HR 0-24		276	310	311	165	147	352	344	272
									



*LOCATION	:	..	........	.......	.......	.......	.......	.......	...............
*SITE NUMB	ER:	10	700906						
*FILE NUMB	ER:		2						
*INTERVAL	:		15 MIN						
*BATTERY	:		6.3 V						
*RESTARTS	:		0						
*CONFIG	:		0						
*CHANNEL	:	1	OF  1						

		WED	THU	FRI	SAT	SUN	MON	TUE	7-DAY
DATE    09	/03	/18	19	20	21	22	23	24	AVERAGE

START HOUR									

0		3	1	0	3	2	0	3	2
1		0	4	1	0	2	0	0	1
2		0	0	1	1	1	0	1	1
3		0	2	1	0	1	0	0	1
4		1	0	1	2	2	2	3	2
5		2	3	3	3	2	1	3	2
6		17	12	13	0	2	18	13	11
7		32	33	25	3	2	31	34	23
8		40	48	34	7	1	50	50	33
9		26	21	27	13	11	38	30	24
10		19	24	21	12	9	26	11	17
11		20	16	10	20	16	13	13	15
12		12	22	11	25	34	35	15	22
13		18	23	24	25	13	17	15	19
14		18	21	27	24	35	25	16	24
15		26	30	18	20	20	38	31	26
16		38	47	36	21	15	51	53	37
17		35	42	38	15	15	54	35	33
18		27	19	25	10	8	26	40	22
19		13	16	11	5	4	13	16	11
20		5	12	9	6	6	6	10	8
21		10	6	4	8	4	10	8	7
22		7	5	7	3	1	2	5	4
23		0	0	3	4	3	0	1	2

TOTALS									

12HR 7-19		311	346	296	195	179	404	343	296
16HR 6-22		356	392	333	214	195	451	390	333
18HR 6-24		363	397	343	221	199	453	396	339
24HR 0-24		369	407	350	230	209	456	406	347
									



*LOCATION	:	..	........	.......	.......	.......	.......	.......	...............
*SITE NUMB	ER:	10	700906						
*FILE NUMB	ER:		2						
*INTERVAL	:		15 MIN						
*BATTERY	:		6.3 V						
*RESTARTS	:		0						
*CONFIG	:		0						
*CHANNEL	:	1	OF  1						

		WED	THU	FRI	SAT	SUN	MON	TUE	7-DAY
DATE    09	/03	/25	26	27	28	29	30	31	AVERAGE

START HOUR									

0		1	2	0	1	4	1	-	-
1		2	0	1	1	1	1	-	-
2		0	1	0	1	2	1	-	-
3		0	0	0	1	0	2	-	-
4		1	1	2	2	1	2	-	-
5		4	5	2	5	5	12	-	-
6		15	9	10	4	3	32	-	-
7		25	27	21	2	2	-	-	-
8		46	43	42	5	2	-	-	-
9		35	39	30	6	6	-	-	-
10		22	19	21	3	6	-	-	-
11		20	12	23	5	5	-	-	-
12		16	22	18	14	13	-	-	-
13		23	22	24	2	9	-	-	-
14		38	14	27	7	16	-	-	-
15		32	35	35	4	11	-	-	-
16		50	36	39	8	15	-	-	-
17		49	42	30	8	13	-	-	-
18		20	16	26	4	12	-	-	-
19		23	23	7	0	2	-	-	-
20		9	17	6	7	4	-	-	-
21		15	4	8	1	3	-	-	-
22		6	4	4	2	0	-	-	-
23		1	1	6	3	0	-	-	-

TOTALS									

12HR 7-19		376	327	336	68	110	-	-	-
16HR 6-22		438	380	367	80	122	-	-	-
18HR 6-24		445	385	377	85	122	-	-	-
24HR 0-24		453	394	382	96	135	-	-	-
									
									
