 
 
 
*LOCATION   : ............................................................
*SITE NUMBER: 11700909
*FILE NUMBER:        1
*INTERVAL   :   15 MIN
*BATTERY    :    6.1 V
*RESTARTS   :        0
*CONFIG     :       12
*CHANNEL    :  1 OF  2
 
             THU    FRI    SAT    SUN    MON    TUE    WED    7-DAY
DATE    09/02/26     27     28     01     02     03     04   AVERAGE
 
START HOUR
 
    0          -      7     10     12      6      9      9       -
    1          -      9      9     14      3      8      6       -
    2          -      1      2      0      1      1      1       -
    3          -      4      4      6      3      0      1       -
    4          -      4      1      3      2      4      3       -
    5          -     12      4      5     10     12      9       -
    6          -     45     16      6     47     50     40       -
    7          -    100     18     11     94    160    111       -
    8        178    182     23     16    142    322    186     150
    9        112    121     29     19     97    229    106     102
   10         85     97     40     23     62    169     82      80
   11         84     92     55     23     65    192     99      87
   12        105     91     49     32     77    154    109      88
   13        101     80     53     26     77    132     92      80
   14         95     94     58     41     81    122     88      83
   15         74    107     50     28    102    120    123      86
   16        106    122     42     33    103    132    129      95
   17        120    109     39     44    107     91    110      89
   18         76     78     38     21     63     79     73      61
   19         48     52     27     24     52     61     58      46
   20         42     42     27     22     38     46     40      37
   21         44     27     21     16     31     32     39      30
   22         25     19     12     14     18     20     31      20
   23         17     19     18     14     11     18     15      16
 
TOTALS
 
12HR 7-19      -   1273    494    317   1070   1902   1308       -
16HR 6-22      -   1439    585    385   1238   2091   1485       -
18HR 6-24      -   1477    615    413   1267   2129   1531       -
24HR 0-24      -   1514    645    453   1292   2163   1560       -
 
 
 
 
*LOCATION   : ............................................................
*SITE NUMBER: 11700909
*FILE NUMBER:        1
*INTERVAL   :   15 MIN
*BATTERY    :    6.1 V
*RESTARTS   :        0
*CONFIG     :       12
*CHANNEL    :  1 OF  2
 
             THU    FRI    SAT    SUN    MON    TUE    WED    7-DAY
DATE    09/03/05     06     07     08     09     10     11   AVERAGE
 
START HOUR
 
    0          9      9     15     13      6      8      7      10
    1          9      5      9     13      2      5      5       7
    2          1      0      4      4      1      7      1       3
    3          3      3      5      5      1      3      3       3
    4          1      4      3      4      0      2      2       2
    5         10     12      8      2     10     10     12       9
    6         40     37     20      7     49     36     41      33
    7        121    110     25     14    141    101     95      87
    8        193    172     38     23    268    163    147     143
    9        144    118     53     22    154    107     97      99
   10         88    104     67     31    111     78     81      80
   11        103    108     83     41    103     78     84      86
   12         95    109     64     53    107     76     89      85
   13        107    101     79     58    113     65     74      85
   14        107    110     73     57     75     84     80      84
   15        108    109     75     60     90     93     86      89
   16        116    130     68     63    133     89    113     102
   17        128     99     56     42    109     81    101      88
   18         81     78     43     32     67     62     89      65
   19         54     49     27     28     65     54     70      50
   20         41     39     22     28     50     39     37      37
   21         35     34     24     20     29     28     37      30
   22         20     18     15     16     17     24     23      19
   23         13     20     22     17     17     11     23      18
 
TOTALS
 
12HR 7-19   1391   1348    724    496   1471   1077   1136    1092
16HR 6-22   1561   1507    817    579   1664   1234   1321    1240
18HR 6-24   1594   1545    854    612   1698   1269   1367    1277
24HR 0-24   1627   1578    898    653   1718   1304   1397    1311
 
 
 
 
*LOCATION   : ............................................................
*SITE NUMBER: 11700909
*FILE NUMBER:        1
*INTERVAL   :   15 MIN
*BATTERY    :    6.1 V
*RESTARTS   :        0
*CONFIG     :       12
*CHANNEL    :  1 OF  2
 
             THU    FRI    SAT    SUN    MON    TUE    WED    7-DAY
DATE    09/03/12     13     14     15     16     17     18   AVERAGE
 
START HOUR
 
    0         15     12     11     17      7      7      7      11
    1         12      9     14     19      1      8      7      10
    2         10      1      8      6      2      2      2       4
    3          2      6      6     12      3      1      0       4
    4          4      9      5      8      2      4      3       5
    5         11      8      8      6     11     13     11      10
    6         39     46     18      4     56     55     58      39
    7         99     97     26     17    127    150    142      94
    8        157    166     31     23    232    224    192     146
    9        107    114     55     40    136    157    129     105
   10         83    111     77     47    108    106    106      91
   11         69    101     75     61     93    113     96      87
   12         96    101     85     63     92    138    105      97
   13         78    103     78     52     92    107     93      86
   14         81     87     71     56    112    119     84      87
   15         92    121     76     58    130    150    102     104
   16         96    123     70     64    156    136    127     110
   17         91    108     64     51    129    153    118     102
   18         68     99     69     53    113    109    107      88
   19         59     60     44     32     83     58     70      58
   20         51     37     32     34     50     59     53      45
   21         37     29     39     21     48     34     45      36
   22         18     28     29     14     24     26     24      23
   23         21     23     28     16     19     18     18      20
 
TOTALS
 
12HR 7-19   1117   1331    777    585   1520   1662   1401    1199
16HR 6-22   1303   1503    910    676   1757   1868   1627    1378
18HR 6-24   1342   1554    967    706   1800   1912   1669    1421
24HR 0-24   1396   1599   1019    774   1826   1947   1699    1466
 
 
 
 
*LOCATION   : ............................................................
*SITE NUMBER: 11700909
*FILE NUMBER:        1
*INTERVAL   :   15 MIN
*BATTERY    :    6.1 V
*RESTARTS   :        0
*CONFIG     :       12
*CHANNEL    :  1 OF  2
 
             THU    FRI    SAT    SUN    MON    TUE    WED    7-DAY
DATE    09/03/19     20     21     22     23     24     25   AVERAGE
 
START HOUR
 
    0          9     11     17     17      7      8     10      11
    1          7      7     18     11      2     10      5       9
    2          3      1      9      6      2      1      1       3
    3          2      1     11      9      4      1      0       4
    4          1      2      5      5      1      4      2       3
    5         14     12      6      2      9     12      9       9
    6         54     48     16      6     49     49     56      40
    7        129    127     26     19    134    121    128      98
    8        182    211     36     21    209    207    218     155
    9        129    140     53     44    141    153    136     114
   10         82    126     67     36     99     98    111      88
   11         79    102     88     59    112    105     84      90
   12         96    133     77     82    108    108    100     101
   13        105    116     81     91    107     89     93      97
   14         99    112    100     85    100     93    117     101
   15        106    143     80     82    129    117    111     110
   16        149    143     80     76    177    133    138     128
   17        120    127     70     58    150    108    118     107
   18        102     91     58     51    102     81    102      84
   19         76     55     43     36     66     65     63      58
   20         54     47     33     31     48     52     52      45
   21         44     29     33     14     35     34     30      31
   22         30     32     24     17     16     19     23      23
   23         17     23     24     17     17     13     19      19
 
TOTALS
 
12HR 7-19   1378   1571    816    704   1568   1413   1456    1272
16HR 6-22   1606   1750    941    791   1766   1613   1657    1446
18HR 6-24   1653   1805    989    825   1799   1645   1699    1488
24HR 0-24   1689   1839   1055    875   1824   1681   1726    1527
 
 
 
 
*LOCATION   : ............................................................
*SITE NUMBER: 11700909
*FILE NUMBER:        1
*INTERVAL   :   15 MIN
*BATTERY    :    6.1 V
*RESTARTS   :        0
*CONFIG     :       12
*CHANNEL    :  1 OF  2
 
             THU    FRI    SAT    SUN    MON    TUE    WED    7-DAY
DATE    09/03/26     27     28     29     30     31     01   AVERAGE
 
START HOUR
 
    0          9     10     18     38      4      -      -       -
    1          7      6     12     16      2      -      -       -
    2          2      2      4     14      2      -      -       -
    3          2      2      6     12      1      -      -       -
    4          4      2      2      6     12      -      -       -
    5         11      8      9      7     39      -      -       -
    6         44     52     19     55    107      -      -       -
    7        116    105     28     31    221      -      -       -
    8        165    155     37    150    154      -      -       -
    9        114    101     81    187    131      -      -       -
   10        111     96    111     44    110      -      -       -
   11        104     87    148    203    123      -      -       -
   12        105     99    118     60      -      -      -       -
   13         89    107    140    112      -      -      -       -
   14         87    100    122    100      -      -      -       -
   15        102    126    137     70      -      -      -       -
   16        131    135    120     40      -      -      -       -
   17        108    109    149     44      -      -      -       -
   18         92     82    107     46      -      -      -       -
   19         51     50    123     37      -      -      -       -
   20         44     43    349     22      -      -      -       -
   21         43     31     53     14      -      -      -       -
   22         17     27     98     15      -      -      -       -
   23         16     20    361      7      -      -      -       -
 
TOTALS
 
12HR 7-19   1324   1302   1298   1087      -      -      -       -
16HR 6-22   1506   1478   1842   1215      -      -      -       -
18HR 6-24   1539   1525   2301   1237      -      -      -       -
24HR 0-24   1574   1555   2352   1330      -      -      -       -
 
 
 
 
*LOCATION   : ............................................................
*SITE NUMBER: 11700909
*FILE NUMBER:        1
*INTERVAL   :   15 MIN
*BATTERY    :    6.1 V
*RESTARTS   :        0
*CONFIG     :       12
*CHANNEL    :  2 OF  2
 
             THU    FRI    SAT    SUN    MON    TUE    WED    7-DAY
DATE    09/02/26     27     28     01     02     03     04   AVERAGE
 
START HOUR
 
    0          -      0      0      0      1      0      0       -
    1          -      1      1      3      0      0      0       -
    2          -      2      0      1      0      0      0       -
    3          -      1      1      0      0      0      0       -
    4          -      0      1      0      0      0      1       -
    5          -      0      0      1      0      1      1       -
    6          -      3      1      1      6      5      2       -
    7          -     16      1      1     18     20     25       -
    8         30     23      0      0     31     26     25      19
    9         14     13      8      2     12     16     18      12
   10          5      5      9      1      4      5      4       5
   11          3      5      5      5      5      5      7       5
   12          2      6     12      2      7      6      4       6
   13          7      9     10     14      5      3      6       8
   14          6      6      9      9      7      4      4       6
   15         12     12      6      2     16      9     17      11
   16         24     15      8      5     23     25     25      18
   17         21     14      3      5     24     14     19      14
   18          3     11     12      7     12     13     22      11
   19         10      5      4      3      9     11      6       7
   20          2      7      1      1      5      4     10       4
   21          5      4      4      3      4      1      3       3
   22          0      2      2      2      6      4      2       3
   23          0      2      0      2      0      1      3       1
 
TOTALS
 
12HR 7-19      -    135     83     53    164    146    176       -
16HR 6-22      -    154     93     61    188    167    197       -
18HR 6-24      -    158     95     65    194    172    202       -
24HR 0-24      -    162     98     70    195    173    204       -
 
 
 
 
*LOCATION   : ............................................................
*SITE NUMBER: 11700909
*FILE NUMBER:        1
*INTERVAL   :   15 MIN
*BATTERY    :    6.1 V
*RESTARTS   :        0
*CONFIG     :       12
*CHANNEL    :  2 OF  2
 
             THU    FRI    SAT    SUN    MON    TUE    WED    7-DAY
DATE    09/03/05     06     07     08     09     10     11   AVERAGE
 
START HOUR
 
    0          1      0      2      1      1      0      0       1
    1          0      0      0      0      1      2      1       1
    2          1      0      1      0      0      0      0       0
    3          1      1      1      1      0      0      0       1
    4          0      0      0      1      1      0      0       0
    5          0      0      0      0      0      0      1       0
    6          4      2      2      0      6      3      2       3
    7         27     23      0      0     21     14     31      17
    8         26     23      2      3     20     26     22      17
    9         14     11      4      2     10     14     13      10
   10          7      6      8      4      2      3      2       5
   11          2      7      4      7      5      2      9       5
   12          4     13      7      7      6      2      6       6
   13          6      3      5     17      3      2      5       6
   14          3      6      5      6      3      6      5       5
   15         17     14      4     12     13      9     17      12
   16         21     20      5      8     17     18     23      16
   17         25     19     14      4     14     14     18      15
   18          8     16      4      7     15     11     22      12
   19         12      8      3      4      9      7      8       7
   20          8      5      4      3      5      5      8       5
   21          6      5      1      0      3      4      3       3
   22          3      0      2      1      3      4      3       2
   23          0      1      2      1      0      1      2       1
 
TOTALS
 
12HR 7-19    160    161     62     77    129    121    173     126
16HR 6-22    190    181     72     84    152    140    194     145
18HR 6-24    193    182     76     86    155    145    199     148
24HR 0-24    196    183     80     89    158    147    201     151
 
 
 
 
*LOCATION   : ............................................................
*SITE NUMBER: 11700909
*FILE NUMBER:        1
*INTERVAL   :   15 MIN
*BATTERY    :    6.1 V
*RESTARTS   :        0
*CONFIG     :       12
*CHANNEL    :  2 OF  2
 
             THU    FRI    SAT    SUN    MON    TUE    WED    7-DAY
DATE    09/03/12     13     14     15     16     17     18   AVERAGE
 
START HOUR
 
    0          1      2      0      0      0      1      0       1
    1          1      2      2      0      0      1      0       1
    2          0      0      0      0      0      0      0       0
    3          0      0      0      0      0      0      0       0
    4          1      0      0      0      0      1      0       0
    5          0      1      0      0      0      0      0       0
    6          6      5      2      0      4      8      7       5
    7         26     26      1      3     30     25     33      21
    8         25     24      0      0     29     32     34      21
    9         11     13      1      3     14     11     11       9
   10          5      9     10      2      7     10      6       7
   11          6      2      7      4      4     29      6       8
   12          3      7     13      4      9      4      8       7
   13          3      9      8      6     14      8      8       8
   14          7     12      9     10      3      9     13       9
   15         22     15      8     10     21     24     25      18
   16         21     18     10      7     28     21     38      20
   17         25     25      7      3     30     23     30      20
   18         12      8      4      3     12     21     25      12
   19          9      3      2      4     10     12      9       7
   20          5      3      1      5     10      5     11       6
   21          8      3      2      4      6      6     10       6
   22          2      4      3      1      2      3      3       3
   23          2      2      0      1      2      2      2       2
 
TOTALS
 
12HR 7-19    166    168     78     55    201    217    237     160
16HR 6-22    194    182     85     68    231    248    274     183
18HR 6-24    198    188     88     70    235    253    279     187
24HR 0-24    201    193     90     70    235    256    279     189
 
 
 
 
*LOCATION   : ............................................................
*SITE NUMBER: 11700909
*FILE NUMBER:        1
*INTERVAL   :   15 MIN
*BATTERY    :    6.1 V
*RESTARTS   :        0
*CONFIG     :       12
*CHANNEL    :  2 OF  2
 
             THU    FRI    SAT    SUN    MON    TUE    WED    7-DAY
DATE    09/03/19     20     21     22     23     24     25   AVERAGE
 
START HOUR
 
    0          0      1      2      0      0      0      1       1
    1          2      0      2      0      0      0      1       1
    2          0      0      0      1      0      0      0       0
    3          0      0      0      3      0      0      0       0
    4          0      0      0      0      0      0      1       0
    5          1      0      1      0      2      1      0       1
    6          7      8      3      2     10     12     14       8
    7         32     38      2      0     40     35     28      25
    8         38     35      4      1     37     34     25      25
    9         19     12      8      4     22     15     14      13
   10          7      7      8      7      9     10     13       9
   11         16      5     21     12      5      9     13      12
   12          7      5     21     17     15      6      6      11
   13          8      9     20     20     15      8     13      13
   14         11     13     16     16     14      8      6      12
   15         21     13     16     27     21     26     23      21
   16         34     31     15     20     43     33     30      29
   17         35     25     11     15     32     31     34      26
   18         25     14      8     18     28     16     17      18
   19         16      7      3      5     11     19     20      12
   20         11      3      5      6     13     10     11       8
   21         14     10      6      3      9      7      3       7
   22          7      2      2      3      4      5      4       4
   23          1      1      2      2      1      3      0       1
 
TOTALS
 
12HR 7-19    253    207    150    157    281    231    222     214
16HR 6-22    301    235    167    173    324    279    270     250
18HR 6-24    309    238    171    178    329    287    274     255
24HR 0-24    312    239    176    182    331    288    277     258
 
 
 
 
*LOCATION   : ............................................................
*SITE NUMBER: 11700909
*FILE NUMBER:        1
*INTERVAL   :   15 MIN
*BATTERY    :    6.1 V
*RESTARTS   :        0
*CONFIG     :       12
*CHANNEL    :  2 OF  2
 
             THU    FRI    SAT    SUN    MON    TUE    WED    7-DAY
DATE    09/03/26     27     28     29     30     31     01   AVERAGE
 
START HOUR
 
    0          1      0      1      2      1      -      -       -
    1          0      1      0      0      0      -      -       -
    2          0      0      0      0      1      -      -       -
    3          0      0      2      0      0      -      -       -
    4          0      0      1      0      0      -      -       -
    5          1      0      1      1      7      -      -       -
    6          9     10      2      1     27      -      -       -
    7         33     26      2      1     41      -      -       -
    8         35     24      1      1     26      -      -       -
    9         26     21      3      2     12      -      -       -
   10          9      3      4      3      9      -      -       -
   11          8      9      5      5     10      -      -       -
   12          4     10      4     11      -      -      -       -
   13         12      3      6      6      -      -      -       -
   14         16     16      5      7      -      -      -       -
   15         25     23      3      7      -      -      -       -
   16         45     31      3      8      -      -      -       -
   17         29     33      2      4      -      -      -       -
   18         22     14      2      9      -      -      -       -
   19         13     13      0      4      -      -      -       -
   20         11      6      1      5      -      -      -       -
   21         10      4      2      1      -      -      -       -
   22          2      4      1      2      -      -      -       -
   23          0      0      2      1      -    