 

 

 

*LOCATION   : ............................................................

*SITE NUMBER: 11801818

*FILE NUMBER:        1

*INTERVAL   :   15 MIN

*BATTERY    :    6.6 V

*RESTARTS   :        0

*CONFIG     :        0

*CHANNEL    :  1 OF  1

 

             THU    FRI    SAT    SUN    MON    TUE    WED    7-DAY

DATE    11/05/05     06     07     08     09     10     11   AVERAGE

 

START HOUR

 

    0          -      3      6      3      4      0      1       -

    1          -      0      3      4      1      1      4       -

    2          -      0      0      5      5      0      1       -

    3          -      2      0      0      2      0      2       -

    4          -      1      0      1      1      0      1       -

    5          -      0      0      0      0      0      0       -

    6          -      0      0      0      0      0      0       -

    7          -      0      0      0      0      0      0       -

    8          -      0      0      0      0      0      0       -

    9          1      0      0      0      0      0      0       0

   10          0      0      0      0      0      0      0       0

   11          0      0      0      0      0      0      0       0

   12          0      0      0      0      0      0      0       0

   13          0      0      0      0      0      0      0       0

   14          0      0      0      0      0      0      0       0

   15          0      0      0      0      0      0      0       0

   16          0      0      0      0      0      0      0       0

   17          0      0      0      0      0      0      0       0

   18          0      0      0      0      0      0      0       0

   19          0      0      0      0      0      0      0       0

   20          0      0      0      0      0      0      0       0

   21          0      0      0      0      0      0      0       0

   22         13     14     12      8     16      9     11      12

   23          1      7      3      4      5      4      6       4

 

TOTALS

 

12HR 7-19      -      0      0      0      0      0      0       -

16HR 6-22      -      0      0      0      0      0      0       -

18HR 6-24      -     21     15     12     21     13     17       -

24HR 0-24      -     27     24     25     34     14     26       -


 

 

 

 



































*LOCATION   : ............................................................

*SITE NUMBER: 11801818

*FILE NUMBER:        1

*INTERVAL   :   15 MIN

*BATTERY    :    6.6 V

*RESTARTS   :        0

*CONFIG     :        0

*CHANNEL    :  1 OF  1

 

             THU    FRI    SAT    SUN    MON    TUE    WED    7-DAY

DATE    11/05/12     13     14     15     16     17     18   AVERAGE

 

START HOUR

 

    0          3      4     10      5      8      4      1       5

    1          1      1      4      1      9      0      1       2

    2          3      0      2      2      0      3      0       1

    3          0      2      1      4      3      0      0       1

    4          1      1      0      0      1      1      0       1

    5          0      0      0      0      0      0      0       0

    6          0      0      0      0      0      0      0       0

    7          0      0      0      0      0      0      0       0

    8          0      0      0      0      0      0      0       0

    9          0      0      0      0      0      0      0       0

   10          0      0      0      0      0      0      0       0

   11          0      0      0      0      0      0      0       0

   12          0      0      0      0      0      0      0       0

   13          0      0      0      0      0      0      0       0

   14          0      0      0      0      0      0      0       0

   15          0      0      0      0      0      0      0       0

   16          0      0      0      0      0      0      0       0

   17          0      0      0      0      0      0      0       0

   18          0      0      0      0      0      0      0       0

   19          0      0      0      0      0      0      0       0

   20          0      0      0      0      0      0      0       0

   21          0      0      0      0      0      0      0       0

   22          9      5     12      6      2      4      2       6

   23          8      8      3      3      5      6      2       5

 

TOTALS

 

12HR 7-19      0      0      0      0      0      0      0       0

16HR 6-22      0      0      0      0      0      0      0       0

18HR 6-24     17     13     15      9      7     10      4      11

24HR 0-24     25     21     32     21     28     18      6      22


 

 

 

 

































*LOCATION   : ............................................................

*SITE NUMBER: 11801818

*FILE NUMBER:        1

*INTERVAL   :   15 MIN

*BATTERY    :    6.6 V

*RESTARTS   :        0

*CONFIG     :        0

*CHANNEL    :  1 OF  1

 

             THU    FRI    SAT    SUN    MON    TUE    WED    7-DAY

DATE    11/05/19     20     21     22     23     24     25   AVERAGE

 

START HOUR

 

    0          4      2      9     14      0      1      2       5

    1          0      1      2      3      3      0      0       1

    2          0      3      2      6      1      2      1       2

    3          0      0      2      2      1      0      0       1

    4          0      0      0      0      0      0      0       0

    5          0      0      0      0      0      0      0       0

    6          0      0      0      0      0      0      0       0

    7          0      0      0      0      0      0      0       0

    8          0      0      0      0      0      0      0       0

    9          0      0      0      0      0      0      0       0

   10          0      0      0      0      0      0      0       0

   11          0      0      0      0      0      0      0       0

   12          0      0      0      0      0      0      0       0

   13          0      0      0      0      0      0      0       0

   14          0      0      0      0      0      0      0       0

   15          0      0      0      0      0      0      0       0

   16          0      0      0      0      0      0      0       0

   17          0      0      0      0      0      0      0       0

   18          0      0      0      0      0      0      0       0

   19          0      0      0      0      0      0      0       0

   20          0      0      0      0      0      0      0       0

   21          0      0      0      0      0      0      0       0

   22          1      2      4      1      2      1      0       2

   23          3     11     15      0      0      4      5       5

 

TOTALS

 

12HR 7-19      0      0      0      0      0      0      0       0

16HR 6-22      0      0      0      0      0      0      0       0

18HR 6-24      4     13     19      1      2      5      5       7

24HR 0-24      8     19     34     26      7      8      8      16


 

 

 

 



































*LOCATION   : ............................................................

*SITE NUMBER: 11801818

*FILE NUMBER:        1

*INTERVAL   :   15 MIN

*BATTERY    :    6.6 V

*RESTARTS   :        0

*CONFIG     :        0

*CHANNEL    :  1 OF  1

 

             THU    FRI    SAT    SUN    MON    TUE    WED    7-DAY

DATE    11/05/26     27     28     29     30     31     01   AVERAGE

 

START HOUR

 

    0          4      1      5      6      6      1      5       4

    1          1      0      8      8      0      2      2       3

    2          1      1      0      8      1      2      1       2

    3          0      0      0      1      0      2      0       0

    4          0      0      0      0      0      0      0       0

    5          0      0      0      0      0      0      0       0

    6          0      0      0      0      0      0      0       0

    7          0      0      0      0      0      0      0       0

    8          0      0      0      0      0      0      0       0

    9          0      0      0      0      0      0      0       0

   10          0      0      0      0      0      0      0       0

   11          0      0      0      0      0      0      0       0

   12          0      0      0      0      0      0      0       0

   13         14      0      0      0      0      0      0       2

   14          3      0      0      0      0      0      0       0

   15          0      0      0      0      0      0      0       0

   16          0      0      0      0      0      0      0       0

   17          0      0      0      0      0      0      0       0

   18          0      0      0      0      0      0      0       0

   19          0      0      0      0      0      0      0       0

   20          0      0      0      0      0      0      0       0

   21          0      0      0      0      0      0      0       0

   22          0      0      0      0      0      0      0       0

   23         12      9     12      5      1      4      4       7

 

TOTALS

 

12HR 7-19     17      0      0      0      0      0      0       2

16HR 6-22     17      0      0      0      0      0      0       2

18HR 6-24     29      9     12      5      1      4      4       9

24HR 0-24     35     11     25     28      8     11     12      19


 

 

 

 





























*LOCATION   : ............................................................

*SITE NUMBER: 11801818

*FILE NUMBER:        1

*INTERVAL   :   15 MIN

*BATTERY    :    6.6 V

*RESTARTS   :        0

*CONFIG     :        0

*CHANNEL    :  1 OF  1

 

             THU    FRI    SAT    SUN    MON    TUE    WED    7-DAY

DATE    11/06/02     03     04     05     06     07     08   AVERAGE

 

START HOUR

 

    0         15      2      4      8      2      1      -       -

    1          8      1      2     10      1      2      -       -

    2          4      3      1      0      1      0      -       -

    3          0      0      0      0      3      1      -       -

    4          0      0      0      0      0      0      -       -

    5          0      0      0      0      0      0      -       -

    6          0      0      0      0      0      0      -       -

    7          0      0      0      0      0      0      -       -

    8          0      0      0      0      0      0      -       -

    9          0      0      0      0      0      0      -       -

   10          0      0      0      0      0      -      -       -

   11          0      0      0      0      0      -      -       -

   12          0      0      0      0      0      -      -       -

   13          0      0      0      0      0      -      -       -

   14          0      0      0      0      0      -      -       -

   15          0      0      0      0      0      -      -       -

   16          0      0      0      0      0      -      -       -

   17          0      0      0      0      0      -      -       -

   18          0      0      0      0      0      -      -       -

   19          0      0      0      0      0      -      -       -

   20          0      0      0      0      0      -      -       -

   21          0      0      0      0      0      -      -       -

   22          0      0      0      0      0      -      -       -

   23         11      6      7      5      5      -      -       -

 

TOTALS

 

12HR 7-19      0      0      0      0      0      -      -       -

16HR 6-22      0      0      0      0      0      -      -       -

18HR 6-24     11      6      7      5      5      -      -       -

24HR 0-24     38     12     14     23     12      -      -       -
