*LOCATION	: ..	........	.......	.......	.......	.......	.......	...............
*SITE NUMB	ER: 10	803613						
*FILE NUMB	ER:	4						
*INTERVAL	:	15 MIN						
*BATTERY	:	6.3 V						
*RESTARTS	:	0						
*CONFIG	:	0						
*CHANNEL	:  1	OF  1						

	TUE	WED	THU	FRI	SAT	SUN	MON	7-DAY
DATE    07	/09/04	5	6	7	8	9	10	AVERAGE

START HOUR								

0	-	6	9	5	8	14	4	-
1	-	3	7	5	11	11	2	-
2	-	1	3	0	8	10	4	-
3	-	1	5	5	9	2	0	-
4	-	2	2	1	8	4	2	-
5	-	15	9	13	5	4	15	-
6	-	52	41	39	10	9	44	-
7	-	150	116	125	14	11	133	-
8	-	207	212	179	21	17	212	-
9	-	146	94	106	49	29	107	-
10	59	70	63	71	44	37	65	58
11	62	62	59	85	59	63	51	63
12	53	69	69	75	65	78	76	69
13	70	95	39	72	90	96	75	77
14	79	84	59	116	66	94	83	83
15	107	160	107	142	88	88	126	117
16	181	228	152	160	65	94	200	154
17	175	203	147	156	62	98	175	145
18	140	176	101	86	57	86	155	114
19	99	133	75	64	42	65	103	83
20	86	94	73	51	33	50	77	66
21	41	65	43	36	25	23	43	39
22	19	28	21	17	10	10	22	18
23	12	8	6	23	9	9	15	12

TOTALS								
	1183							
12HR 7-19	-	1650	1218	1373	680	791	1458	-
16HR 6-22	-	1994	1450	1563	790	938	1725	-
18HR 6-24	-	2030	1477	1603	809	957	1762	-
24HR 0-24	-	2058	1512	1632	858	1002	1789	-
								



*LOCATION	: ..	........	.......	.......	.......	.......	.......	...............
*SITE NUMB	ER: 10	803613						
*FILE NUMB	ER:	4						
*INTERVAL	:	15 MIN						
*BATTERY	:	6.3 V						
*RESTARTS	:	0						
*CONFIG	:	0						
*CHANNEL	:  1	OF  1						

	TUE	WED	THU	FRI	SAT	SUN	MON	7-DAY
DATE    07	/09/11	12	13	14	15	16	17	AVERAGE

START HOUR								

0	3	6	4	9	4	8	4	5
1	0	2	2	4	12	14	0	5
2	2	0	0	3	3	15	0	3
3	1	2	2	3	6	7	0	3
4	0	1	4	4	4	3	3	3
5	9	4	8	9	1	4	3	5
6	51	46	44	34	2	9	21	30
7	156	111	129	107	11	7	59	83
8	210	181	184	186	8	7	88	123
9	99	95	101	109	19	19	46	70
10	78	44	63	59	11	22	14	42
11	61	45	67	65	8	47	23	45
12	72	38	69	74	13	66	23	51
13	78	45	62	87	28	54	26	54
14	86	50	71	85	44	48	34	60
15	141	85	107	135	38	47	52	86
16	201	118	165	159	45	52	92	119
17	181	136	152	102	69	51	75	109
18	152	88	95	90	63	61	70	88
19	111	80	77	64	38	58	54	69
20	83	56	64	32	31	41	46	50
21	44	38	37	34	18	28	32	33
22	27	14	11	16	12	20	28	18
23	9	10	6	18	11	9	10	10

TOTALS								

12HR 7-19	1515	1036	1265	1258	357	481	602	931
16HR 6-22	1804	1256	1487	1422	446	617	755	1112
18HR 6-24	1840	1280	1504	1456	469	646	793	1141
24HR 0-24	1855	1295	1524	1488	499	697	803	1166
								



*LOCATION	: ..	........	.......	.......	.......	.......	.......	...............
*SITE NUMB	ER: 10	803613						
*FILE NUMB	ER:	4						
*INTERVAL	:	15 MIN						
*BATTERY	:	6.3 V						
*RESTARTS	:	0						
*CONFIG	:	0						
*CHANNEL	:  1	OF  1						

	TUE	WED	THU	FRI	SAT	SUN	MON	7-DAY
DATE    07	/09/18	19	20	21	22	23	24	AVERAGE

START HOUR								

0	5	2	5	6	8	8	7	6
1	1	0	2	1	12	6	2	3
2	1	0	2	2	10	7	0	3
3	1	0	1	2	3	2	1	1
4	1	1	2	0	1	4	3	2
5	10	9	10	5	2	6	10	7
6	37	18	30	16	1	3	34	20
7	115	91	106	58	7	5	109	70
8	171	109	126	83	5	10	192	99
9	62	64	82	42	10	24	97	54
10	35	36	34	15	8	54	55	34
11	35	27	42	22	7	63	58	36
12	44	32	45	32	6	77	42	40
13	63	32	38	32	23	99	54	49
14	40	37	42	47	20	80	67	48
15	42	92	80	70	48	70	94	71
16	104	122	125	95	35	75	180	105
17	92	138	131	70	53	67	145	99
18	39	121	98	51	40	65	118	76
19	32	98	76	43	30	48	84	59
20	34	59	37	22	21	39	63	39
21	15	29	38	25	12	12	32	23
22	9	16	11	20	8	11	14	13
23	6	10	3	17	8	2	6	7

TOTALS								

12HR 7-19	842	901	949	617	262	689	1211	782
16HR 6-22	960	1105	1130	723	326	791	1424	923
18HR 6-24	975	1131	1144	760	342	804	1444	943
24HR 0-24	994	1143	1166	776	378	837	1467	966
								



*LOCATION	: ..	........	.......	.......	.......	.......	.......	...............
*SITE NUMB	ER: 10	803613						
*FILE NUMB	ER:	4						
*INTERVAL	:	15 MIN						
*BATTERY	:	6.3 V						
*RESTARTS	:	0						
*CONFIG	:	0						
*CHANNEL	:  1	OF  1						

	TUE	WED	THU	FRI	SAT	SUN	MON	7-DAY
DATE    07	/09/25	26	27	28	29	30	1	AVERAGE

START HOUR								

0	2	8	4	5	-	-	-	-
1	3	9	2	3	-	-	-	-
2	0	1	5	0	-	-	-	-
3	4	1	0	0	-	-	-	-
4	3	5	5	2	-	-	-	-
5	7	4	9	9	-	-	-	-
6	42	49	34	30	-	-	-	-
7	118	117	101	86	-	-	-	-
8	202	185	167	135	-	-	-	-
9	91	109	90	71	-	-	-	-
10	66	48	61	-	-	-	-	-
11	66	59	41	-	-	-	-	-
12	79	66	51	-	-	-	-	-
13	85	50	44	-	-	-	-	-
14	96	75	52	-	-	-	-	-
15	114	128	97	-	-	-	-	-
16	226	163	134	-	-	-	-	-
17	192	154	135	-	-	-	-	-
18	140	114	84	-	-	-	-	-
19	102	93	61	-	-	-	-	-
20	70	54	53	-	-	-	-	-
21	38	40	31	-	-	-	-	-
22	23	12	17	-	-	-	-	-
23	10	10	4	-	-	-	-	-

TOTALS								

12HR 7-19	1475	1268	1057	-	-	-	-	-
16HR 6-22	1727	1504	1236	-	-	-	-	-
18HR 6-24	1760							
	1779	1554	1282					
