 
 
 
*LOCATION   : ............................................................
*SITE NUMBER: 12003503
*FILE NUMBER:        4
*INTERVAL   :   15 MIN
*BATTERY    :    6.5 V
*RESTARTS   :        0
*CONFIG     :        0
*CHANNEL    :  1 OF  1
 
             FRI    SAT    SUN    MON    TUE    WED    THU    7-DAY
DATE    07/08/31     01     02     03     04     05     06   AVERAGE
 
START HOUR
 
    0          -      5      0      0      3      0      4       -
    1          -      2      4      1      1      3      3       -
    2          -      3      1      1      0      0      0       -
    3          -      3      1      0      0      0      0       -
    4          -      0      1      2      2      3      3       -
    5          -      3      0      6     10      9      8       -
    6          -      4      1     37     60     53     54       -
    7          -     11      4    133    195    201    149       -
    8          -     27     10    151    164    184    158       -
    9          -     31      3     59     60     89     74       -
   10          -     59     13     40     46     30     28       -
   11         43     67     12     35     31     44     38      39
   12         44     65     19     45     28     70     26      42
   13         53     81     27     38     32     87     36      51
   14         73     73     34     35     55     68     33      53
   15        103     58     39     94    106    129     95      89
   16        142     57     56    151    157    181    137     126
   17         85     37     46    131    134    132    110      96
   18         67     20     36    106    111     91     75      72
   19         37     17     40     71     63     87     46      52
   20         41     10     23     72     45     49     39      40
   21         35     10     12     23     19     25     18      20
   22         74      4      1      9     11      9      7      16
   23         87      2      2      2      3      6      3      15
 
TOTALS
 
12HR 7-19      -    586    299   1018   1119   1306    959       -
16HR 6-22      -    627    375   1221   1306   1520   1116       -
18HR 6-24      -    633    378   1232   1320   1535   1126       -
24HR 0-24      -    649    385   1242   1336   1550   1144       -
 
 
 
 
*LOCATION   : ............................................................
*SITE NUMBER: 12003503
*FILE NUMBER:        4
*INTERVAL   :   15 MIN
*BATTERY    :    6.5 V
*RESTARTS   :        0
*CONFIG     :        0
*CHANNEL    :  1 OF  1
 
             FRI    SAT    SUN    MON    TUE    WED    THU    7-DAY
DATE    07/09/07     08     09     10     11     12     13   AVERAGE
 
START HOUR
 
    0          3      1      0      5      1      3      1       2
    1          0      1      2      0      1      1      3       1
    2          1      1      1      1      3      2      0       1
    3          0      1      0      0      1      0      2       1
    4          4      0      0      1      1      3      2       2
    5          6      1      0      9      7      8      8       6
    6         56      3      5     53     62     58     52      41
    7        164     12      4    182    178    149    148     120
    8        140     19     11    176    167    141    160     116
    9         74     28      9     78     56     55     77      54
   10         34     35     40     41     37     21     31      34
   11         41     65     54     39     37     20     30      41
   12         45     48     63     36     42     26     41      43
   13         57     60     70     57     43     31     40      51
   14         68     58     72     51     66     33     63      59
   15        124     51     62    126    113     81     99      94
   16        123     48     62    170    180     97    120     114
   17         89     42     53    154    145     84    120      98
   18         70     35     39    124    111    114     77      81
   19         48     22     48     83     96     39     57      56
   20         34     17     28     50     44     56     35      38
   21         15     10      8     14     24     45     14      19
   22          7      5      9      8      5      7     11       7
   23          3      8      2      2      7      1      4       4
 
TOTALS
 
12HR 7-19   1029    501    539   1234   1175    852   1006     905
16HR 6-22   1182    553    628   1434   1401   1050   1164    1059
18HR 6-24   1192    566    639   1444   1413   1058   1179    1070
24HR 0-24   1206    571    642   1460   1427   1075   1195    1082
 
 
 
 
*LOCATION   : ............................................................
*SITE NUMBER: 12003503
*FILE NUMBER:        4
*INTERVAL   :   15 MIN
*BATTERY    :    6.5 V
*RESTARTS   :        0
*CONFIG     :        0
*CHANNEL    :  1 OF  1
 
             FRI    SAT    SUN    MON    TUE    WED    THU    7-DAY
DATE    07/09/14     15     16     17     18     19     20   AVERAGE
 
START HOUR
 
    0          1      1      0      4      2      0      1       1
    1          1      2      1      0      0      0      4       1
    2          0      2      0      1      1      0      2       1
    3          1      2      2      1      0      0      0       1
    4          3      2      2      2      2      2      2       2
    5          5      0      0      2      6      4      7       3
    6         39      5      5     32     49     36     38      29
    7        130      4      4     88    135     87    123      82
    8        126      5     15     80    152    105    121      86
    9         59      5     16     32     56     29     53      36
   10         29      4     33     12     16     19     29      20
   11         47      8     48     18     27     16     18      26
   12         42     10     58     14     35     21     30      30
   13         53     20     51     17     29     22     31      32
   14         58     14     52     28     37     24     29      35
   15        112     29     38     46     68     81     66      63
   16        142     24     52     89     92    104    106      87
   17         88     35     44     79     64     90     85      69
   18         54     44     44     55     34     86     79      57
   19         41     17     33     47     36     79     51      43
   20         19     15     24     29     35     37     23      26
   21         24     10     11     10      9     22     22      15
   22          8      7     13      6      4      8      8       8
   23          4      1      5      7      1      3      3       3
 
TOTALS
 
12HR 7-19    940    202    455    558    745    684    770     622
16HR 6-22   1063    249    528    676    874    858    904     736
18HR 6-24   1075    257    546    689    879    869    915     747
24HR 0-24   1086    266    551    699    890    875    931     757
 
 
 
 
*LOCATION   : ............................................................
*SITE NUMBER: 12003503
*FILE NUMBER:        4
*INTERVAL   :   15 MIN
*BATTERY    :    6.5 V
*RESTARTS   :        0
*CONFIG     :        0
*CHANNEL    :  1 OF  1
 
             FRI    SAT    SUN    MON    TUE    WED    THU    7-DAY
DATE    07/09/21     22     23     24     25     26     27   AVERAGE
 
START HOUR
 
    0          2      5      1      0      1      2      1       2
    1          0      4      1      0      0      0      1       1
    2          0      0      3      2      0      0      1       1
    3          0      1      2      0      0      0      1       1
    4          2      0      2      2      3      2      3       2
    5          7      0      1      5      7      5      7       5
    6         28      7      4     45     54     47     39      32
    7         95      3      4    150    156    146    112      95
    8         77     10      8    172    167    161    146     106
    9         27      6     23     55     63     71     61      44
   10         15      9     35     43     38     36     36      30
   11         15     12     61     24     46     40     30      33
   12         18      4     80     29     38     54     32      36
   13         19     16     59     41     52     49     35      39
   14         37     21     80     43     54     52     40      47
   15         78     14     75    112    100    100     79      80
   16         79     27     67    150    185    163    125     114
   17         57     27     54    126    134    113     85      85
   18         47     31     43     98     95     83     75      67
   19         26     17     37     55     64     57     57      45
   20         33     14     21     36     41     36     27      30
   21         23      4     12     18     17     20     14      15
   22         11      6      4      3      9     10      6       7
   23          3      3      3      3      5      4      0       3
 
TOTALS
 
12HR 7-19    564    180    589   1043   1128   1068    856     775
16HR 6-22    674    222    663   1197   1304   1228    993     897
18HR 6-24    688    231    670   1203   1318   1242    999     907
24HR 0-24    699    241    680   1212   1329   1251   1013     918
 
 
 
 
*LOCATION   : ............................................................
*SITE NUMBER: 12003503
*FILE NUMBER:        4
*INTERVAL   :   15 MIN
*BATTERY    :    6.5 V
*RESTARTS   :        0
*CONFIG     :        0
*CHANNEL    :  1 OF  1
 
             FRI    SAT    SUN    MON    TUE    WED    THU    7-DAY
DATE    07/09/28     29     30     01     02     03     04   AVERAGE
 
START HOUR
 
    0          1      0      2      0      -      -      -       -
    1          1      1      1      0      -      -      -       -
    2          1      0      1      0      -      -      -       -
    3          1      2      0      0      -      -      -       -
    4          3      4      2      1      -      -      -       -
    5          6      3      1      4      -      -      -       -
    6         30      2      4     30      -      -      -       -
    7        111     15      5     73      -      -      -       -
    8        127     20      9     58      -      -      -       -
    9         53     21     29     37      -      -      -       -
   10         25     37     31     21      -      -      -       -
   11         29     56     45     21      -      -      -       -
   12         40     53     30     33      -      -      -       -
   13         35     53     56      -      -      -      -       -
   14         39     38     49      -      -      -      -       -
   15         86     34     48      -      -      -      -       -
   16         95     43     44      -      -      -      -       -
   17         66     28     32      -      -      -      -       -
   18         41     30     43      -      -      -      -       -
   19         27     22     29      -      -      -      -       -
   20         17     11     20      -      -      -      -       -
   21         15      4      3      -      -      -      -       -
   22          5      2      3      -      -      -      -       -
   23          8      3      2      -      -      -      -       -
 
TOTALS
 
12HR 7-19    747    428    421      -      -      -      -       -
16HR 6-22    836    467    477      -      -      -      -       -
18HR 6-24    849    472    482      -      -      -      -       -
24HR 0-24    862    482    489      -      -      -      -       -
 
