 
 
 
*LOCATION   : ............................................................
*SITE NUMBER: 11500528
*FILE NUMBER:       40
*INTERVAL   :   15 MIN
*BATTERY    :    6.3 V
*RESTARTS   :        0
*CONFIG     :       12
*CHANNEL    :  1 OF  2
 
             MON    TUE    WED    THU    FRI    SAT    SUN    7-DAY
DATE    05/01/31     01     02     03     04     05     06   AVERAGE
 
START HOUR
 
    0          -      0      2      2      0      0      1       -
    1          -      3      1      1      1      1      0       -
    2          -      1      0      1      1      1      1       -
    3          -      1      0      0      0      0      3       -
    4          -      0      0      0      1      0      0       -
    5          -      2      1      2      1      1      1       -
    6          -      7      9      5      9      0      1       -
    7          -     12      6     14      7      2      0       -
    8          -     19     16     16     10      0      1       -
    9          -     14     17     16     11      5      1       -
   10          -     13     10      4     14      5      3       -
   11          -      4     15     11      8      8      4       -
   12          -      8     11     11      8      4      5       -
   13         13      7      7      8      4      2      6       7
   14         12      5      8     18      8      5      4       9
   15         15     23     13     11     22      1     12      14
   16         13     21     20     20     13      2      3      13
   17         17     16     10     17     12      3      8      12
   18         10     11      6     17      1      8      5       8
   19          6      8      7     10      2      3      4       6
   20          8      6      9      6      5      1      7       6
   21          5      2      4      2      4      1      2       3
   22          3      2      6      2      1      0      0       2
   23          2      1      1      3      3      0      2       2
 
TOTALS
 
12HR 7-19      -    153    139    163    118     45     52       -
16HR 6-22      -    176    168    186    138     50     66       -
18HR 6-24      -    179    175    191    142     50     68       -
24HR 0-24      -    186    179    197    146     53     74       -



 
 
 
 
*LOCATION   : ............................................................
*SITE NUMBER: 11500528
*FILE NUMBER:       40
*INTERVAL   :   15 MIN
*BATTERY    :    6.3 V
*RESTARTS   :        0
*CONFIG     :       12
*CHANNEL    :  1 OF  2
 
             MON    TUE    WED    THU    FRI    SAT    SUN    7-DAY
DATE    05/02/07     08     09     10     11     12     13   AVERAGE
 
START HOUR
 
    0          1      1      0      3      0      1      1       1
    1          1      1      1      1      5      1      0       1
    2          0      0      1      0      2      5      2       1
    3          0      0      0      0      0      0      1       0
    4          0      2      0      0      1      0      0       0
    5          1      2      2      0      1      1      2       1
    6         11     12      7      8      7      3      2       7
    7          8     15     13     12     14      5      2      10
    8         18     19     21     16      8      4      0      12
    9         19     22     19     17      8      8      6      14
   10          8     12     12     12      6      7      2       8
   11         22     11      8      8     12     11      4      11
   12          9      6      4      4     13     11      6       8
   13          8     11     11     16      7     10      6      10
   14         10     11     17     14     11      9      5      11
   15         18     18     23     19     30      7      3      17
   16         19     15     17     17     20      5      2      14
   17         18     24     22     14     12      4      6      14
   18         21     11     15      9      8      2      2      10
   19          6      7     11      8      7      5      4       7
   20          7      6      9      9      3      2      3       6
   21          3      5     10      4      3      2      2       4
   22          6      3      1      3      2      1      0       2
   23          4      3      1      2      0      2      1       2
 
TOTALS
 
12HR 7-19    178    175    182    158    149     83     44     138
16HR 6-22    205    205    219    187    169     95     55     162
18HR 6-24    215    211    221    192    171     98     56     166
24HR 0-24    218    217    225    196    180    106     62     172



 
 
 
 
*LOCATION   : ............................................................
*SITE NUMBER: 11500528
*FILE NUMBER:       40
*INTERVAL   :   15 MIN
*BATTERY    :    6.3 V
*RESTARTS   :        0
*CONFIG     :       12
*CHANNEL    :  1 OF  2
 
             MON    TUE    WED    THU    FRI    SAT    SUN    7-DAY
DATE    05/02/14     15     16     17     18     19     20   AVERAGE
 
START HOUR
 
    0          0      0      1      1      1      1      0       1
    1          1      0      0      0      0      0      1       0
    2          0      3      0      2      0      1      2       1
    3          2      1      0      1      0      0      0       1
    4          0      0      0      0      0      0      0       0
    5          1      1      3      1      1      0      1       1
    6          6      9      7      5      5      0      1       5
    7          8     12     10      6      6      7      0       7
    8         17     17     20     18     21      1      1      14
    9         15     19     15     18     10      0      3      11
   10          8     15     12     15      9      4      4      10
   11         11     11     14     11      9      6      2       9
   12          4      8     13     14      9      5      2       8
   13          9      4      7      5     19      4      4       7
   14          7      6     16     17     18      6      3      10
   15         18     22     17      9     19      2      1      13
   16          8      8     14     15     13      3      2       9
   17         12     15     15     17     15      4      4      12
   18          9      6     11     12     13      1      4       8
   19          2      5      4      4      3      0      6       3
   20          3      7      5      4      1      0      2       3
   21          1      2      4      2      1      2      4       2
   22          1      1      0      1      0      2      1       1
   23          0      0      0      1      1      2      1       1
 
TOTALS
 
12HR 7-19    126    143    164    157    161     43     30     118
16HR 6-22    138    166    184    172    171     45     43     131
18HR 6-24    139    167    184    174    172     49     45     133
24HR 0-24    143    172    188    179    174     51     49     137



 
 
 
 
*LOCATION   : ............................................................
*SITE NUMBER: 11500528
*FILE NUMBER:       40
*INTERVAL   :   15 MIN
*BATTERY    :    6.3 V
*RESTARTS   :        0
*CONFIG     :       12
*CHANNEL    :  1 OF  2
 
             MON    TUE    WED    THU    FRI    SAT    SUN    7-DAY
DATE    05/02/21     22     23     24     25     26     27   AVERAGE
 
START HOUR
 
    0          0      0      1      1      1      0      0       0
    1          2      0      1      1      0      1      1       1
    2          0      1      0      0      0      1      0       0
    3          0      0      0      0      0      1      0       0
    4          0      0      0      0      0      1      0       0
    5          1      2      1      0      1      0      0       1
    6          5      5      4      4      6      0      0       3
    7         11     14      9     13     15      3      0       9
    8         17     15     13     13     15      2      0      11
    9         15     13     13     14     17      7      1      11
   10         19     11     11      4     10      7      1       9
   11         14     13     10      9      8     12      3      10
   12         11      8     10     10     12      3      3       8
   13         16     11     10      6     12      5      5       9
   14         16     16     11      9     15      7      2      11
   15         13     13     12      9     13      5      5      10
   16         16     11     16     18     18      8     10      14
   17         13      8     12      9      8      5      2       8
   18         12      8      6     11     14      3      6       9
   19          4      6      2      4      5      1      1       3
   20          4      4      2      6      3      3      1       3
   21          3      2      5      3      1      0      2       2
   22          4      1      1      2      4      2      0       2
   23          0      1      1      3      0      1      1       1
 
TOTALS
 
12HR 7-19    173    141    133    125    157     67     38     119
16HR 6-22    189    158    146    142    172     71     42     131
18HR 6-24    193    160    148    147    176     74     43     134
24HR 0-24    196    163    151    149    178     78     44     137



 
 
 
 
*LOCATION   : ............................................................
*SITE NUMBER: 11500528
*FILE NUMBER:       40
*INTERVAL   :   15 MIN
*BATTERY    :    6.3 V
*RESTARTS   :        0
*CONFIG     :       12
*CHANNEL    :  1 OF  2
 
             MON    TUE    WED    THU    FRI    SAT    SUN    7-DAY
DATE    05/02/28     01     02     03     04     05     06   AVERAGE
 
START HOUR
 
    0          1      -      -      -      -      -      -       -
    1          1      -      -      -      -      -      -       -
    2          0      -      -      -      -      -      -       -
    3          1      -      -      -      -      -      -       -
    4          0      -      -      -      -      -      -       -
    5          1      -      -      -      -      -      -       -
    6         11      -      -      -      -      -      -       -
    7          9      -      -      -      -      -      -       -
    8         12      -      -      -      -      -      -       -
    9         16      -      -      -      -      -      -       -
   10          8      -      -      -      -      -      -       -
   11         11      -      -      -      -      -      -       -
   12         10      -      -      -      -      -      -       -
   13         12      -      -      -      -      -      -       -
   14         18      -      -      -      -      -      -       -
   15          -      -      -      -      -      -      -       -
   16          -      -      -      -      -      -      -       -
   17          -      -      -      -      -      -      -       -
   18          -      -      -      -      -      -      -       -
   19          -      -      -      -      -      -      -       -
   20          -      -      -      -      -      -      -       -
   21          -      -      -      -      -      -      -       -
   22          -      -      -      -      -      -      -       -
   23          -      -      -      -      -      -      -       -
 
TOTALS
 
12HR 7-19      -      -      -      -      -      -      -       -
16HR 6-22      -      -      -      -      -      -      -       -
18HR 6-24      -      -      -      -      -      -      -       -
24HR 0-24      -      -      -      -      -      -      -       -

 
