*LOCATION	: ..	........	.......	.......	.......	.......	.......	...............
*SITE NUMB	ER: 11	700520						
*FILE NUMB	ER:	2						
*INTERVAL	:	15 MIN						
*BATTERY	:	6.3 V						
*RESTARTS	:	0						
*CONFIG	:	12						
*CHANNEL	:  1	OF  2						

	MON	TUE	WED	THU	FRI	SAT	SUN	7-DAY
DATE    05	/01/31	1	2	3	4	5	6	AVERAGE

START HOUR								

0	-	1	2	3	0	1	0	-
1	-	1	4	1	1	1	0	-
2	-	4	0	0	1	0	0	-
3	-	1	0	0	0	0	0	-
4	-	4	2	0	3	1	0	-
5	-	6	4	2	3	0	1	-
6	-	10	16	13	14	1	1	-
7	-	36	30	26	27	0	3	-
8	-	32	45	28	29	6	1	-
9	12	31	15	21	22	10	1	16
10	9	23	20	13	13	13	7	14
11	7	16	21	14	20	8	7	13
12	12	17	17	17	13	9	11	14
13	18	20	29	8	20	15	10	17
14	13	12	18	11	14	10	6	12
15	16	14	25	21	29	7	10	17
16	23	18	31	39	34	7	10	23
17	15	38	27	36	29	7	6	23
18	19	39	16	22	9	6	2	16
19	11	21	11	16	7	0	3	10
20	8	18	11	12	9	1	12	10
21	4	15	6	9	5	1	4	6
22	1	7	10	5	0	2	1	4
23	3	6	0	3	1	1	4	3
	171							
TOTALS								

12HR 7-19	-	296	294	256	259	98	74	-
16HR 6-22	-	360	338	306	294	101	94	-
18HR 6-24	-	373	348	314	295	104	99	-
24HR 0-24	-	390	360	320	303	107	100	-
								



*LOCATION	: ..	........	.......	.......	.......	.......	.......	...............
*SITE NUMB	ER: 11	700520						
*FILE NUMB	ER:	2						
*INTERVAL	:	15 MIN						
*BATTERY	:	6.3 V						
*RESTARTS	:	0						
*CONFIG	:	12						
*CHANNEL	:  1	OF  2						

	MON	TUE	WED	THU	FRI	SAT	SUN	7-DAY
DATE    05	/02/07	8	9	10	11	12	13	AVERAGE

START HOUR								

0	0	0	4	1	0	0	2	1
1	0	0	0	0	1	1	0	0
2	0	0	0	2	3	0	1	1
3	1	2	0	1	0	0	1	1
4	2	2	4	3	1	2	0	2
5	2	2	1	1	3	2	1	2
6	12	15	15	6	9	2	1	9
7	27	26	21	22	20	1	0	17
8	33	26	38	26	30	4	1	23
9	26	27	33	20	22	8	8	21
10	8	20	28	20	16	11	4	15
11	19	10	14	12	15	12	10	13
12	12	30	27	15	11	29	9	19
13	9	15	19	18	19	18	10	15
14	15	19	12	16	17	15	10	15
15	26	27	33	19	30	12	8	22
16	41	35	40	25	45	19	11	31
17	25	42	34	23	24	14	14	25
18	26	21	29	26	12	6	6	18
19	13	18	11	22	11	4	7	12
20	15	14	12	13	7	3	12	11
21	15	12	7	5	2	1	4	7
22	5	2	3	4	5	0	6	4
23	0	0	0	2	1	1	1	1

TOTALS								

12HR 7-19	267	298	328	242	261	149	91	234
16HR 6-22	322	357	373	288	290	159	115	272
18HR 6-24	327	359	376	294	296	160	122	276
24HR 0-24	332	365	385	302	304	165	127	283
								



*LOCATION	: ..	........	.......	.......	.......	.......	.......	...............
*SITE NUMB	ER: 11	700520						
*FILE NUMB	ER:	2						
*INTERVAL	:	15 MIN						
*BATTERY	:	6.3 V						
*RESTARTS	:	0						
*CONFIG	:	12						
*CHANNEL	:  1	OF  2						

	MON	TUE	WED	THU	FRI	SAT	SUN	7-DAY
DATE    05	/02/14	15	16	17	18	19	20	AVERAGE

START HOUR								

0	1	1	1	1	0	1	1	1
1	1	1	0	0	1	0	0	0
2	0	0	0	1	0	0	0	0
3	2	0	0	0	0	0	1	0
4	3	1	3	2	1	1	0	2
5	1	0	3	3	1	1	5	2
6	9	16	13	11	8	0	1	8
7	22	31	19	19	17	1	0	16
8	34	47	30	27	25	2	2	24
9	24	23	16	15	16	3	3	14
10	23	16	17	16	15	12	5	15
11	18	11	20	12	14	16	10	14
12	20	17	17	16	13	13	10	15
13	23	13	21	13	13	20	7	16
14	20	14	14	16	10	6	10	13
15	34	11	8	23	20	3	11	16
16	31	24	7	31	30	10	14	21
17	15	17	13	11	23	8	14	14
18	39	27	21	20	24	5	8	21
19	16	6	8	9	13	2	7	9
20	5	10	5	5	6	2	2	5
21	2	7	6	4	6	3	7	5
22	4	1	7	2	1	1	2	3
23	3	0	3	0	1	1	1	1

TOTALS								

12HR 7-19	303	251	203	219	220	99	94	198
16HR 6-22	335	290	235	248	253	106	111	225
18HR 6-24	342	291	245	250	255	108	114	229
24HR 0-24	350	294	252	257	258	111	121	235
								



*LOCATION	: ..	........	.......	.......	.......	.......	.......	...............
*SITE NUMB	ER: 11	700520						
*FILE NUMB	ER:	2						
*INTERVAL	:	15 MIN						
*BATTERY	:	6.3 V						
*RESTARTS	:	0						
*CONFIG	:	12						
*CHANNEL	:  1	OF  2						

	MON	TUE	WED	THU	FRI	SAT	SUN	7-DAY
DATE    05	/02/21	22	23	24	25	26	27	AVERAGE

START HOUR								

0	1	1	0	1	2	-	-	-
1	1	0	8	3	0	-	-	-
2	1	0	10	0	0	-	-	-
3	0	0	6	0	0	-	-	-
4	1	2	2	1	1	-	-	-
5	0	1	1	0	0	-	-	-
6	5	9	3	5	4	-	-	-
7	21	15	16	17	18	-	-	-
8	24	19	17	19	-	-	-	-
9	16	14	13	8	-	-	-	-
10	15	9	9	11	-	-	-	-
11	10	11	13	7	-	-	-	-
12	12	12	13	13	-	-	-	-
13	30	7	16	18	-	-	-	-
14	16	9	16	18	-	-	-	-
15	268	3	12	10	-	-	-	-
16	21	0	3	15	-	-	-	-
17	11	4	1	13	-	-	-	-
18	26	13	15	20	-	-	-	-
19	12	9	5	10	-	-	-	-
20	11	6	5	7	-	-	-	-
21	7	4	4	2	-	-	-	-
22	6	1	0	6	-	-	-	-
23	2	1	1	1	-	-	-	-
					25			
TOTALS								

12HR 7-19	470	116	144	169	-	-	-	-
16HR 6-22	505	144	161	193	-	-	-	-
18HR 6-24	513	146	162	200	-	-	-	-
24HR 0-24	517	150	189	205	-	-	-	-
								



*LOCATION	: ..	........	.......	.......	.......	.......	.......	...............
*SITE NUMB	ER: 11	700520						
*FILE NUMB	ER:	2						
*INTERVAL	:	15 MIN						
*BATTERY	:	6.3 V						
*RESTARTS	:	0						
*CONFIG	:	12						
*CHANNEL	:  2	OF  2						

	MON	TUE	WED	THU	FRI	SAT	SUN	7-DAY
DATE    05	/01/31	1	2	3	4	5	6	AVERAGE

START HOUR								

0	-	0	0	1	0	1	0	-
1	-	2	1	0	0	0	0	-
2	-	1	0	0	0	0	0	-
3	-	0	0	0	0	0	0	-
4	-	1	1	0	1	1	2	-
5	-	1	16	3	3	1	0	-
6	-	7	11	10	11	0	0	-
7	-	10	20	6	10	0	0	-
8	-	16	15	17	12	0	0	-
9	9	8	16	15	18	2	0	10
10	6	5	6	9	8	5	0	6
11	7	2	2	9	4	1	6	4
12	10	1	9	6	9	6	7	7
13	1	0	7	5	1	6	3	3
14	4	6	9	5	2	2	3	4
15	18	21	16	13	9	3	5	12
16	11	11	17	12	21	1	4	11
17	7	15	14	19	6	1	6	10
18	5	11	13	10	8	0	2	7
19	3	5	9	8	12	3	2	6
20	4	6	7	6	5	0	2	4
21	3	7	3	8	6	2	1	4
22	1	3	2	1	2	0	2	2
23	4	0	2	9	0	0	0	2
	93							
TOTALS								

12HR 7-19	-	106	144	126	108	27	36	-
16HR 6-22	-	131	174	158	142	32	41	-
18HR 6-24	-	134	178	168	144	32	43	-
24HR 0-24	-	139	196	172	148	35	45	-
								



*LOCATION	: ..	........	.......	.......	.......	.......	.......	...............
*SITE NUMB	ER: 11	700520						
*FILE NUMB	ER:	2						
*INTERVAL	:	15 MIN						
*BATTERY	:	6.3 V						
*RESTARTS	:	0						
*CONFIG	:	12						
*CHANNEL	:  2	OF  2						

	MON	TUE	WED	THU	FRI	SAT	SUN	7-DAY
DATE    05	/02/07	8	9	10	11	12	13	AVERAGE

START HOUR								

0	0	0	0	0	0	3	2	1
1	0	0	3	0	0	0	0	0
2	0	0	0	0	1	0	1	0
3	0	0	1	0	0	0	1	0
4	0	0	0	0	3	0	0	0
5	2	4	4	3	2	0	0	2
6	5	6	8	7	6	0	0	5
7	18	12	15	5	8	2	1	9
8	23	24	21	11	9	6	1	14
9	10	10	14	14	8	7	3	9
10	3	9	7	0	6	5	0	4
11	4	5	2	2	1	8	1	3
12	5	2	7	8	9	13	10	8
13	4	6	4	7	4	2	4	4
14	11	16	9	6	7	8	13	10
15	12	12	18	14	11	4	7	11
16	22	27	28	29	147	2	4	1469
17	13	20	15	13	14	2	6	661
18	10	14	15	20	8	5	5	11
19	14	13	10	5	14	2	2	9
20	5	7	11	8	2	1	2	5
21	3	5	5	9	10	2	0	5
22	2	3	2	1	1	2	1	2
23	0	3	3	3	2	3	0	2

TOTALS								

12HR 7-19	135	157	2641	129	699	8675	3060	2214
16HR 6-22	162	188	2675	158	731	8680	3064	2237
18HR 6-24	164	194	2680	162	734	8685	3065	2241
24HR 0-24	166	198	202	165	273	77	64	2245
								



*LOCATION	: ..	........	.......	.......	.......	.......	.......	...............
*SITE NUMB	ER: 11	700520						
*FILE NUMB	ER:	2						
*INTERVAL	:	15 MIN						
*BATTERY	:	6.3 V						
*RESTARTS	:	0						
*CONFIG	:	12						
*CHANNEL	:  2	OF  2						

	MON	TUE	WED	THU	FRI	SAT	SUN	7-DAY
DATE    05	/02/14	15	16	17	18	19	20	AVERAGE

START HOUR								

0	0	0	1	2	0	2	0	1
1	0	0	0	0	0	0	3	0
2	0	2	0	0	0	0	2	1
3	0	0	0	0	0	0	0	0
4	8	4	3	1	1	0	0	2
5	3	8	0	15	0	2	0	4
6	6	11	11	6	8	0	0	6
7	7	3	8	14	10	1	2	6
8	8	13	11	8	20	6	0	9
9	5	8	11	10	15	9	6	9
10	3	5	6	7	7	4	6	5
11	6	1	3	7	6	9	1	5
12	5	8	5	7	6	1	8	6
13	3	2	5	11	7	6	7	6
14	3	4	9	9	6	5	8	6
15	17	551	5	1234	79	2	1852	534
16	22	1598	2	1743	1751	3968	78	1330
17	4	451	25	160	29	9	7	98
18	7	10	5	12	14	4	6	8
19	5	2	12	10	9	5	0	6
20	7	7	4	9	3	4	4	5
21	3	13	3	5	3	3	2	5
22	4	2	1	4	2	3	0	2
23	0	3	1	3	0	4	0	2

TOTALS								

12HR 7-19	240	2654	95	3222	1950	4024	1981	2024
16HR 6-22	261	2687	125	3252	1973	4036	1987	2046
18HR 6-24	265	2692	127	3259	1975	4043	1987	2050
24HR 0-24	276	2706	131	3277	1976	4047	1992	2058
								



*LOCATION	: ..	........	.......	.......	.......	.......	.......	...............
*SITE NUMB	ER: 11	700520						
*FILE NUMB	ER:	2						
*INTERVAL	:	15 MIN						
*BATTERY	:	6.3 V						
*RESTARTS	:	0						
*CONFIG	:	12						
*CHANNEL	:  2	OF  2						

	MON	TUE	WED	THU	FRI	SAT	SUN	7-DAY
DATE    05	/02/21	22	23	24	25	26	27	AVERAGE

START HOUR								

0	0	0	0	1	0	-	-	-
1	0	0	3	0	0	-	-	-
2	0	0	0	0	0	-	-	-
3	0	0	0	0	0	-	-	-
4	1	0	2	2	4	-	-	-
5	1	2	2	4	1	-	-	-
6	8	4	5	3	6	-	-	-
7	8	12	9	8	5	-	-	-
8	18	13	15	22	-	-	-	-
9	10	6	5	0	-	-	-	-
10	2	6	1	3	-	-	-	-
11	9	2	3	5	-	-	-	-
12	6	6	10	6	-	-	-	-
13	5	1	3	0	-	-	-	-
14	1	1	10	10	-	-	-	-
15	3644	4	99	7	-	-	-	-
16	717	0	0	308	-	-	-	-
17	50	4	0	1369	-	-	-	-
18	16	14	3	10	-	-	-	-
19	5	9	5	5	-	-	-	-
20	7	10	6	2	-	-	-	-
21	7	5	3	10	-	-	-	-
22	3	5	0	3	-	-	-	-
23	0	0	1	0	-	-	-	-
					16
TOTALS					

12HR 7-19	4486	69	1		
