
 
 
*LOCATION   : ............................................................
*SITE NUMBER: 11704419
*FILE NUMBER:        1
*INTERVAL   :   15 MIN
*BATTERY    :    6.4 V
*RESTARTS   :        0
*CONFIG     :       12
*CHANNEL    :  1 OF  2
 
             WED    THU    FRI    SAT    SUN    MON    TUE    7-DAY
DATE    07/10/31     01     02     03     04     05     06   AVERAGE
 
START HOUR
 
    0          -     13     13     15     10      5      8       -
    1          -      9      6     16      4      4      6       -
    2          -      1      2      2      2      0      1       -
    3          -      0      1      7      3      0      1       -
    4          -      7      4      4      1      4      4       -
    5          -     17     12      3      1     11     16       -
    6          -     48     45      8      8     44     53       -
    7          -     92    112     19     15    102    108       -
    8        191    161    177     18     16    143    161     124
    9        121    111    125     24     21    101    119      89
   10         90     76     73     36     28     71     78      65
   11         89     69     70     45     49     61     70      65
   12         92     68     84     48     56     66     67      69
   13        114     74     88     44     57     81     67      75
   14        114     81    104     30     62     99     72      80
   15        135    115    123     35     47    127    107      98
   16        183    167    156     37     31    141    136     122
   17        169    129    117     30     38    130    118     104
   18        125     96     89     27     41     81     69      75
   19         97     80     54     22     25     60     62      57
   20         63     59     48     23     22     49     54      45
   21         58     51     43     18     26     46     38      40
   22         30     30     21     15     15     20     28      23
   23         14     20     20     12     11     13     11      14
 
TOTALS
 
12HR 7-19      -   1239   1318    393    461   1203   1172       -
16HR 6-22      -   1477   1508    464    542   1402   1379       -
18HR 6-24      -   1527   1549    491    568   1435   1418       -
24HR 0-24      -   1574   1587    538    589   1459   1454       -

 
 
 
























*LOCATION   : ............................................................
*SITE NUMBER: 11704419
*FILE NUMBER:        1
*INTERVAL   :   15 MIN
*BATTERY    :    6.4 V
*RESTARTS   :        0
*CONFIG     :       12
*CHANNEL    :  1 OF  2
 
             WED    THU    FRI    SAT    SUN    MON    TUE    7-DAY
DATE    07/11/07     08     09     10     11     12     13   AVERAGE
 
START HOUR
 
    0          9     10      9     11     16      7      9      10
    1          7      5      6      9     13      4      6       7
    2          0      1      2      2      2      0      0       1
    3          1      2      1      3      3      0      0       1
    4          3      4      6      2      2      4      3       3
    5         11     14     14      7      4     13     12      11
    6         51     50     53     14      6     47     41      37
    7         76    107     97     19     14     94     62      67
    8        136    139    148     17     19     94     87      91
    9         92    105    101     31     17     91     86      75
   10         71     64     70     39     32     66     57      57
   11         57     79     63     54     43     50     40      55
   12         60     82     56     57     42     50     45      56
   13         53     69     59     70     42     53     37      55
   14         85     81     54     69     40     50     53      62
   15         86    118     80     47     55     72     61      74
   16        123    144     94     48     39    100     79      90
   17         98    107     75     42     46     79     79      75
   18         59     91     54     39     30     53     54      54
   19         42     48     37     30     29     43     41      39
   20         45     56     27     25     31     39     31      36
   21         31     31     23     18     19     26     31      26
   22         23     22     18     17     20     26     22      21
   23         14     14     14     11     10      7      9      11
 
TOTALS
 
12HR 7-19    996   1186    951    532    419    852    740     811
16HR 6-22   1165   1371   1091    619    504   1007    884     949
18HR 6-24   1202   1407   1123    647    534   1040    915     981
24HR 0-24   1233   1443   1161    681    574   1068    945    1015

 
 
 














 
*LOCATION   : ............................................................
*SITE NUMBER: 11704419
*FILE NUMBER:        1
*INTERVAL   :   15 MIN
*BATTERY    :    6.4 V
*RESTARTS   :        0
*CONFIG     :       12
*CHANNEL    :  1 OF  2
 
             WED    THU    FRI    SAT    SUN    MON    TUE    7-DAY
DATE    07/11/14     15     16     17     18     19     20   AVERAGE
 
START HOUR
 
    0          9      8      7     10      9      6      8       8
    1          4      6      6      4      9      5      7       6
    2          1      1      0      2      5      0      0       1
    3          1      0      1      6      6      0      0       2
    4          3      3      3      1      3      4      4       3
    5         10      9      8      5      4      8     13       8
    6         36     44     37     16      8     49     48      34
    7         66     71     67     16     13     90     82      58
    8         97     85    110     20     15    120    109      79
    9         82     65     74     32     24    110     94      69
   10         47     50     59     37     25     71     68      51
   11         53     50     53     49     39     70     64      54
   12         47     46     66     45     27     70     66      52
   13         61     55     58     46     43     83     61      58
   14         55     55     75     55     48     62     70      60
   15         71     61     74     44     41     91     91      68
   16         87     91     83     40     37    120    114      82
   17         89     66     75     26     30    105    106      71
   18         55     57     52     31     28     91     75      56
   19         43     49     35     30     23     60     66      44
   20         37     37     34     23     27     50     41      36
   21         27     28     16     18     24     37     30      26
   22         21     24     13     13     14     17     18      17
   23          9      9     14     12     10     11     15      11
 
TOTALS
 
12HR 7-19    810    752    846    441    370   1083   1000     757
16HR 6-22    953    910    968    528    452   1279   1185     896
18HR 6-24    983    943    995    553    476   1307   1218     925
24HR 0-24   1011    970   1020    581    512   1330   1250     953

 
















 
 
*LOCATION   : ............................................................
*SITE NUMBER: 11704419
*FILE NUMBER:        1
*INTERVAL   :   15 MIN
*BATTERY    :    6.4 V
*RESTARTS   :        0
*CONFIG     :       12
*CHANNEL    :  1 OF  2
 
             WED    THU    FRI    SAT    SUN    MON    TUE    7-DAY
DATE    07/11/21     22     23     24     25     26     27   AVERAGE
 
START HOUR
 
    0          7      9      7     18      8      6      6       9
    1          5      9      6     10      7      3      7       7
    2          0      2      1      0      2      0      0       1
    3          1      1      0      4      6      0      0       2
    4          3      2      5      5      2      5      3       4
    5         13     13     11      5      1     11     12       9
    6         43     48     43     15      4     43     43      34
    7         98     95     80     19     11     92     80      68
    8        116    126    102     23     18    109     90      83
    9         99     93     91     35     21     89     78      72
   10         69     65     67     49     26     61     55      56
   11         74     67     59     63     37     57     59      59
   12         84     68     68     55     41     76     52      63
   13         72     71     62     62     49     74     59      64
   14         73     67     58     78     37     73     47      62
   15         92     80     76     61     32     81     61      69
   16        127    110    100     39     34    117     97      89
   17        103     94     78     38     22    100     77      73
   18         84     66     67     33     26     86     54      59
   19         60     50     40     31     24     59     54      45
   20         49     48     29     28     23     32     37      35
   21         40     32     22     17     23     44     31      30
   22         25     25     16     14     18     19     18      19
   23         16     16     19     13     11     14      9      14
 
TOTALS
 
12HR 7-19   1091   1002    908    555    354   1015    809     819
16HR 6-22   1283   1180   1042    646    428   1193    974     964
18HR 6-24   1324   1221   1077    673    457   1226   1001     997
24HR 0-24   1353   1257   1107    715    483   1251   1029    1028

 
 
 














*LOCATION   : ............................................................
*SITE NUMBER: 11704419
*FILE NUMBER:        1
*INTERVAL   :   15 MIN
*BATTERY    :    6.4 V
*RESTARTS   :        0
*CONFIG     :       12
*CHANNEL    :  1 OF  2
 
             WED    THU    FRI    SAT    SUN    MON    TUE    7-DAY
DATE    07/11/28     29     30     01     02     03     04   AVERAGE
 
START HOUR
 
    0          6      7     11     11      4      6     10       8
    1          8      7      6     10     13      1      3       7
    2          0      0      2      4      2      0      1       1
    3          0      2      1      3      3      5      0       2
    4          2      2      3      3      2      3      2       2
    5         11     13     10      6      1      9     11       9
    6         50     43     42     13      4     38     37      32
    7         73     72     61     25     13     70     70      55
    8        102     92     77     21      7     83     91      68
    9         67     79     75     31     12     79     70      59
   10         38     58     56     41     15     63     64      48
   11         50     52     52     43     23     52     52      46
   12         50     67     55     47     24     58     55      51
   13         65     52     55     56     26     62     62      54
   14         62     61     61     41     24     62     59      53
   15         78     75     77     48     26     69     57      61
   16         91    101     79     37     26     80     80      71
   17         85     81     67     25     21     74     59      59
   18         61     58     40     27     25     55     52      45
   19         46     39     37     26     18     37     48      36
   20         37     37     39     21     23     34     31      32
   21         34     33     24     18     15     27     26      25
   22         19     22     19     13     11     15     20      17
   23         10     14     19     14     12     13     11      13
 
TOTALS
 
12HR 7-19    822    848    755    442    242    807    771     670
16HR 6-22    989   1000    897    520    302    943    913     795
18HR 6-24   1018   1036    935    547    325    971    944     825
24HR 0-24   1045   1067    968    584    350    995    971     854

 
 
 
 














*LOCATION   : ............................................................
*SITE NUMBER: 11704419
*FILE NUMBER:        1
*INTERVAL   :   15 MIN
*BATTERY    :    6.4 V
*RESTARTS   :        0
*CONFIG     :       12
*CHANNEL    :  2 OF  2
 
             WED    THU    FRI    SAT    SUN    MON    TUE    7-DAY
DATE    07/10/31     01     02     03     04     05     06   AVERAGE
 
START HOUR
 
    0          -      1      5      4      0      0      0       -
    1          -      1      2      4      0      1      1       -
    2          -      0      1      2      1      0      0       -
    3          -      1      1      2      1      0      0       -
    4          -      0      0      3      2      1      0       -
    5          -      3      6      0      1      4      3       -
    6          -     16     22      6      2     18     17       -
    7          -     37     51      5      1     31     44       -
    8         91     71     67      5      2     49     61      49
    9         39     30     43      4      5     33     25      26
   10         23     11     29     15     11      9     15      16
   11         30      9     19      9     12     21     14      16
   12         31     14     35     17     23     11     13      21
   13         25     16     25     12     15     27     15      19
   14         22     24     36     11     25     17     23      23
   15         61     46     47     17     22     37     41      39
   16         79     60     89      4     17     46     49      49
   17         78     45     44     12     13     50     46      41
   18         50     40     25      6     16     25     35      28
   19         38     24     26      7      8     19     23      21
   20         38     22     11      1      9     23     20      18
   21         27     16     13      6      8     15     11      14
   22         14     10      9      1      5      9     11       8
   23         10      6      8      1      1      2      2       4
 
TOTALS
 
12HR 7-19      -    403    510    117    162    356    381       -
16HR 6-22      -    481    582    137    189    431    452       -
18HR 6-24      -    497    599    139    195    442    465       -
24HR 0-24      -    503    614    154    200    448    469       -

 
 
 
 














*LOCATION   : ............................................................
*SITE NUMBER: 11704419
*FILE NUMBER:        1
*INTERVAL   :   15 MIN
*BATTERY    :    6.4 V
*RESTARTS   :        0
*CONFIG     :       12
*CHANNEL    :  2 OF  2
 
             WED    THU    FRI    SAT    SUN    MON    TUE    7-DAY
DATE    07/11/07     08     09     10     11     12     13   AVERAGE
 
START HOUR
 
    0          3      3      4      1      4      1      0       2
    1          0      0      0      0      1      0      1       0
    2          0      0      1      0      0      0      1       0
    3          0      1      0      1      1      0      0       0
    4          0      1      0      0      0      1      0       0
    5          5      3      4      0      0      2      2       2
    6         10     13     11      2      2     13     10       9
    7         52     42     30      1      2     35     28      27
    8         53     50     46      1      4     28     28      30
    9         20     35     25      1      6     16     21      18
   10          3     11      5      4     11     13      7       8
   11          7     23      4     10     16     10      7      11
   12          8     20     17      9     20      8      8      13
   13          5     15      2     14     11      9      5       9
   14         18     29     16     11     23     13      8      17
   15         30     42     27     12     10     21     22      23
   16         37     49     29     12     19     35     24      29
   17         26     37     18      7     16     22     29      22
   18         25     30     18      4     12     21     19      18
   19         15     19      9      8      5      9     16      12
   20         17     19      4      4      6     10      8      10
   21          9     12      3      8      6      6      8       7
   22          6      8      0      1      3      4      4       4
   23          3      5      0      1      4      3      0       2
 
TOTALS
 
12HR 7-19    284    383    237     86    150    231    206     225
16HR 6-22    335    446    264    108    169    269    248     263
18HR 6-24    344    459    264    110    176    276    252     269
24HR 0-24    352    467    273    112    182    280    256     275

 
 
 














 
*LOCATION   : ............................................................
*SITE NUMBER: 11704419
*FILE NUMBER:        1
*INTERVAL   :   15 MIN
*BATTERY    :    6.4 V
*RESTARTS   :        0
*CONFIG     :       12
*CHANNEL    :  2 OF  2
 
             WED    THU    FRI    SAT    SUN    MON    TUE    7-DAY
DATE    07/11/14     15     16     17     18     19     20   AVERAGE
 
START HOUR
 
    0          2      0      0      4      1      0      0       1
    1          0      0      2      3      1      0      1       1
    2          0      0      2      1      1      0      0       1
    3          0      1      0      1      1      0      1       1
    4          1      1      0      2      0      1      0       1
    5          1      1      1      2      2      3      4       2
    6          6      7      8      1      1     13     13       7
    7         24     13     17      2      0     28     35      17
    8         40     33     23      2      3     50     54      29
    9         13     11     16      9      4     25     24      15
   10          7      7     17      3      8      8     10       9
   11         11      9     10     11      5      9     15      10
   12          6      5      9      9     12     19     10      10
   13         10      6      5     10     20     13     13      11
   14          9     12     15      9      7     19     14      12
   15         20     14     15     11     10     29     28      18
   16         18     27     31     10     12     54     35      27
   17         25     10     21      6     10     30     32      19
   18         15     12     15      5     11     31     33      17
   19         12      8      4      3      7     19     15      10
   20         12      9      9      6      6     11     15      10
   21          7      9      4      4      6     13     17       9
   22          5      1      1      1      2      6      6       3
   23          0      3      3      7      2      5      0       3
 
TOTALS
 
12HR 7-19    198    159    194     87    102    315    303     194
16HR 6-22    235    192    219    101    122    371    363     229
18HR 6-24    240    196    223    109    126    382    369     235
24HR 0-24    244    199    228    122    132    386    375     241

 
 
 
















 
*LOCATION   : ............................................................
*SITE NUMBER: 11704419
*FILE NUMBER:        1
*INTERVAL   :   15 MIN
*BATTERY    :    6.4 V
*RESTARTS   :        0
*CONFIG     :       12
*CHANNEL    :  2 OF  2
 
             WED    THU    FRI    SAT    SUN    MON    TUE    7-DAY
DATE    07/11/21     22     23     24     25     26     27   AVERAGE
 
START HOUR
 
    0          2      7      1      2      2      1      3       3
    1          1      0      0      2      3      0      1       1
    2          0      0      0      1      2      0      0       0
    3          0      0      0      1      3      0      0       1
    4          0      2      0      1      3      0      1       1
    5          3      2      0      2      0      1      2       1
    6          7     16      8      3      2      9      8       8
    7         35     33     25      1      1     35     27      22
    8         46     43     38      1      5     49     44      32
    9         22     25     13      7      9     26     12      16
   10         11      7      8      7      9      7      7       8
   11         13     14      8      9      7     13      7      10
   12         15     14      9     19      7      6      6      11
   13         13      8      4     15     13     12      5      10
   14         20     23     10     15      8     17     11      15
   15         23     22     20     18     19     25     16      20
   16         37     38     23      4      8     46     21      25
   17         36     30     26      6      7     39     30      25
   18         31     24     15      5      6     24     21      18
   19         17     12     16      5      4     17     12      12
   20         24     14      8      6      8     15     10      12
   21         13     12      4      8      3     12      5       8
   22          4      6      2      3      0      5      7       4
   23          6      3      2      3      0      2      1       2
 
TOTALS
 
12HR 7-19    302    281    199    107     99    299    207     213
16HR 6-22    363    335    235    129    116    352    242     253
18HR 6-24    373    344    239    135    116    359    250     259
24HR 0-24    379    355    240    144    129    361    257     266

 
 
 
 











*LOCATION   : ............................................................
*SITE NUMBER: 11704419
*FILE NUMBER:        1
*INTERVAL   :   15 MIN
*BATTERY    :    6.4 V
*RESTARTS   :        0
*CONFIG     :       12
*CHANNEL    :  2 OF  2
 
             WED    THU    FRI    SAT    SUN    MON    TUE    7-DAY
DATE    07/11/28     29     30     01     02     03     04   AVERAGE
 
START HOUR
 
    0          1      3      0      4      1      0      1       1
    1          0      1      0      0      1      0      1       0
    2          0      0      1      0      2      0      0       0
    3          0      0      1      0      1      1      0       0
    4          0      2      1      0      1      0      0       1
    5          3      2      1      0      1      2      1       1
    6          4      9      6      0      0      9      8       5
    7         22     25     13      0      0     25     15      14
    8         32     26     32      3      1     29     24      21
    9         14     19     13      5      0     12     14      11
   10         10     15      7     12      1      2      3       7
   11         13      4      6      8      6      9      6       7
   12          9      7      1     12      2      8      8       7
   13         10      6      7      7      7      9      3       7
   14         18      1      7     10      9      4     11       9
   15         14     20     17      6      6     15     13      13
   16         41     17     20      7      3     23     23      19
   17         29     22     18      3      7     21     19      17
   18         22     12     10      6      2      9     19      11
   19         10     18     12      6      7      6     13      10
   20         12      5      7      3      3      5     12       7
   21         10      8      8      6      1      6      7       7
   22          7      6      7      2      2      4      4       5
   23          1      2      3      1      1      0      1       1
 
TOTALS
 
12HR 7-19    234    174    151     79     44    166    158     144
16HR 6-22    270    214    184     94     55    192    198     172
18HR 6-24    278    222    194     97     58    196    203     178
24HR 0-24    282    230    198    101     65    199    206     183

 
 
 
 


















 
 

 
 
 

