
 
 
*LOCATION   : ............................................................
*SITE NUMBER: 10302625
*FILE NUMBER:        1
*INTERVAL   :   15 MIN
*BATTERY    :    6.6 V
*RESTARTS   :        0
*CONFIG     :        0
*CHANNEL    :  1 OF  1
 
             TUE    WED    THU    FRI    SAT    SUN    MON    7-DAY
DATE    07/06/26     27     28     29     30     01     02   AVERAGE
 
START HOUR
 
    0          -      6      6      7     11     15      6       -
    1          -      2      2      2      6      7      6       -
    2          -      0      1      0      3      4      3       -
    3          -      0      0      2     10      5      5       -
    4          -      4      3      5      2      2      4       -
    5          -     13     12     10      6     10     25       -
    6          -     45     52     57     17     18    109       -
    7          -     70    130     98     19     17    192       -
    8          -     57     98    112     36     12    173       -
    9          -     20     62     38     40     31    105       -
   10          -     12     32     25     34     47     59       -
   11          -     14     31     35     52     49     54       -
   12          -     25     33     36     62     73     82       -
   13          -     19     31     40     82     84     59       -
   14         41     19     61     54     69    121     86      64
   15         90     64    104    104     66     92    147      95
   16        126     64    131    123     61    107    225     120
   17        109     64    110     84     64    119    179     104
   18         86     43     61     69     69     83    122      76
   19         82     31     28     44     73     70     83      59
   20         57     27     28     41     38     68     60      46
   21         35     25     27     35     37     45     66      39
   22         33     14     11     20     19     22     25      21
   23         12      4      9     16     12     19     11      12
 
TOTALS
 
12HR 7-19      -    471    884    818    654    835   1483       -
16HR 6-22      -    599   1019    995    819   1036   1801       -
18HR 6-24      -    617   1039   1031    850   1077   1837       -
24HR 0-24      -    642   1063   1057    888   1120   1886       -

 
 
 
 
*LOCATION   : ............................................................
*SITE NUMBER: 10302625
*FILE NUMBER:        1
*INTERVAL   :   15 MIN
*BATTERY    :    6.6 V
*RESTARTS   :        0
*CONFIG     :        0
*CHANNEL    :  1 OF  1
 
             TUE    WED    THU    FRI    SAT    SUN    MON    7-DAY
DATE    07/07/03     04     05     06     07     08     09   AVERAGE
 
START HOUR
 
    0          4     24      7     10     11      8     12      11
    1          5      6     14      7      6      9      4       7
    2          1      2      3      2      2     11      3       3
    3          2      1      3      2      2      2      3       2
    4          4      2      2      1      3      3      1       2
    5         22     19     22     10      2      2     11      13
    6        127    113    104     66     17      8     55      70
    7        220    203    198    123     12      9    109     125
    8        194    168    166     94     15      3     82     103
    9        104     93     82     52     41     15     55      63
   10         67     62     75     39     67     25     24      51
   11        127     63     87     45     55     50     24      64
   12        116     86     86     41     96     38     16      68
   13        107     85     82     48     58     53     18      64
   14        133     94    118     61     47     51     34      77
   15        222    192    175    122     38     57     96     129
   16        263    214    276    107     32     65    139     157
   17        198    182    178     82     17     77     95     118
   18        175    128    141     60     43     55     91      99
   19        104    112    105     28     37     66     88      77
   20        112     86     85     26     16     56     64      64
   21         97     81     94     27     33     17     53      57
   22         34     50     48     12     20     30     20      31
   23         25     20     15     12      7     17     15      16
 
TOTALS
 
12HR 7-19   1926   1570   1664    874    521    498    783    1119
16HR 6-22   2366   1962   2052   1021    624    645   1043    1388
18HR 6-24   2425   2032   2115   1045    651    692   1078    1434
24HR 0-24   2463   2086   2166   1077    677    727   1112    1473

 
 
 
 
*LOCATION   : ............................................................
*SITE NUMBER: 10302625
*FILE NUMBER:        1
*INTERVAL   :   15 MIN
*BATTERY    :    6.6 V
*RESTARTS   :        0
*CONFIG     :        0
*CHANNEL    :  1 OF  1
 
             TUE    WED    THU    FRI    SAT    SUN    MON    7-DAY
DATE    07/07/10     11     12     13     14     15     16   AVERAGE
 
START HOUR
 
    0          6      6      7     12     12     11      6       9
    1          2      8      8     10      9      8      9       8
    2          3      5      2      2      7      9      2       4
    3          2      2      2      5      3      7      2       3
    4          4      5      3      4      3      4      9       5
    5         15     13      8      8      3      2     11       9
    6         99     72     77     64     11      8     77      58
    7        144    120    124    124     10     13    139      96
    8        127     86    120     90     22      6    120      82
    9         53     33     65     75     33      7     71      48
   10         57     25     63     41     36     13     57      42
   11         42     23     61     78     53     21     68      49
   12         69     22     87     77     50     25     66      57
   13         48     21     81     87     63     23     84      58
   14         70     34     87    105     66     28     76      67
   15        162    108    155    177     71     28    142     120
   16        165    143    220    140     46     25    201     134
   17        139     81    159    100     44     45    121      98
   18         99     64    124     67     59     61     80      79
   19         97     63    111     58     48     47    116      77
   20         64     41     88     40     45     37     56      53
   21         67     38     65     42     23     41     53      47
   22         32     24     32     25     15     29     35      27
   23         13     14     18     15      8     16      4      13
 
TOTALS
 
12HR 7-19   1175    760   1346   1161    553    295   1225     931
16HR 6-22   1502    974   1687   1365    680    428   1527    1166
18HR 6-24   1547   1012   1737   1405    703    473   1566    1206
24HR 0-24   1579   1051   1767   1446    740    514   1605    1243

 
 
 
 
*LOCATION   : ............................................................
*SITE NUMBER: 10302625
*FILE NUMBER:        1
*INTERVAL   :   15 MIN
*BATTERY    :    6.6 V
*RESTARTS   :        0
*CONFIG     :        0
*CHANNEL    :  1 OF  1
 
             TUE    WED    THU    FRI    SAT    SUN    MON    7-DAY
DATE    07/07/17     18     19     20     21     22     23   AVERAGE
 
START HOUR
 
    0         14      8     13      6     10     11     10      10
    1          2      4      5      1     10      5      2       4
    2          4      3      3      5     13      2      1       4
    3          5      3      4      1      5      4      3       4
    4          3      2      2      6      6      3      3       4
    5         14     13      9      8      0      2     20       9
    6         91     82     67     63     10     11     72      57
    7        164    157    116     96     19      8    157     102
    8        127    130    105     76     17     15    139      87
    9         98     84     55     51     34     35     90      64
   10         86     54     42     45     68     64     74      62
   11         90     71     45     51    106     87     80      76
   12        119     79     55     71     75    113     92      86
   13         89     56     46     76     94    107    114      83
   14        108     84     85     63     60    123    114      91
   15        194    131    124     99     47     98    148     120
   16        244    191    165     92     62     83    205     149
   17        152    149    105     76     57     89     97     104
   18        122     95     84     39     46     84     54      75
   19        109     58     62     22     39     73     41      58
   20         71     69     46     25     31     62     37      49
   21         53     43     36     25     28     48     27      37
   22         27     24     16     19     14     28     25      22
   23         12      9     18      6     11     12      8      11
 
TOTALS
 
12HR 7-19   1593   1281   1027    835    685    906   1364    1099
16HR 6-22   1917   1533   1238    970    793   1100   1541    1299
18HR 6-24   1956   1566   1272    995    818   1140   1574    1332
24HR 0-24   1998   1599   1308   1022    862   1167   1613    1367

 
 
 
 
*LOCATION   : ............................................................
*SITE NUMBER: 10302625
*FILE NUMBER:        1
*INTERVAL   :   15 MIN
*BATTERY    :    6.6 V
*RESTARTS   :        0
*CONFIG     :        0
*CHANNEL    :  1 OF  1
 
             TUE    WED    THU    FRI    SAT    SUN    MON    7-DAY
DATE    07/07/24     25     26     27     28     29     30   AVERAGE
 
START HOUR
 
    0          4      9      9      7      5      7      4       6
    1          3      2      7     10      6      4      2       5
    2          4      1      3      2      2     12      1       4
    3          0      0      5      1      2      3      0       2
    4          1      3      5      4      2      7      4       4
    5         14     18     20     15      1      5     20      13
    6         33     55     58     52     16     14     72      43
    7         99    121    132    118     21     13    161      95
    8         65    115    120    115     13      8    168      86
    9         21     53     75     76     38     15     61      48
   10         10     32     70     53     52     34     43      42
   11         23     43     80     91     44     52     59      56
   12         14     41     93     69     69     68     58      59
   13         17     34     89     93     71     54     52      59
   14         29     64     94     86     71     45     77      67
   15         79     98    157    148     88     59    138     110
   16        121    156    183    153     70     41    229     136
   17         82     98    147     90     77     56    135      98
   18         61     87    129     50     71     44     73      74
   19         69     58     87     41     35     49     57      57
   20         61     52     97     33     41     46     34      52
   21         42     40     56     22     27     29     41      37
   22         14     17     31     19     15     18      6      17
   23         13     13     16      4      8      8      2       9
 
TOTALS
 
12HR 7-19    621    942   1369   1142    685    489   1254     929
16HR 6-22    826   1147   1667   1290    804    627   1458    1117
18HR 6-24    853   1177   1714   1313    827    653   1466    1143
24HR 0-24    879   1210   1763   1352    845    691   1497    1177

 
 
 
 
*LOCATION   : ............................................................
*SITE NUMBER: 10302625
*FILE NUMBER:        1
*INTERVAL   :   15 MIN
*BATTERY    :    6.6 V
*RESTARTS   :        0
*CONFIG     :        0
*CHANNEL    :  1 OF  1
 
             TUE    WED    THU    FRI    SAT    SUN    MON    7-DAY
DATE    07/07/31     01     02     03     04     05     06   AVERAGE
 
START HOUR
 
    0          2      -      -      -      -      -      -       -
    1          2      -      -      -      -      -      -       -
    2          3      -      -      -      -      -      -       -
    3          0      -      -      -      -      -      -       -
    4          2      -      -      -      -      -      -       -
    5         13      -      -      -      -      -      -       -
    6         33      -      -      -      -      -      -       -
    7         51      -      -      -      -      -      -       -
    8         55      -      -      -      -      -      -       -
    9         26      -      -      -      -      -      -       -
   10          8      -      -      -      -      -      -       -
   11         14      -      -      -      -      -      -       -
   12         12      -      -      -      -      -      -       -
   13          -      -      -      -      -      -      -       -
   14          -      -      -      -      -      -      -       -
   15          -      -      -      -      -      -      -       -
   16          -      -      -      -      -      -      -       -
   17          -      -      -      -      -      -      -       -
   18          -      -      -      -      -      -      -       -
   19          -      -      -      -      -      -      -       -
   20          -      -      -      -      -      -      -       -
   21          -      -      -      -      -      -      -       -
   22          -      -      -      -      -      -      -       -
   23          -      -      -      -      -      -      -       -
 
TOTALS
 
12HR 7-19      -      -      -      -      -      -      -       -
16HR 6-22      -      -    
