 
 
 
*LOCATION   : ............................................................
*SITE NUMBER: 10802616
*FILE NUMBER:        1
*INTERVAL   :   15 MIN
*BATTERY    :    6.1 V
*RESTARTS   :        0
*CONFIG     :        0
*CHANNEL    :  1 OF  1
 
             FRI    SAT    SUN    MON    TUE    WED    THU    7-DAY
DATE    07/06/29     30     01     02     03     04     05   AVERAGE
 
START HOUR
 
    0          -     12     22     15     10     12     24       -
    1          -     11     19      5     14      8     16       -
    2          -      9     16      1      7      2      6       -
    3          -      9     14      1      1      1      3       -
    4          -      9     15      4      4      2      2       -
    5          -     13      3     20     22     22     23       -
    6          -      9      5     56     67     68     58       -
    7          -     20      9    120    139    150    128       -
    8          -     21     13    192    198    168    180       -
    9          -     46     35    103    105    135    119       -
   10         42     41     43     62    127     81     82      68
   11         54     86     66     95    104     97     86      84
   12         60     94     88     94     98     92    102      90
   13         70    125     93    104     95    101    105      99
   14         75    114    113    127    134    125    107     114
   15        133    121    104    148    203    159    191     151
   16        143    108    126    236    263    224    234     191
   17        115     98    138    179    243    243    185     172
   18         80     93     99    153    192    181    178     139
   19         63     59    113    122    171    138    149     116
   20         64     56     76     75    121    136    127      94
   21         48     45     54    103     94     80     98      75
   22         26     41     28     39     58     65     55      45
   23         29     26     21     23     33     26     26      26
 
TOTALS
 
12HR 7-19      -    967    927   1613   1901   1756   1697       -
16HR 6-22      -   1136   1175   1969   2354   2178   2129       -
18HR 6-24      -   1203   1224   2031   2445   2269   2210       -
24HR 0-24      -   1266   1313   2077   2503   2316   2284       -
 
 
 
 
*LOCATION   : ............................................................
*SITE NUMBER: 10802616
*FILE NUMBER:        1
*INTERVAL   :   15 MIN
*BATTERY    :    6.1 V
*RESTARTS   :        0
*CONFIG     :        0
*CHANNEL    :  1 OF  1
 
             FRI    SAT    SUN    MON    TUE    WED    THU    7-DAY
DATE    07/07/06     07     08     09     10     11     12   AVERAGE
 
START HOUR
 
    0         18     22      9     10      4     12      7      12
    1          7      7     13      4     12     10      8       9
    2          4      2      6      1      1      4      2       3
    3          6      4      7      1      2      7      3       4
    4          4      5      5      2      2      3      1       3
    5         20     10      7     18     17     20     17      16
    6         47      6      9     43     66     44     45      37
    7         96     16     10     81    106     91     93      70
    8        107     14      3    130    135     93    140      89
    9         70     31     17     50     79     50     91      55
   10         50     59     25     18     48     24     72      42
   11         60     76     40     24     59     22     82      52
   12         61     85     42     14     77     24    112      59
   13         50     64     76     16     72     36    101      59
   14         84     39     82     37     92     61    122      74
   15        120     44     55     84    129     86    142      94
   16        121     15     97    136    182    139    189     126
   17         95     49     97    164    164    113    166     121
   18         80     49     77    103    133     80    165      98
   19         63     55     69    103    111     63    129      85
   20         47     57     70     76     78     59    101      70
   21         37     36     40     53     65     47     63      49
   22         17     22     36     23     36     29     26      27
   23         19     22     11     18     18      9     22      17
 
TOTALS
 
12HR 7-19    994    541    621    857   1276    819   1475     940
16HR 6-22   1188    695    809   1132   1596   1032   1813    1181
18HR 6-24   1224    739    856   1173   1650   1070   1861    1225
24HR 0-24   1283    789    903   1209   1688   1126   1899    1271
 
 
 
 
*LOCATION   : ............................................................
*SITE NUMBER: 10802616
*FILE NUMBER:        1
*INTERVAL   :   15 MIN
*BATTERY    :    6.1 V
*RESTARTS   :        0
*CONFIG     :        0
*CHANNEL    :  1 OF  1
 
             FRI    SAT    SUN    MON    TUE    WED    THU    7-DAY
DATE    07/07/13     14     15     16     17     18     19   AVERAGE
 
START HOUR
 
    0         24     11     13     10      8      9     11      12
    1         13     25     12     11     11      9      9      13
    2          5      4     11      4      3      3      2       5
    3          6      5     14     10      5      2      5       7
    4          2      8     15      4      4      2      5       6
    5         24      3      9     15     18     19     16      15
    6         38     17      8     51     60     43     38      36
    7         97     13      6     86    119    111     83      74
    8        108     24      7    122    128    133    121      92
    9         59     33      9     87     95     80     74      62
   10         77     59     18     73     71     63     54      59
   11        109     64     28     95     94     85     54      76
   12        104     62     35     98    108     89     75      82
   13        113     73     24     91    105    100     79      84
   14        102     56     39    125    115    130     78      92
   15        148     73     44    129    174    179    149     128
   16        164     62     68    210    212    193    153     152
   17        134     63     77    164    202    168    146     136
   18         96     64     66    122    136    139    135     108
   19         94     52     76    103    139     91     99      93
   20         79     44     57     91    108     86     80      78
   21         58     45     40     62     87     52     61      58
   22         40     32     43     41     48     44     20      38
   23         24     18     24     19     16     30     16      21
 
TOTALS
 
12HR 7-19   1311    646    421   1402   1559   1470   1201    1144
16HR 6-22   1580    804    602   1709   1953   1742   1479    1410
18HR 6-24   1644    854    669   1769   2017   1816   1515    1469
24HR 0-24   1718    910    743   1823   2066   1860   1563    1526
 
 
 
 
*LOCATION   : ............................................................
*SITE NUMBER: 10802616
*FILE NUMBER:        1
*INTERVAL   :   15 MIN
*BATTERY    :    6.1 V
*RESTARTS   :        0
*CONFIG     :        0
*CHANNEL    :  1 OF  1
 
             FRI    SAT    SUN    MON    TUE    WED    THU    7-DAY
DATE    07/07/20     21     22     23     24     25     26   AVERAGE
 
START HOUR
 
    0         10     14     15     11      8      7     13      11
    1          9      6     12      1      4      5      8       6
    2          3      5      8      6      0      3     13       5
    3          5      4      7      5      5      5      5       5
    4          2      2      5      2      2      3      3       3
    5          7      3      9     14     17     16     14      11
    6         35     18     11     50     25     36     45      31
    7         83      8     12    102     70     89    103      67
    8         95     22     23    152     69    125    155      92
    9         69     38     24     87     41     68     80      58
   10         62     55     39    116     18     57     82      61
   11         73     73     90    101     20     44     95      71
   12         81     76    101     86     19     57    110      76
   13        104     71    127    107     27     62    119      88
   14         84     77    101    135     49     67    117      90
   15        118     61     98    131     81    110    153     107
   16        112     53     93    181    119    160    227     135
   17         76     50     95     83    129    146    197     111
   18         44     55    114     68    123    104    163      96
   19         36     36     79     51     95     64    123      69
   20         29     41     70     63     82     77    107      67
   21         31     28     62     43     53     38     92      50
   22         21     25     32     15     32     31     46      29
   23         10     23     17     12     15     17     21      16
 
TOTALS
 
12HR 7-19   1001    639    917   1349    765   1089   1601    1052
16HR 6-22   1132    762   1139   1556   1020   1304   1968    1269
18HR 6-24   1163    810   1188   1583   1067   1352   2035    1314
24HR 0-24   1199    844   1244   1622   1103   1391   2091    1356
 
 
 
 
*LOCATION   : ............................................................
*SITE NUMBER: 10802616
*FILE NUMBER:        1
*INTERVAL   :   15 MIN
*BATTERY    :    6.1 V
*RESTARTS   :        0
*CONFIG     :        0
*CHANNEL    :  1 OF  1
 
             FRI    SAT    SUN    MON    TUE    WED    THU    7-DAY
DATE    07/07/27     28     29     30     31     01     02   AVERAGE
 
START HOUR
 
    0         18      6     27      6      -      -      -       -
    1         11     11     14      4      -      -      -       -
    2         10     11     15      0      -      -      -       -
    3          5      0      9      3      -      -      -       -
    4          6      3      6      4      -      -      -       -
    5         10      7     12     13      -      -      -       -
    6         39     15     10     49      -      -      -       -
    7         92     16     10    112      -      -      -       -
    8        104     15     19    171      -      -      -       -
    9         92     49     28     93      -      -      -       -
   10         76     61     39     61      -      -      -       -
   11        105     74     55     72      -      -      -       -
   12         99    105     52     82      -      -      -       -
   13        109     95     62      -      -      -      -       -
   14        133     95     57      -      -      -      -       -
   15        129     86     44      -      -      -      -       -
   16        155     81     50      -      -      -      -       -
   17        128     76     66      -      -      -      -       -
   18         97     83     72      -      -      -      -       -
   19         62     61     59      -      -      -      -       -
   20         44     51     59      -      -      -      -       -
   21         31     40     40      -      -      -      -       -
   22         23     19     23      -      -      -      -       -
   23         12     18      9      -      -      -      -       -
 
TOTALS
 
12HR 7-19   1319    836    554      -      -      -      -       -
16HR 6-22   1495   1003    722      -      -      -      -       -
18HR 6-24   1530   1040    754      -      -      -      -       -
24HR 0-24   1590   1078    837      -      -      -      -       -
 
