 
 
 
*LOCATION   : ............................................................
*SITE NUMBER: 11502628
*FILE NUMBER:        1
*INTERVAL   :   15 MIN
*BATTERY    :    6.4 V
*RESTARTS   :        0
*CONFIG     :        0
*CHANNEL    :  1 OF  1
 
             TUE    WED    THU    FRI    SAT    SUN    MON    7-DAY
DATE    07/06/26     27     28     29     30     01     02   AVERAGE
 
START HOUR
 
    0          -     13     10      9     23     29     10       -
    1          -      7      8      8     21     28      4       -
    2          -      7      5      5     16     29      2       -
    3          -      4      5      1     21     24      3       -
    4          -      1      2      1     12      8      2       -
    5          -     10     14     14      5      6     17       -
    6          -     17     32     34     11     13     47       -
    7          -     62     89     85     16     13    124       -
    8          -     66    144    136     20     17    186       -
    9          -     30    108     92     53     43    134       -
   10          -     28     89     77     58     45    101       -
   11          -     33     83     88    102     57    106       -
   12          -     46     88     95    131     76    123       -
   13         49     47     72     90    156     91    119      89
   14         86     63     92    108    124    110    127     101
   15        117     79    135    155    124    123    173     129
   16        176     98    166    169    134     81    278     157
   17        156     87    156    135     95     95    200     132
   18        146     69     82    107     72     83    190     107
   19         96     48     54     76     63     82    145      81
   20         71     54     36     56     45     60     73      56
   21         58     26     32     47     39     62     69      48
   22         32     18     21     43     49     35     25      32
   23         23     12     30     42     43     16     21      27
 
TOTALS
 
12HR 7-19      -    708   1304   1337   1085    834   1861       -
16HR 6-22      -    853   1458   1550   1243   1051   2195       -
18HR 6-24      -    883   1509   1635   1335   1102   2241       -
24HR 0-24      -    925   1553   1673   1433   1226   2279       -
 
 
 
 
*LOCATION   : ............................................................
*SITE NUMBER: 11502628
*FILE NUMBER:        1
*INTERVAL   :   15 MIN
*BATTERY    :    6.4 V
*RESTARTS   :        0
*CONFIG     :        0
*CHANNEL    :  1 OF  1
 
             TUE    WED    THU    FRI    SAT    SUN    MON    7-DAY
DATE    07/07/03     04     05     06     07     08     09   AVERAGE
 
START HOUR
 
    0         13     15     24     24     22     23     12      19
    1          4      9     12      9     13     15      9      10
    2          2      7     11     12     19     20      7      11
    3          2      4      9     14      5      9      3       7
    4          2      5      4      5     10      7      2       5
    5         19     15     16     10      1      4      7      10
    6         38     35     53     33      9      6     38      30
    7        137    122    118     84     17      7     83      81
    8        219    203    200    139     19     11    116     130
    9        159    133    138    102     50     22     80      98
   10         85    103    112     68     49     38     33      70
   11        130    117    136     83     78     44     35      89
   12        146    119    126     92    101     49     32      95
   13        130    146    123     88     95     61     27      96
   14        125    139    149     98     75     83     52     103
   15        206    167    200    135     75     69    138     141
   16        280    273    276    155     32     73    173     180
   17        269    205    230    109     33     86    141     153
   18        190    174    163    100     40     61    130     123
   19        147    122    153     64     37     54     98      96
   20        118     89    114     44     39     65     63      76
   21         97     74     69     52     29     40     45      58
   22         71     57     67     32     38     31     32      47
   23         35     45     59     25     40     12     20      34
 
TOTALS
 
12HR 7-19   2076   1901   1971   1253    664    604   1040    1358
16HR 6-22   2476   2221   2360   1446    778    769   1284    1619
18HR 6-24   2582   2323   2486   1503    856    812   1336    1700
24HR 0-24   2624   2378   2562   1577    926    890   1376    1762
 
 
 
 
*LOCATION   : ............................................................
*SITE NUMBER: 11502628
*FILE NUMBER:        1
*INTERVAL   :   15 MIN
*BATTERY    :    6.4 V
*RESTARTS   :        0
*CONFIG     :        0
*CHANNEL    :  1 OF  1
 
             TUE    WED    THU    FRI    SAT    SUN    MON    7-DAY
DATE    07/07/10     11     12     13     14     15     16   AVERAGE
 
START HOUR
 
    0         11     17     17     20     27     29     12      19
    1         11     20      6     24     20     30      4      16
    2          5      2      8     10     21     18     12      11
    3          2      2      8     12     17     16      2       8
    4          5      4      4      7     14     16      2       7
    5         19     10     12     16      7      6      9      11
    6         44     29     30     27     11     11     28      26
    7         96     75     91     79     17      4     94      65
    8        169    114    137    136     24     15    131     104
    9        105     54    147     98     52     17    121      85
   10         92     33     95    111     56     19    108      73
   11         83     30    168    109     82     28    105      86
   12         97     30    113    127     92     32    103      85
   13        114     36    132    124     77     22    123      90
   14        108     56    165    148    106     24    129     105
   15        176    111    175    203     86     45    176     139
   16        246    141    255    189     76     55    198     166
   17        185    124    197    172     49     45    167     134
   18        157     77    156    111     54     71    155     112
   19         98     77    136     89     60     30    102      85
   20         95     49    100     75     35     43     78      68
   21         52     47     87     42     55     25     65      53
   22         55     27     57     39     48     20     38      41
   23         22     24     27     39     34     15     27      27
 
TOTALS
 
12HR 7-19   1628    881   1831   1607    771    377   1610    1244
16HR 6-22   1917   1083   2184   1840    932    486   1883    1475
18HR 6-24   1994   1134   2268   1918   1014    521   1948    1542
24HR 0-24   2047   1189   2323   2007   1120    636   1989    1616
 
 
 
 
*LOCATION   : ............................................................
*SITE NUMBER: 11502628
*FILE NUMBER:        1
*INTERVAL   :   15 MIN
*BATTERY    :    6.4 V
*RESTARTS   :        0
*CONFIG     :        0
*CHANNEL    :  1 OF  1
 
             TUE    WED    THU    FRI    SAT    SUN    MON    7-DAY
DATE    07/07/17     18     19     20     21     22     23   AVERAGE
 
START HOUR
 
    0         23     14     13     22     23     23     12      19
    1          7      5     12     12     12     18      7      10
    2          7      6      5     11      8     18      3       8
    3          2      6      8      4      8     18      1       7
    4          5      8      3      9      6     12      6       7
    5         10     13     11      9      4      8     18      10
    6         41     38     27     37     12      4     36      28
    7        122     95     83     86     15     14     99      73
    8        155    166    123    110     26     22    163     109
    9        127    108    134    101     38     41    108      94
   10        103    112     78     81     78     62    105      88
   11        101     96     80     82     87     79    137      95
   12        126    135    113    111     83     95    120     112
   13        141    126     86    118    114     98    137     117
   14        177    126     99    117    102    123    139     126
   15        186    167    147    149     93    118    162     146
   16        266    228    203    137     83    102    225     178
   17        222    191    163    106     85    113     88     138
   18        171    130    155     51     50     69     86     102
   19        122     93    107     58     47     65     57      78
   20        100    103     64     40     70     74     45      71
   21         71     44     55     30     41     46     19      44
   22         86     47     37     19     30     39     22      40
   23         31     22     25     20     27     32     10      24
 
TOTALS
 
12HR 7-19   1897   1680   1464   1249    854    936   1569    1378
16HR 6-22   2231   1958   1717   1414   1024   1125   1726    1599
18HR 6-24   2348   2027   1779   1453   1081   1196   1758    1663
24HR 0-24   2402   2079   1831   1520   1142   1293   1805    1725
 
 
 
 
*LOCATION   : ............................................................
*SITE NUMBER: 11502628
*FILE NUMBER:        1
*INTERVAL   :   15 MIN
*BATTERY    :    6.4 V
*RESTARTS   :        0
*CONFIG     :        0
*CHANNEL    :  1 OF  1
 
             TUE    WED    THU    FRI    SAT    SUN    MON    7-DAY
DATE    07/07/24     25     26     27     28     29     30   AVERAGE
 
START HOUR
 
    0          9     21     17     23     21     27     16      19
    1          3      8     15     11     21     25     13      14
    2          0      7     13      8      9     19      4       9
    3          1      2      3     10      7     22      4       7
    4          2      3      7     10     12     13      6       8
    5         10     11     19     11      3      9     15      11
    6         32     34     40     35     12     14     41      30
    7         70     87     85     83     14      9    101      64
    8         74    138    157    130     20     15    167     100
    9         53     97    122    109     54     30    117      83
   10         32     62     93     84     73     58      -       -
   11         28     75    122    113     91     76      -       -
   12         29     81    122    118    108     66      -       -
   13         32     70    133    121    109     65      -       -
   14         54     95    122    151    102     70      -       -
   15        111    133    194    212    119     61      -       -
   16        138    194    208    175    113     44      -       -
   17        117    168    188    167     65     57      -       -
   18        104    119    171     93     52     76      -       -
   19         86     74    140     64     70     62      -       -
   20         90     68    126     47     45     50      -       -
   21         44     45     83     29     40     42      -       -
   22         41     25     51     27     28     40      -       -
   23         18     33     53     12     28     20      -       -
 
TOTALS
 
12HR 7-19    842   1319   1717   1556    920    627      -       -
16HR 6-22   1094   1540   2106   1731   1087    795      -       -
18HR 6-24   1153   1598   2210   1770   1143    855      -       -
24HR 0-24   1178   1650   2284   1843   1216    970      -       -
 
