 
 
 
*LOCATION   : ............................................................
*SITE NUMBER: 11602601
*FILE NUMBER:        4
*INTERVAL   :   15 MIN
*BATTERY    :    6.4 V
*RESTARTS   :        0
*CONFIG     :        0
*CHANNEL    :  1 OF  1
 
             MON    TUE    WED    THU    FRI    SAT    SUN    7-DAY
DATE    07/06/25     26     27     28     29     30     01   AVERAGE
 
START HOUR
 
    0          -      8      3      3      6      7      2       -
    1          -      3      1      0      1      5      3       -
    2          -      1      2      3      2      9      1       -
    3          -      2      2      0      0      2      0       -
    4          -      1      2      1      0      0      0       -
    5          -     12     11     14     14      4      2       -
    6          -     40     31     33     29      7      6       -
    7          -     58     44     53     62     13      8       -
    8          -     48     29     37     48     20     11       -
    9          -     22     11     42     36     30     15       -
   10          -     19     15     48     44     35     24       -
   11          -     13     15     51     54     71     34       -
   12          -     23     24     40     70     88    105       -
   13          -     41     20     53     66     83     79       -
   14         87     56     36     68     65     65     85      66
   15        130     68     70     82     93     68     90      86
   16        150     88     82     81     89     92     62      92
   17         98     96     41     58     81     56     74      72
   18         89     79     25     53     54     52     10      52
   19         77     92     34     32     51     11      0      42
   20         67     62     31     26      2      0      0      27
   21         33     37     11     14      0      0      0      14
   22         11     19      0      0      0      0      0       4
   23         10      7      5      6      1      0      2       4
 
TOTALS
 
12HR 7-19      -    611    412    666    762    673    597       -
16HR 6-22      -    842    519    771    844    691    603       -
18HR 6-24      -    868    524    777    845    691    605       -
24HR 0-24      -    895    545    798    868    718    613       -
 
 
 
 
*LOCATION   : ............................................................
*SITE NUMBER: 11602601
*FILE NUMBER:        4
*INTERVAL   :   15 MIN
*BATTERY    :    6.4 V
*RESTARTS   :        0
*CONFIG     :        0
*CHANNEL    :  1 OF  1
 
             MON    TUE    WED    THU    FRI    SAT    SUN    7-DAY
DATE    07/07/02     03     04     05     06     07     08   AVERAGE
 
START HOUR
 
    0          1      2      7     11      1      4      7       5
    1          2      3      3      2      3      5      6       3
    2          1      3      4      2      1      1      1       2
    3          0      0      1      1      0      1      2       1
    4          1      2      2      3      0      2      2       2
    5         15     17     21     14     12      8      2      13
    6         44     62     50     55     38      8      2      37
    7         80     99     86     93     57      6      5      61
    8         71     74     72     71     42     23      6      51
    9         63     58     62     46     28     40      8      44
   10         54     56     64     65     48     59     12      51
   11         71     61     65     80     68     68     19      62
   12         64     70     81     54     48     74     51      63
   13         73     88     74     87     63     99     66      79
   14         97     69     76     82     88     34     46      70
   15        121    133    130    105    100     52     61     100
   16        134    116    159    130     86     25     49     100
   17         28      0     96     92     75     40     29      51
   18          0      0      0    104     59     27     49      34
   19          0      0      0     79     57     22     32      27
   20          0      0      0     45     36     21     51      22
   21          0      0      0      0      5     22      5       5
   22          0      0      0      0      0      0      0       0
   23          2      3      3      5      3      2      1       3
 
TOTALS
 
12HR 7-19    856    824    965   1009    762    547    401     766
16HR 6-22    900    886   1015   1188    898    620    491     857
18HR 6-24    902    889   1018   1193    901    622    492     860
24HR 0-24    922    916   1056   1226    918    643    512     885
 
 
 
 
*LOCATION   : ............................................................
*SITE NUMBER: 11602601
*FILE NUMBER:        4
*INTERVAL   :   15 MIN
*BATTERY    :    6.4 V
*RESTARTS   :        0
*CONFIG     :        0
*CHANNEL    :  1 OF  1
 
             MON    TUE    WED    THU    FRI    SAT    SUN    7-DAY
DATE    07/07/09     10     11     12     13     14     15   AVERAGE
 
START HOUR
 
    0          1      2      3      3      3      8      4       3
    1          5      4      3      4      7      5      5       5
    2          1      0      1      3      4      4      3       2
    3          0      1      0      1      1      2      0       1
    4          3      4      1      1      5      3      3       3
    5         11     11     10     10     12      3      1       8
    6         29     35     32     38     38      7      5      26
    7         50     77     57     70     60     10      8      47
    8         32     46     31     62     50     16      9      35
    9         31     45     26     42     63     39     11      37
   10         28     44     22     56     56     38      8      36
   11         33     56     22     79     74     66     17      50
   12         31     53     44     65     69     72     47      54
   13         26     79     38     83     65     69     28      55
   14         49     85     42     79    103     63     41      66
   15         92     95     78    134     98     87     46      90
   16        118    116     87    134    122     73     32      97
   17         94     86     66    113    105     62     52      83
   18         82     54     39     84     47     39     42      55
   19         48     71     36     87     55     15     60      53
   20         62     49     37     59     38     14     32      42
   21         16     10     11     31     17     11     13      16
   22          0      0      0     17      5      8      9       6
   23          1      5      3      9      7      9      3       5
 
TOTALS
 
12HR 7-19    666    836    552   1001    912    634    341     706
16HR 6-22    821   1001    668   1216   1060    681    451     843
18HR 6-24    822   1006    671   1242   1072    698    463     853
24HR 0-24    843   1028    689   1264   1104    723    479     876
 
 
 
 
*LOCATION   : ............................................................
*SITE NUMBER: 11602601
*FILE NUMBER:        4
*INTERVAL   :   15 MIN
*BATTERY    :    6.4 V
*RESTARTS   :        0
*CONFIG     :        0
*CHANNEL    :  1 OF  1
 
             MON    TUE    WED    THU    FRI    SAT    SUN    7-DAY
DATE    07/07/16     17     18     19     20     21     22   AVERAGE
 
START HOUR
 
    0          4      5      4      4      5      0      1       3
    1          3      9      3      3      3      1      7       4
    2          0      2      3      0      1      1      4       2
    3          2      3      3      0      1      1      1       2
    4          5      5      4      7      2      3      0       4
    5          8     11     18     11     14      4      6      10
    6         35     40     31     32     26      8      4      25
    7         62     80     91     70     53     15      6      54
    8         60     65     57     52     34     17      8      42
    9         57     41     53     39     40     38     19      41
   10         49     55     41     42     57     68     27      48
   11         58     79     55     64     63     73     45      62
   12         64     73     80     61     89     74     64      72
   13         80     84     77     92     88     73     73      81
   14         94     98    100     83     65     69     59      81
   15         98    110     94     94     73     68     38      82
   16         97    131    113    110     70     78     68      95
   17         80     93     90     78     73     71     58      78
   18         65    105     55     94     45     25     56      64
   19         70     68     57     79     33     28     47      55
   20         41     45     54     47     24     25     58      42
   21         22     21     30     14     24     15     29      22
   22         25     17     13     17      6      9      7      13
   23          9     14      8      6      7      8      7       8
 
TOTALS
 
12HR 7-19    864   1014    906    879    750    669    521     800
16HR 6-22   1032   1188   1078   1051    857    745    659     944
18HR 6-24   1066   1219   1099   1074    870    762    673     966
24HR 0-24   1088   1254   1134   1099    896    772    692     991
 
 
 
 
*LOCATION   : ............................................................
*SITE NUMBER: 11602601
*FILE NUMBER:        4
*INTERVAL   :   15 MIN
*BATTERY    :    6.4 V
*RESTARTS   :        0
*CONFIG     :        0
*CHANNEL    :  1 OF  1
 
             MON    TUE    WED    THU    FRI    SAT    SUN    7-DAY
DATE    07/07/23     24     25     26     27     28     29   AVERAGE
 
START HOUR
 
    0          4      5      2      3      4      2      8       4
    1          6      3      5      2      4      3      6       4
    2          1      0     12      2      1      1      2       3
    3          2      1      1      0      2      4      2       2
    4          2      3      4      1      2      3      1       2
    5         13     13     15     11     10      3      2      10
    6         45     26     37     44     31      7      8      28
    7         66     41     49     59     57     11      5      41
    8         57     21     43     47     46     10      3      32
    9         40     19     33     46     47     32     13      33
   10         47     24     39     67     47     62     17      43
   11         64     15     69     74     58     85     47      59
   12         64     14     62     65     64     83     69      60
   13         87     34     59     77    102     98     70      75
   14         88     45     88     83     76     65     73      74
   15        104     86     96    104    101     67     58      88
   16        103     81     96    112     92     91     46      89
   17         74     83     68     88     75     79     56      75
   18         34     88     82     61     64     39     54      60
   19         46     80     73     75     41     29     50      56
   20         39     63     37     71     30     24     40      43
   21         26     25     18     49     17     17     18      24
   22          9     15     15     14      9     12      7      12
   23          8      9      6     12      3      7     52      14
 
TOTALS
 
12HR 7-19    828    551    784    883    829    722    511     730
16HR 6-22    984    745    949   1122    948    799    627     882
18HR 6-24   1001    769    970   1148    960    818    686     907
24HR 0-24   1029    794   1009   1167    983    834    707     932
 
 
 
 
*LOCATION   : ............................................................
*SITE NUMBER: 11602601
*FILE NUMBER:        4
*INTERVAL   :   15 MIN
*BATTERY    :    6.4 V
*RESTARTS   :        0
*CONFIG     :        0
*CHANNEL    :  1 OF  1
 
             MON    TUE    WED    THU    FRI    SAT    SUN    7-DAY
DATE    07/07/30     31     01     02     03     04     05   AVERAGE
 
START HOUR
 
    0          2      -      -      -      -      -      -       -
    1          4      -      -      -      -      -      -       -
    2          2      -      -      -      -      -      -       -
    3          1      -      -      -      -      -      -       -
    4          1      -      -      -      -      -      -       -
    5         19      -      -      -      -      -      -       -
    6         45      -      -      -      -      -      -       -
    7         60      -      -      -      -      -      -       -
    8         44      -      -      -      -      -      -       -
    9         29      -      -      -      -      -      -       -
   10         50      -      -      -      -      -      -       -
   11         61      -      -      -      -      -      -       -
   12         57      -      -      -      -      -      -       -
   13         63      -      -      -      -      -      -       -
   14          -      -      -      -      -      -      -       -
   15          -      -      -      -      -      -      -       -
   16          -      -      -      -      -      -      -       -
   17          -      -      -      -      -      -      -       -
   18          -      -      -      -      -      -      -       -
   19          -      -      -      -      -      -      -       -
   20          -      -      -      -      -      -      -       -
   21          -      -      -      -      -      -      -       -
   22          -      -      -      -      -      -      -       -
   23          -      -      -      -      -      -      -       -
 
TOTALS
 
12HR 7-19      -      -      -      -      -      -      -       -
16HR 6-22      -      -      -      -      -      -      -       -
18HR 6-24      -      -      -      -      -      -      -       -
24HR 0-24      -      -      -      -      -      -      -       -
 
