 
 
 
*LOCATION   : ............................................................
*SITE NUMBER: 11802608
*FILE NUMBER:        1
*INTERVAL   :   15 MIN
*BATTERY    :    6.5 V
*RESTARTS   :        0
*CONFIG     :        0
*CHANNEL    :  1 OF  1
 
             TUE    WED    THU    FRI    SAT    SUN    MON    7-DAY
DATE    07/06/26     27     28     29     30     01     02   AVERAGE
 
START HOUR
 
    0          -      5      1      8      4      7      8       -
    1          -      2      1      3      3      4      5       -
    2          -      3      1      0      1      0      1       -
    3          -      0      0      0      2      4      2       -
    4          -      1      1      3      2      2      2       -
    5          -      2      9     11      3      3      9       -
    6          -     37     43     46      4      4     46       -
    7          -     32     37     55     17      5     88       -
    8          -     15     23     31     18     17     60       -
    9          -      8     27     33     42     36     58       -
   10          -      7     27     35     53     50     52       -
   11          -     11     30     42     78     90     47       -
   12          -     22     40     52     66     85     52       -
   13          -     24     30     39     79     91     51       -
   14          -     30     48     58     85     85     55       -
   15         57     48     61     66     93     84     68      68
   16         83     66     73     75     70    102    121      84
   17         74     24     45     51     74     85    113      67
   18         69     21     31     55     70    104    101      64
   19         69     26     28     39     46     80    100      55
   20         54     22     10     37     45     77     66      44
   21         28     20     13     29     32     42     31      28
   22         14      6      9     13     27     16      8      13
   23          5      1     11      5      3      7     31       9
 
TOTALS
 
12HR 7-19      -    308    472    592    745    834    866       -
16HR 6-22      -    413    566    743    872   1037   1109       -
18HR 6-24      -    420    586    761    902   1060   1148       -
24HR 0-24      -    433    599    786    917   1080   1175       -
 
 
 
 
*LOCATION   : ............................................................
*SITE NUMBER: 11802608
*FILE NUMBER:        1
*INTERVAL   :   15 MIN
*BATTERY    :    6.5 V
*RESTARTS   :        0
*CONFIG     :        0
*CHANNEL    :  1 OF  1
 
             TUE    WED    THU    FRI    SAT    SUN    MON    7-DAY
DATE    07/07/03     04     05     06     07     08     09   AVERAGE
 
START HOUR
 
    0          6      3      8      7      3      3      5       5
    1          3      5      3      6      0      0      1       3
    2          0      2      2      2      3      0      1       1
    3          1      2      0     11      2      3      2       3
    4          2      3      1      2      1      3      1       2
    5          8     13     15      5      1      0      3       6
    6         57     57     60     42      4      2     27      36
    7         81     73     77     48     10      5     54      50
    8         59     55     55     35     22      4     25      36
    9         57     44     37     34     51     14     29      38
   10         67     49     59     36     46     25      4      41
   11         59     43     49     30     48     52     29      44
   12         65     63     77     37     59     45     16      52
   13         72     72     92     38     64     59     28      61
   14         99     66     76     75     24     39     27      58
   15        105     90     95     66     19     36     48      66
   16        113    132    115     74     15     45     89      83
   17        128     94     95     66     31     29     84      75
   18        114    100    125     57     56     37     69      80
   19         96    106     72     39     50     59     78      71
   20         68     52     59     29     39     48     58      50
   21         58     38     39     27     26     30     55      39
   22         15     26     23      9     11     14     22      17
   23         12     12     16      7      5     16      7      11
 
TOTALS
 
12HR 7-19   1019    881    952    596    445    390    502     684
16HR 6-22   1298   1134   1182    733    564    529    720     880
18HR 6-24   1325   1172   1221    749    580    559    749     908
24HR 0-24   1345   1200   1250    782    590    568    762     928
 
 
 
 
*LOCATION   : ............................................................
*SITE NUMBER: 11802608
*FILE NUMBER:        1
*INTERVAL   :   15 MIN
*BATTERY    :    6.5 V
*RESTARTS   :        0
*CONFIG     :        0
*CHANNEL    :  1 OF  1
 
             TUE    WED    THU    FRI    SAT    SUN    MON    7-DAY
DATE    07/07/10     11     12     13     14     15     16   AVERAGE
 
START HOUR
 
    0          7      3      3      2      6      8      1       4
    1          3      3      1      1      3      5      3       3
    2          1      1      1      3      3      5      0       2
    3          5      2      4      4      1      4      0       3
    4          2      5      1      0      3      3      2       2
    5          8     11      8     10      2      2      9       7
    6         40     41     40     38     12      4     43      31
    7         77     49     61     50     10      9     66      46
    8         36     22     27     34     18     15     41      28
    9         34     14     52     41     34     19     39      33
   10         38      7     37     54     38     12     51      34
   11         51     10     62     58     49     18     65      45
   12         56     24     63     67     41     23     42      45
   13         60     32     75     91     53     28     55      56
   14         66     36     98     97     55     25     59      62
   15         65     43    102     79     46     29     92      65
   16        123     57    114     90     66     50    103      86
   17         77     44    117     67     47     50     70      67
   18         80     33     76     60     65     58     70      63
   19         69     28     73     54     43     67     76      59
   20         51     26     84     44     42     50     81      54
   21         32     27     44     31     22     34     38      33
   22         23      6     22     24     19     11     25      19
   23         12      7     12     10     15      4      7      10
 
TOTALS
 
12HR 7-19    763    371    884    788    522    336    753     631
16HR 6-22    955    493   1125    955    641    491    991     807
18HR 6-24    990    506   1159    989    675    506   1023     835
24HR 0-24   1016    531   1177   1009    693    533   1038     857
 
 
 
 
*LOCATION   : ............................................................
*SITE NUMBER: 11802608
*FILE NUMBER:        1
*INTERVAL   :   15 MIN
*BATTERY    :    6.5 V
*RESTARTS   :        0
*CONFIG     :        0
*CHANNEL    :  1 OF  1
 
             TUE    WED    THU    FRI    SAT    SUN    MON    7-DAY
DATE    07/07/17     18     19     20     21     22     23   AVERAGE
 
START HOUR
 
    0          5      4      1      1      7      2      1       3
    1          0      1     11      3      2      4      1       3
    2          2      1      0      4      2      6      1       2
    3          1      1      0      1      0      1      1       1
    4          3      4      3      2      1      0      2       2
    5         10      9      8      8      6      4      9       8
    6         48     47     42     31      6      9     42      32
    7         68     67     47     58     13     12     68      48
    8         44     33     31     26     20     21     43      31
    9         58     29     41     44     41     50     45      44
   10         47     45     28     38     53     82     50      49
   11         77     58     31     41     74     90     63      62
   12         86     82     56     48     75     89     82      74
   13         58     60     57     61     67    104     82      70
   14         94     88     74     64     71    123     76      84
   15        113     68     74     44     74    113     83      81
   16        148     97     97     60     61     86    109      94
   17         92     70     83     55     53     81     77      73
   18        108     69     65     35     43     83     25      61
   19         92     67     43     32     51     97     30      59
   20         78     51     45     30     45     53     19      46
   21         45     29     21     29     20     23     20      27
   22         14     13     15      7     17     15      4      12
   23          7      7      7      2     10      7      9       7
 
TOTALS
 
12HR 7-19    993    766    684    574    645    934    803     771
16HR 6-22   1256    960    835    696    767   1116    914     935
18HR 6-24   1277    980    857    705    794   1138    927     954
24HR 0-24   1298   1000    880    724    812   1155    942     973
 
 
 
 
*LOCATION   : ............................................................
*SITE NUMBER: 11802608
*FILE NUMBER:        1
*INTERVAL   :   15 MIN
*BATTERY    :    6.5 V
*RESTARTS   :        0
*CONFIG     :        0
*CHANNEL    :  1 OF  1
 
             TUE    WED    THU    FRI    SAT    SUN    MON    7-DAY
DATE    07/07/24     25     26     27     28     29     30   AVERAGE
 
START HOUR
 
    0          2      2      3      4      0      4      4       3
    1          1      0      0      4      0      7      1       2
    2          1      0      0     13      2      1      0       2
    3          0      0      0      0      2      0      0       0
    4          4      2      2      1      2      2      1       2
    5          2      6     13      9      1      2      8       6
    6         31     35     35     33      8      5     47      28
    7         36     53     47     49      7     10     76      40
    8         20     31     31     29     16     11     31      24
    9         15     31     50     50     23     36     21      32
   10         15     24     40     62     52     53     39      41
   11          7     35     55     65     71     64     42      48
   12         15     32     71     63     67     76     53      54
   13         16     40     63     93     93     67     54      61
   14         29     55     81     98    117     63     69      73
   15         40     74     99     77     69     51     79      70
   16         69     95    105     96     68     46    121      86
   17         53     41     86     52     73     55     86      64
   18         65     54    112     57     74     48     55      66
   19         74     48     89     41     44     65     39      57
   20         78     47     79     33     30     38     36      49
   21         44     20     52     22     24     23     19      29
   22         18     19     16     13     13     17      8      15
   23          9      7     14      5     16      9      1       9
 
TOTALS
 
12HR 7-19    380    565    840    791    730    580    726     659
16HR 6-22    607    715   1095    920    836    711    867     822
18HR 6-24    634    741   1125    938    865    737    876     845
24HR 0-24    644    751   1143    969    872    753    890     860
 
 
 
 
*LOCATION   : ............................................................
*SITE NUMBER: 11802608
*FILE NUMBER:        1
*INTERVAL   :   15 MIN
*BATTERY    :    6.5 V
*RESTARTS   :        0
*CONFIG     :        0
*CHANNEL    :  1 OF  1
 
             TUE    WED    THU    FRI    SAT    SUN    MON    7-DAY
DATE    07/07/31     01     02     03     04     05     06   AVERAGE
 
START HOUR
 
    0          1      4      4      -      -      -      -       -
    1          2      0      7      -      -      -      -       -
    2          1      1      2      -      -      -      -       -
    3          0      0      2      -      -      -      -       -
    4          2      3      4      -      -      -      -       -
    5          8      5      9      -      -      -      -       -
    6         25     36     54      -      -      -      -       -
    7         34     68     79      -      -      -      -       -
    8         16     43     30      -      -      -      -       -
    9         11     28     28      -      -      -      -       -
   10         20     28      -      -      -      -      -       -
   11         14     34      -      -      -      -      -       -
   12         11     56      -      -      -      -      -       -
   13         16     73      -      -      -      -      -       -
   14         20     76      -      -      -      -      -       -
   15         28     96      -      -      -      -      -       -
   16         43    127      -      -      -      -      -       -
   17         22    105      -      -      -      -      -       -
   18         13    103      -      -      -      -      -       -
   19         23     90      -      -      -      -      -       -
   20         22     70      -      -      -      -      -       -
   21         14     44      -      -      -      -      -       -
   22          9     18      -      -      -      -      -       -
   23         10      6      -      -      -      -      -       -
 
TOTALS
 
12HR 7-19    248    837      -      -      -      -      -       -
16HR 6-22    332   107