 
 
 
*LOCATION   : ............................................................
*SITE NUMBER: 12002603
*FILE NUMBER:        2
*INTERVAL   :   15 MIN
*BATTERY    :    6.5 V
*RESTARTS   :        0
*CONFIG     :        0
*CHANNEL    :  1 OF  1
 
             FRI    SAT    SUN    MON    TUE    WED    THU    7-DAY
DATE    07/06/29     30     01     02     03     04     05   AVERAGE
 
START HOUR
 
    0          -      7      4      7      2      2      3       -
    1          -      3      0      4      0      1      3       -
    2          -      2      7      0      2      2      5       -
    3          -      1      2      0      0      1      2       -
    4          -      2      7      3      5      3      3       -
    5          -      2      2      6      9      5      7       -
    6          -      9      2     63     74     53     51       -
    7          -      5      4    148    172    156    150       -
    8          -     14     13    159    149    142    127       -
    9          -     26     30     62     63     65     61       -
   10         34     35     38     60     86     52     63      53
   11         43     64     52     68     80     58     56      60
   12         55     63     56     56     89     67     64      64
   13         46     87     71     55     89     59     78      69
   14         43     69     92     68     89     79     86      75
   15         95     53     69    106    144    112    150     104
   16        101     45     73    160    195    176    182     133
   17         68     60     81    143    157    162    124     114
   18         47     46     77     95    134    105    109      88
   19         32     44     75     71     99     92     65      68
   20         44     25     50     58     92     77     82      61
   21         17     23     28     36     48     37     44      33
   22         18     17      8     17     22     23     20      18
   23         12      6     12      3     13     11      9       9
 
TOTALS
 
12HR 7-19      -    567    656   1180   1447   1233   1250       -
16HR 6-22      -    668    811   1408   1760   1492   1492       -
18HR 6-24      -    691    831   1428   1795   1526   1521       -
24HR 0-24      -    708    853   1448   1813   1540   1544       -
 
 
 
 
*LOCATION   : ............................................................
*SITE NUMBER: 12002603
*FILE NUMBER:        2
*INTERVAL   :   15 MIN
*BATTERY    :    6.5 V
*RESTARTS   :        0
*CONFIG     :        0
*CHANNEL    :  1 OF  1
 
             FRI    SAT    SUN    MON    TUE    WED    THU    7-DAY
DATE    07/07/06     07     08     09     10     11     12   AVERAGE
 
START HOUR
 
    0          6      6      2      2      1      1      1       3
    1          0      0      3      3      1      2      1       1
    2          0      1      0      3      1      0      0       1
    3          0      1      1      2      0      1      1       1
    4          5      7      1      5      5      3      2       4
    5          3      0      1      4      7      4      4       3
    6         42     11      4     26     48     45     48      32
    7        109     15      7     95    135    100    111      82
    8         85     13      4     69     99     72     88      61
    9         50     20      9     50     43     31     57      37
   10         36     30     19     16     40      9     42      27
   11         43     58     30     14     43     15     46      36
   12         42     39     29      4     43     18     65      34
   13         49     56     45     17     57     26     67      45
   14         50     20     72     32     61     23     73      47
   15         80     26     38     57     86     63     96      64
   16         87     18     52    116    126     85    123      87
   17         61     24     31     92    110     75    111      72
   18         48     19     38     94     80     33    101      59
   19         35     30     36     63     64     29     83      49
   20         37     15     37     44     63     34     57      41
   21         20     18     25     32     31     18     55      28
   22          5     11     11      8     19      8     14      11
   23         16      6      6      4      9      3      8       7
 
TOTALS
 
12HR 7-19    740    338    374    656    923    550    980     652
16HR 6-22    874    412    476    821   1129    676   1223     802
18HR 6-24    895    429    493    833   1157    687   1245     820
24HR 0-24    909    444    501    852   1172    698   1254     833
 
 
 
 
*LOCATION   : ............................................................
*SITE NUMBER: 12002603
*FILE NUMBER:        2
*INTERVAL   :   15 MIN
*BATTERY    :    6.5 V
*RESTARTS   :        0
*CONFIG     :        0
*CHANNEL    :  1 OF  1
 
             FRI    SAT    SUN    MON    TUE    WED    THU    7-DAY
DATE    07/07/13     14     15     16     17     18     19   AVERAGE
 
START HOUR
 
    0          2      7      2      1      4      0      2       3
    1          2      0      0      1      3      1      4       2
    2          2      3      6      1      3      1      0       2
    3          3      3      0      0      0      3      0       1
    4          6      3      1      3      3      4      6       4
    5          5      2      2      6     12      4      7       5
    6         42      9     10     43     55     40     34      33
    7        106     10      4    106    121    101    100      78
    8         63     12     12     86    103    107     83      67
    9         44     19     12     45     59     61     36      39
   10         78     29     15     53     58     50     30      45
   11         73     56     18     61     58     56     38      51
   12         79     51     24     63     63     64     50      56
   13        119     47     25     50     78     59     47      61
   14        107     45     20     69     84     68     53      64
   15        105     48     46    106    131     81     89      87
   16        103     33     32    127    141    117    108      94
   17        100     42     41    113    116    116     92      89
   18         50     43     49     80    113     84     77      71
   19         59     35     74     76     74     51     50      60
   20         34     21     75     52     49     39     62      47
   21         26     16     48     37     31     24     28      30
   22         12     16     32     20     20     14     11      18
   23         17      6      8      4     10      6      6       8
 
TOTALS
 
12HR 7-19   1027    435    298    959   1125    964    803     802
16HR 6-22   1188    516    505   1167   1334   1118    977     972
18HR 6-24   1217    538    545   1191   1364   1138    994     998
24HR 0-24   1237    556    556   1203   1389   1151   1013    1015
 
 
 
 
*LOCATION   : ............................................................
*SITE NUMBER: 12002603
*FILE NUMBER:        2
*INTERVAL   :   15 MIN
*BATTERY    :    6.5 V
*RESTARTS   :        0
*CONFIG     :        0
*CHANNEL    :  1 OF  1
 
             FRI    SAT    SUN    MON    TUE    WED    THU    7-DAY
DATE    07/07/20     21     22     23     24     25     26   AVERAGE
 
START HOUR
 
    0          3      0      0      1      4      1      6       2
    1          2      3      1      3      1      1      2       2
    2          4      1      1      1      1      1      1       1
    3          2      2      4      2      1      2      1       2
    4          6      1      1      2      3      4      5       3
    5          3      0      1      3      3      5      7       3
    6         26      3      5     47     31     39     45      28
    7         77     17      6    110     87    110    101      73
    8         76     12      8    101     59    100    107      66
    9         52     29     21     67     19     44     60      42
   10         44     38     58     63     18     20     52      42
   11         53     55     53     87     19     40     68      54
   12         46     59     64     80      8     33     69      51
   13         63     44     80     83     19     44     61      56
   14         70     43     68     72     26     52     92      60
   15         77     35     59    134     70     75    108      80
   16         76     35     67    146     82    114    148      95
   17         42     23     51     82     72     83    109      66
   18         39     33     45     48     58     66    108      57
   19         28     27     44     37     74     50     85      49
   20         28     21     56     29     57     46     76      45
   21         17     11     28     24     19     25     38      23
   22          8      8     16      9     10      9     16      11
   23          7      4      4      2      5      6     14       6
 
TOTALS
 
12HR 7-19    715    423    580   1073    537    781   1083     742
16HR 6-22    814    485    713   1210    718    941   1327     887
18HR 6-24    829    497    733   1221    733    956   1357     904
24HR 0-24    849    504    741   1233    746    970   1379     917
 
 
 
 
*LOCATION   : ............................................................
*SITE NUMBER: 12002603
*FILE NUMBER:        2
*INTERVAL   :   15 MIN
*BATTERY    :    6.5 V
*RESTARTS   :        0
*CONFIG     :        0
*CHANNEL    :  1 OF  1
 
             FRI    SAT    SUN    MON    TUE    WED    THU    7-DAY
DATE    07/07/27     28     29     30     31     01     02   AVERAGE
 
START HOUR
 
    0          4      4      4      2      -      -      -       -
    1          3      2      3      2      -      -      -       -
    2          1      1      8      1      -      -      -       -
    3          2      3      4      0      -      -      -       -
    4          6      2      2      3      -      -      -       -
    5          4      1      1      8      -      -      -       -
    6         36     10     10     41      -      -      -       -
    7         93     12      7    109      -      -      -       -
    8         79     22     10    117      -      -      -       -
    9         53     20     19     67      -      -      -       -
   10         50     43     35     48      -      -      -       -
   11         65     57     43     54      -      -      -       -
   12         93     49     48     45      -      -      -       -
   13         64     58     36      -      -      -      -       -
   14         84     58     44      -      -      -      -       -
   15         98     46     45      -      -      -      -       -
   16        110     42     24      -      -      -      -       -
   17         78     43     50      -      -      -      -       -
   18         51     39     53      -      -      -      -       -
   19         42     24     45      -      -      -      -       -
   20         31     32     29      -      -      -      -       -
   21         14     21     19      -      -      -      -       -
   22          8      8      8      -      -      -      -       -
   23          5      3      5      -      -      -      -       -
 
TOTALS
 
12HR 7-19    918    489    414      -      -      -      -       -
16HR 6-22   1041    576    517      -      -      -      -       -
18HR 6-24   1054    587    530      -      -      -      -       -
24HR 0-24   1074    600    552      -      -      -      -       -
 
f