 
 
 
*LOCATION   : ............................................................
*SITE NUMBER: 10703606
*FILE NUMBER:        2
*INTERVAL   :   15 MIN
*BATTERY    :    6.3 V
*RESTARTS   :        0
*CONFIG     :        0
*CHANNEL    :  1 OF  1
 
             TUE    WED    THU    FRI    SAT    SUN    MON    7-DAY
DATE    07/09/04     05     06     07     08     09     10   AVERAGE
 
START HOUR
 
    0          -      5      9     10     10      8      3       -
    1          -      4      2      3     11     11      0       -
    2          -      0      3      6      9      4      0       -
    3          -      1      2      0      7      5      0       -
    4          -      2      3      4      3      5      1       -
    5          -      8      5      5      3      3      4       -
    6          -     62     47     50      6      4     49       -
    7          -    186    127    147     13      9    175       -
    8          -    271    236    217     28      9    266       -
    9          -    149    141    111     47     19    146       -
   10          -     84     74     65     42     36     83       -
   11         58     84     73     59     89     90     75      75
   12         68    101     57     67     71    121     75      80
   13         61    108     51    100     63    118     85      84
   14         78    115     53    104     86    129    103      95
   15        161    169    133    167     82     87    186     141
   16        270    288    195    214     68     75    265     196
   17        197    228    184    158     60     87    221     162
   18        138    172    121    115     55     52    144     114
   19        128    126     87     71     41     55     96      86
   20         67     71     47     56     27     34     68      53
   21         28     40     41     33     20     22     45      33
   22         15     12     15     24     20      9     24      17
   23          6     12     12     13     13      6      7      10
 
TOTALS
 
12HR 7-19      -   1955   1445   1524    704    832   1824       -
16HR 6-22      -   2254   1667   1734    798    947   2082       -
18HR 6-24      -   2278   1694   1771    831    962   2113       -
24HR 0-24      -   2298   1718   1799    874    998   2121       -
 
 
 
 
*LOCATION   : ............................................................
*SITE NUMBER: 10703606
*FILE NUMBER:        2
*INTERVAL   :   15 MIN
*BATTERY    :    6.3 V
*RESTARTS   :        0
*CONFIG     :        0
*CHANNEL    :  1 OF  1
 
             TUE    WED    THU    FRI    SAT    SUN    MON    7-DAY
DATE    07/09/11     12     13     14     15     16     17   AVERAGE
 
START HOUR
 
    0          2      3     11      4     12      6      4       6
    1          8      2      2      6      5      2      3       4
    2          1      0      1      2     10      7      1       3
    3          1      2      1      3      4      6      1       3
    4          2      3      3      5      3      3      0       3
    5          3      5      3      6      5      6      2       4
    6         49     41     46     34      5      0     28      29
    7        194    148    145    137      4      5     85     103
    8        239    209    236    205     12     11    118     147
    9        142    133    137    126     12     22     71      92
   10         95     43     78     86      9     21     32      52
   11         93     44     71     81     21     38     32      54
   12         84     51     64     92     10     53     34      55
   13         80     43     61     87     27     43     34      54
   14         99     76     79    101     30     48     58      70
   15        192    146    144    170     49     39     87     118
   16        302    155    200    222     51     50    121     157
   17        229    154    183    161     46     38    118     133
   18        194    113    146     90     36     40     79     100
   19        101     69     80     62     43     31     68      65
   20         79     47     77     39     23     21     44      47
   21         47     52     32     25     13     11     19      28
   22         23     11     18     12     12     17     13      15
   23         13     14     15     12      9      8      8      11
 
TOTALS
 
12HR 7-19   1943   1315   1544   1558    307    408    869    1135
16HR 6-22   2219   1524   1779   1718    391    471   1028    1304
18HR 6-24   2255   1549   1812   1742    412    496   1049    1331
24HR 0-24   2272   1564   1833   1768    451    526   1060    1353
 
 
 
 
*LOCATION   : ............................................................
*SITE NUMBER: 10703606
*FILE NUMBER:        2
*INTERVAL   :   15 MIN
*BATTERY    :    6.3 V
*RESTARTS   :        0
*CONFIG     :        0
*CHANNEL    :  1 OF  1
 
             TUE    WED    THU    FRI    SAT    SUN    MON    7-DAY
DATE    07/09/18     19     20     21     22     23     24   AVERAGE
 
START HOUR
 
    0          4      0      3      4     11      8      2       5
    1          0      0      1      6     12     11      3       5
    2          1      2      2      2      4      7      5       3
    3          0      1      2      1      9      9      0       3
    4          3      2      2      3      1      3      0       2
    5          7      2      5      2      3      0      3       3
    6         38     41     33     20      2      6     39      26
    7        159     94    131     87      5      7    157      91
    8        208    160    194    133      6      7    249     137
    9        127     68     93     58     16     29    132      75
   10         60     48     52     36      7     43     73      46
   11         33     35     64     26     11     67     61      42
   12         56     38     59     39     21     55     63      47
   13         65     45     43     40     20     80     61      51
   14         54     39     35     53     32     88     89      56
   15         88    120    123    100     40     47    143      94
   16        144    187    163    132     48     86    241     143
   17        148    159    145     90     49     65    203     123
   18         67    112    114     72     52     43    119      83
   19         48     83     80     49     23     56     87      61
   20         27     49     41     26     17     40     70      39
   21         19     28     31     22     18     12     31      23
   22          6     16     13     15     15     15     16      14
   23          6      6      9     14     14      6      6       9
 
TOTALS
 
12HR 7-19   1209   1105   1216    866    307    617   1591     987
16HR 6-22   1341   1306   1401    983    367    731   1818    1135
18HR 6-24   1353   1328   1423   1012    396    752   1840    1158
24HR 0-24   1368   1335   1438   1030    436    790   1853    1179
 
 
 
 
*LOCATION   : ............................................................
*SITE NUMBER: 10703606
*FILE NUMBER:        2
*INTERVAL   :   15 MIN
*BATTERY    :    6.3 V
*RESTARTS   :        0
*CONFIG     :        0
*CHANNEL    :  1 OF  1
 
             TUE    WED    THU    FRI    SAT    SUN    MON    7-DAY
DATE    07/09/25     26     27     28     29     30     01   AVERAGE
 
START HOUR
 
    0          6      9      5      5      8     13      4       7
    1          3      5      4      5      9     10      2       5
    2          1      5      0      4      4     10      1       4
    3          0      2      4      2      5      1      1       2
    4          2      2      2      3      6      9      2       4
    5          9     13      7      4      9      1      4       7
    6         44     38     41     38      4      1     26      27
    7        151    151    124    110      9      8     70      89
    8        241    259    195    176     26     13     95     144
    9        136    135    100    105     24     17     91      87
   10        101     73     71     73     43     26     52      63
   11         71     68     63     69     61     40     54      61
   12         66     70     50     58     54     46     40      55
   13         85     65     59     56     80     55      -       -
   14         87     70     59     81     76     64      -       -
   15        183    157    127    118     62     65      -       -
   16        250    210    178    167     63     54      -       -
   17        219    210    151    111     54     56      -       -
   18        164    115    130     63     42     59      -       -
   19        132     83     76     50     41     30      -       -
   20         69     66     47     18     25     26      -       -
   21         42     26     24     42     16      9      -       -
   22         25     19     23     11     10      8      -       -
   23         10     11     13     18     10      2      -       -
 
TOTALS
 
12HR 7-19   1754   1583   1307   1187    594    503      -       -
16HR 6-22   2041   1796   1495   1335    680    569      -       -
18HR 6-24   2076   1826   1531   1364    700    579      -       -
24HR 0-24   2097   1862   1553   1387    741    623      -       -
 
