 
 
 
*LOCATION   : ............................................................
*SITE NUMBER: 11603501
*FILE NUMBER:        6
*INTERVAL   :   15 MIN
*BATTERY    :    6.4 V
*RESTARTS   :        0
*CONFIG     :        0
*CHANNEL    :  1 OF  1
 
             FRI    SAT    SUN    MON    TUE    WED    THU    7-DAY
DATE    07/08/31     01     02     03     04     05     06   AVERAGE
 
START HOUR
 
    0          -      8      2      0      0      0      2       -
    1          -      0      0      1      1      0      0       -
    2          -      3      3      2      1      1      1       -
    3          -      1      0      0      0      0      0       -
    4          -      2      1      0      2      0      3       -
    5          -      1      3     11     16     16     14       -
    6          -      9      6     28     45     39     38       -
    7          -      5      4     61     85     92     77       -
    8          -     18      2     77     71     92     81       -
    9          -     58      4     55     45     61     39       -
   10          -     73      8     55     29     44     48       -
   11         65     70     11     49     49     66     55      52
   12         62     94     20     55     74     60     50      59
   13         76     93     12     70     35     59     46      56
   14         80     83     23     72     63     95     60      68
   15         87     75     30    100    100    131     81      86
   16        107     82     29    102    116    144    111      99
   17         78     67     25     96    108    102     89      81
   18         46     26     24     68     52     94     61      53
   19         62     15     21     65     51     70     45      47
   20         27     14     24     48     51     64     40      38
   21         18      8      7     21     18     16     21      16
   22          4      4      4      8      8      7      4       6
   23          4      6      0      3      1      3      6       3
 
TOTALS
 
12HR 7-19      -    744    192    860    827   1040    798       -
16HR 6-22      -    790    250   1022    992   1229    942       -
18HR 6-24      -    800    254   1033   1001   1239    952       -
24HR 0-24      -    815    263   1047   1021   1256    972       -
 
 
 
 
*LOCATION   : ............................................................
*SITE NUMBER: 11603501
*FILE NUMBER:        6
*INTERVAL   :   15 MIN
*BATTERY    :    6.4 V
*RESTARTS   :        0
*CONFIG     :        0
*CHANNEL    :  1 OF  1
 
             FRI    SAT    SUN    MON    TUE    WED    THU    7-DAY
DATE    07/09/07     08     09     10     11     12     13   AVERAGE
 
START HOUR
 
    0          1      2      1      2      0      0      1       1
    1          0      2      2      0      0      2      1       1
    2          2      4      4      0      0      1      3       2
    3          0      0      1      0      1      0      1       0
    4          3      1      1      2      3      9      2       3
    5         12      1      2     10     10      8     12       8
    6         37      7      9     34     49     45     34      31
    7         77     11      6     81     89    102     86      65
    8         72     19      6     86     84     71     78      59
    9         66     48     26     76     66     44     44      53
   10         49     60     98     53     31     24     52      52
   11         62     86    101     64     57     43     61      68
   12         60     88    128     57     57     45     51      69
   13         70    119    122     78     62     48     62      80
   14         80     74     87     81     75     81     83      80
   15        103     71     81    103     94     93    100      92
   16        114     63     35    136    154     71    112      98
   17         77     71     39    102    120     68     74      79
   18         70     29     29     95    100     51     63      62
   19         54     16     38     65     63     51     48      48
   20         30     16     17     61     53     46     34      37
   21         16     10      7     20     11     23     14      14
   22          6      3      4     16     14     11      9       9
   23          2      5      3      2      9      9      2       5
 
TOTALS
 
12HR 7-19    900    739    758   1012    989    741    866     858
16HR 6-22   1037    788    829   1192   1165    906    996     988
18HR 6-24   1045    796    836   1210   1188    926   1007    1001
24HR 0-24   1063    806    847   1224   1202    946   1027    1016
 
 
 
 
*LOCATION   : ............................................................
*SITE NUMBER: 11603501
*FILE NUMBER:        6
*INTERVAL   :   15 MIN
*BATTERY    :    6.4 V
*RESTARTS   :        0
*CONFIG     :        0
*CHANNEL    :  1 OF  1
 
             FRI    SAT    SUN    MON    TUE    WED    THU    7-DAY
DATE    07/09/14     15     16     17     18     19     20   AVERAGE
 
START HOUR
 
    0          2      2      2      3      0      1      7       2
    1          0      0      1      0      0      0      0       0
    2          0      2      2      0      0      0      0       1
    3          0      3      0      1      0      0      0       1
    4          3      0      1      3      3      2      2       2
    5          7      1      1      9     11      9     12       7
    6         32      3      4     21     35     25     24      21
    7         77      4      6     49     64     56     62      45
    8         53      9      7     38     76     48     67      43
    9         57     13      6     30     48     39     34      32
   10         43     13     16     27     38     28     36      29
   11         61     13     32     32     44     24     33      34
   12        104     25     36     40     38     34     57      48
   13         88     38     33     44     44     38     63      50
   14        108     73     31     56     44     56     44      59
   15         92     65     32     61     52     98     74      68
   16        114     75     20     85     67     92     80      76
   17         83     63     32     60     46     71     71      61
   18         74     35     29     53     34     81     66      53
   19         62     18     30     45     22     62     65      43
   20         42     14     14     27     23     35     26      26
   21         17     11      8     13     10     20     10      13
   22          8      3      4      4      2      5      7       5
   23          5     10      4      1      5      3      1       4
 
TOTALS
 
12HR 7-19    954    426    280    575    595    665    687     597
16HR 6-22   1107    472    336    681    685    807    812     700
18HR 6-24   1120    485    344    686    692    815    820     709
24HR 0-24   1132    493    351    702    706    827    841     722
 
 
 
 
*LOCATION   : ............................................................
*SITE NUMBER: 11603501
*FILE NUMBER:        6
*INTERVAL   :   15 MIN
*BATTERY    :    6.4 V
*RESTARTS   :        0
*CONFIG     :        0
*CHANNEL    :  1 OF  1
 
             FRI    SAT    SUN    MON    TUE    WED    THU    7-DAY
DATE    07/09/21     22     23     24     25     26     27   AVERAGE
 
START HOUR
 
    0          1      3      3      3      0      1      2       2
    1          0      1      2      2      0      0      1       1
    2          2      4      2      0      1      2      5       2
    3          0      4      1      1      0      0      0       1
    4          4      3      0      2      1      0      1       2
    5          6      0      0     14     14     14     17       9
    6         17      5      6     29     38     41     38      25
    7         62      6      2     73     84     85     73      55
    8         47     10      4     79     78     73     64      51
    9         26     21     15     64     47     54     42      38
   10         34     16     26     43     41     55     53      38
   11         34     13     56     54     68     57     47      47
   12         51     12     29     50     65     51     53      44
   13         51     34     35     44     66     48     55      48
   14         65     48     37     66     93     59     62      61
   15         76     59     48     95     93     98     84      79
   16         82     52     51    111    125    105     81      87
   17         52     60     32    103    100    108     83      77
   18         61     44     54     86     97     71     60      68
   19         40     15     21     52     65     47     38      40
   20         27      8     19     50     37     32     25      28
   21          7     10      9      8     18     17     11      11
   22         11      5      2      7      5      6      2       5
   23          4      5      1      3      1      5      4       3
 
TOTALS
 
12HR 7-19    641    375    389    868    957    864    757     693
16HR 6-22    732    413    444   1007   1115   1001    869     797
18HR 6-24    747    423    447   1017   1121   1012    875     806
24HR 0-24    760    438    455   1039   1137   1029    901     823
 
 
 
 
*LOCATION   : ............................................................
*SITE NUMBER: 11603501
*FILE NUMBER:        6
*INTERVAL   :   15 MIN
*BATTERY    :    6.4 V
*RESTARTS   :        0
*CONFIG     :        0
*CHANNEL    :  1 OF  1
 
             FRI    SAT    SUN    MON    TUE    WED    THU    7-DAY
DATE    07/09/28     29     30     01     02     03     04   AVERAGE
 
START HOUR
 
    0          3      2      5      0      -      -      -       -
    1          1      1      3      1      -      -      -       -
    2          0      2      6      1      -      -      -       -
    3          0      1      2      1      -      -      -       -
    4          1      1      0      4      -      -      -       -
    5         11      1      1      9      -      -      -       -
    6         31      3      5     16      -      -      -       -
    7         76      6      5     44      -      -      -       -
    8         88     35      9     36      -      -      -       -
    9         59     45     11     42      -      -      -       -
   10         49     59     21     52      -      -      -       -
   11         68     47     20     42      -      -      -       -
   12         45     74     29     42      -      -      -       -
   13         70     71     26     31      -      -      -       -
   14         80     65     44      -      -      -      -       -
   15         97     57     32      -      -      -      -       -
   16        109     54     33      -      -      -      -       -
   17         62     58     30      -      -      -      -       -
   18         43     31     45      -      -      -      -       -
   19         35     11     32      -      -      -      -       -
   20         23     24     11      -      -      -      -       -
   21         11     12      9      -      -      -      -       -
   22          