 
 
 
*LOCATION   : ............................................................
*SITE NUMBER: 11703519
*FILE NUMBER:        4
*INTERVAL   :   15 MIN
*BATTERY    :    6.7 V
*RESTARTS   :        0
*CONFIG     :       12
*CHANNEL    :  1 OF  2
 
             FRI    SAT    SUN    MON    TUE    WED    THU    7-DAY
DATE    07/08/31     01     02     03     04     05     06   AVERAGE
 
START HOUR
 
    0          -     26     18      6      8     10     18       -
    1          -     16     16      6      7     10      8       -
    2          -     12      4      0      3      3      4       -
    3          -     13      9      0      0      2      2       -
    4          -      9     11      6      1      2      4       -
    5          -      9      4      9     18     17     19       -
    6          -     26      9     62     81     75     85       -
    7          -     31     21    174    206    213    191       -
    8          -     45     23    261    328    329    286       -
    9          -     69     27    181    166    195    177       -
   10          -    110     25    106    111    150    122       -
   11          -    116     31     94    106    111     98       -
   12          -    136     57    105     97    140    112       -
   13          -    145     69    114    115    117    119       -
   14          -    171     69    128    150    164    115       -
   15          -    123     71    190    186    217    143       -
   16        247    131     99    255    289    331    253     229
   17        186     86     91    248    272    303    239     204
   18        146     75     75    224    226    223    168     162
   19        105     60     59    148    140    178    101     113
   20         70     52     65    133    121    155    105     100
   21         59     35     42     72     81    108     77      68
   22         50     31     22     41     29     48     29      36
   23         37     20     20     28     20     28     25      25
 
TOTALS
 
12HR 7-19      -   1238    658   2080   2252   2493   2023       -
16HR 6-22      -   1411    833   2495   2675   3009   2391       -
18HR 6-24      -   1462    875   2564   2724   3085   2445       -
24HR 0-24      -   1547    937   2591   2761   3129   2500       -
 
 
 
 
*LOCATION   : ............................................................
*SITE NUMBER: 11703519
*FILE NUMBER:        4
*INTERVAL   :   15 MIN
*BATTERY    :    6.7 V
*RESTARTS   :        0
*CONFIG     :       12
*CHANNEL    :  1 OF  2
 
             FRI    SAT    SUN    MON    TUE    WED    THU    7-DAY
DATE    07/09/07     08     09     10     11     12     13   AVERAGE
 
START HOUR
 
    0         12     26     19     14      9     18     12      16
    1         12     11     21      3      8      3     11      10
    2          6     10      8      2      1      4      2       5
    3          5     10      7      1      2      4      0       4
    4          1      4      5      2      2      1      2       2
    5         20      8      3     19     19     16     14      14
    6         64     21     13     70     82     76     75      57
    7        189     37     23    217    223    191    199     154
    8        275     57     25    329    337    260    261     221
    9        179     85     51    173    214    162    213     154
   10        142    123     67    122    121    100    106     112
   11        131    125     96    129    138    100     99     117
   12        120    114    131    121    127     89    109     116
   13        151    133    131    127    126    111    107     127
   14        171    134    146    160    144    117    131     143
   15        220    133    136    206    205    159    174     176
   16        267    118    126    309    331    220    262     233
   17        221     98    127    300    278    216    236     211
   18        154     92    125    248    251    156    187     173
   19        104     61     82    169    152    100    135     115
   20        110     62     66    118    144     94    113     101
   21         55     48     39     73    103     74     69      66
   22         35     33     26     35     39     34     35      34
   23         27     28     19     28     15     17     26      23
 
TOTALS
 
12HR 7-19   2220   1249   1184   2441   2495   1881   2084    1936
16HR 6-22   2553   1441   1384   2871   2976   2225   2476    2275
18HR 6-24   2615   1502   1429   2934   3030   2276   2537    2332
24HR 0-24   2671   1571   1492   2975   3071   2322   2578    2383
 
 
 
 
*LOCATION   : ............................................................
*SITE NUMBER: 11703519
*FILE NUMBER:        4
*INTERVAL   :   15 MIN
*BATTERY    :    6.7 V
*RESTARTS   :        0
*CONFIG     :       12
*CHANNEL    :  1 OF  2
 
             FRI    SAT    SUN    MON    TUE    WED    THU    7-DAY
DATE    07/09/14     15     16     17     18     19     20   AVERAGE
 
START HOUR
 
    0         13     12     16     10     14     12     12      13
    1         10      9     23      5      5      3      6       9
    2          1      6      5      0      0      0      3       2
    3          3      6      6      1      1      1      2       3
    4          4      8      5      1      3      3      4       4
    5         12      4      6     12     15     13     14      11
    6         70     16      9     58     68     62     68      50
    7        199     22     22    113    178    138    161     119
    8        254     23     19    168    250    210    245     167
    9        154     34     36    119    152    134    138     110
   10        125     41     46     74     86     92     84      78
   11        121     33     80     88     84     77     87      81
   12        115     39     67     92     87     65     91      79
   13        132     71     93     86     85     74     95      91
   14        168     78     82     99    102    105     83     102
   15        188     78     89    133    118    136    142     126
   16        287     98     89    176    191    218    221     183
   17        223     80     79    167    192    217    198     165
   18        143     92     81    123     98    177    170     126
   19        126     63     75    108     73    116    122      98
   20         82     46     57     67     57    103     98      73
   21         47     26     37     55     44     72     59      49
   22         42     25     23     27     22     36     49      32
   23         25     19     14     14      9     22     23      18
 
TOTALS
 
12HR 7-19   2109    689    783   1438   1623   1643   1715    1429
16HR 6-22   2434    840    961   1726   1865   1996   2062    1698
18HR 6-24   2501    884    998   1767   1896   2054   2134    1748
24HR 0-24   2544    929   1059   1796   1934   2086   2175    1789
 
 
 
 
*LOCATION   : ............................................................
*SITE NUMBER: 11703519
*FILE NUMBER:        4
*INTERVAL   :   15 MIN
*BATTERY    :    6.7 V
*RESTARTS   :        0
*CONFIG     :       12
*CHANNEL    :  1 OF  2
 
             FRI    SAT    SUN    MON    TUE    WED    THU    7-DAY
DATE    07/09/21     22     23     24     25     26     27   AVERAGE
 
START HOUR
 
    0         11     20     17      8     12     12     10      13
    1          6     14     13      5      7      8      5       8
    2          2      8      7      2      4      3      2       4
    3          3     10     14      0      0      0      3       4
    4          5      8      3      4      4      4      4       5
    5         14      7      5     15     19     16      9      12
    6         51     15     15     76     74     67     68      52
    7        143     26     16    186    203    199    189     137
    8        145     29     32    297    312    315    275     201
    9        101     40     41    156    179    180    154     122
   10         79     40     68     94    117    122    113      90
   11         87     29     89    107    115    127    107      94
   12         77     43    132     97    122    117    100      98
   13         98     51    150    115    123    127     99     109
   14         98     61    114    120    156    139    119     115
   15        124     79    114    165    194    202    134     145
   16        187     78    121    242    291    267    228     202
   17        142     94    102    274    287    235    232     195
   18        113     79    107    206    219    185    152     152
   19         69     50     71    154    185    112    114     108
   20         67     60     57     98    122     96     86      84
   21         57     29     39     57     72     55     58      52
   22         29     25     25     31     37     40     31      31
   23         27     17     12     14     20     22     24      19
 
TOTALS
 
12HR 7-19   1394    649   1086   2059   2318   2215   1902    1660
16HR 6-22   1638    803   1268   2444   2771   2545   2228    1957
18HR 6-24   1694    845   1305   2489   2828   2607   2283    2007
24HR 0-24   1735    912   1364   2523   2874   2650   2316    2053
 
 
 
 
*LOCATION   : ............................................................
*SITE NUMBER: 11703519
*FILE NUMBER:        4
*INTERVAL   :   15 MIN
*BATTERY    :    6.7 V
*RESTARTS   :        0
*CONFIG     :       12
*CHANNEL    :  1 OF  2
 
             FRI    SAT    SUN    MON    TUE    WED    THU    7-DAY
DATE    07/09/28     29     30     01     02     03     04   AVERAGE
 
START HOUR
 
    0         12     15     17      9      -      -      -       -
    1         10     11     13      7      -      -      -       -
    2          1      5      4      0      -      -      -       -
    3          1      6     11      2      -      -      -       -
    4          7      4      7      3      -      -      -       -
    5         11     11      3     15      -      -      -       -
    6         55     24      7     55      -      -      -       -
    7        163     21     22    111      -      -      -       -
    8        235     44     28      -      -      -      -       -
    9        154     75     38      -      -      -      -       -
   10        120     81     57      -      -      -      -       -
   11         85     92     84      -      -      -      -       -
   12         97     95    123      -      -      -      -       -
   13        119    124    132      -      -      -      -       -
   14        132    119    140      -      -      -      -       -
   15        171    104    126      -      -      -      -       -
   16        233     79    126      -      -      -      -       -
   17        153     89     95      -      -      -      -       -
   18        127     74    103      -      -      -      -       -
   19         78     72     75      -      -      -      -       -
   20         60     51     50      -      -      -      -       -
   21         45     32     37      -      -      -      -       -
   22         29     27     18      -      -      -      -       -
   23         31     23     15      -      -      -      -       -
 
TOTALS
 
12HR 7-19   1789    997   1074      -      -      -      -       -
16HR 6-22   2027   1176   1243      -      -      -      -       -
18HR 6-24   2087   1226   1276      -      -      -      -       -
24HR 0-24   2129   1278   1331      -      -      -      -       -
 
 
 
 
*LOCATION   : ............................................................
*SITE NUMBER: 11703519
*FILE NUMBER:        4
*INTERVAL   :   15 MIN
*BATTERY    :    6.7 V
*RESTARTS   :        0
*CONFIG     :       12
*CHANNEL    :  2 OF  2
 
             FRI    SAT    SUN    MON    TUE    WED    THU    7-DAY
DATE    07/08/31     01     02     03     04     05     06   AVERAGE
 
START HOUR
 
    0          -     38      9      4      3      6      7       -
    1          -      7      8      1      2      4      3       -
    2          -      2      2      3      3      2      1       -
    3          -      4      2      1      0      1      1       -
    4          -      4      4      0      0      3      2       -
    5          -      7      1      2      4      7     10       -
    6          -      8      1     27     43     51     40       -
    7          -      9      4     83    136    139    126       -
    8          -     26      5    142    166    196    141       -
    9          -     29      3     67     75     79     72       -
   10          -     44      8     29     24     46     37       -
   11          -     65      4     37     31     52     39       -
   12          -     60     14     37     25     61     38       -
   13          -     72     31     36     28     57     24       -
   14          -     52     32     35     55     64     38       -
   15          -     41     43     91     89    131     68       -
   16        117     43     49    109    148    147    119     105
   17         81     29     47    123    136    145    117      97
   18         75     32     44    107     97    103     74      76
   19         29     25     33     64     88     85     60      55
   20         23     21     35     79     60     79     38      48
   21         33     22     13     54     52     38     34      35
   22         25      9     12     21      8     21     11      15
   23         28      8      3     12      7     11      6      11
 
TOTALS
 
12HR 7-19      -    502    284    896   1010   1220    893       -
16HR 6-22      -    578    366   1120   1253   1473   1065       -
18HR 6-24      -    595    381   1153   1268   1505   1082       -
24HR 0-24      -    657    407   1164   1280   1528   1106       -
 
 
 
 
*LOCATION   : ............................................................
*SITE NUMBER: 11703519
*FILE NUMBER:        4
*INTERVAL   :   15 MIN
*BATTERY    :    6.7 V
*RESTARTS   :        0
*CONFIG     :       12
*CHANNEL    :  2 OF  2
 
             FRI    SAT    SUN    MON    TUE    WED    THU    7-DAY
DATE    07/09/07     08     09     10     11     12     13   AVERAGE
 
START HOUR
 
    0          2     10      5      4      1      3      5       4
    1          1      6      7      3      1      3      1       3
    2          2      6     10      1      1      5      1       4
    3          0      7      6      1      1      1      4       3
    4          3      3      3      1      1      1      3       2
    5          6      2      2      7      5      6      6       5
    6         38      8      1     52     43     35     41      31
    7        106      9      7    136    134    111    123      89
    8        151     18     11    178    178    129    151     117
    9        115     30     16     81     83     73     53      64
   10         53     26     29     33     71     29     39      40
   11         31     39     34     29     44     28     43      35
   12         60     59     52     30     49     36     25      44
   13         54     60     67     47     39     37     33      48
   14         51     45     60     48     62     45     46      51
   15        101     72     62     98    106     80     84      86
   16        129     52     57    140    157     85    116     105
   17        126     59     76    166    141    103    120     113
   18         89     39     68    116    110     73     67      80
   19         54     24     49     66     93     54     68      58
   20         45     36     56     55     91     41     59      55
   21         29     20     20     43     36     42     44      33
   22         10      7     20     15     29     16     15      16
   23         11      9      5      8     10     10      9       9
 
TOTALS
 
12HR 7-19   1066    508    539   1102   1174    829    900     874
16HR 6-22   1232    596    665   1318   1437   1001   1112    1052
18HR 6-24   1253    612    690   1341   1476   1027   1136    1076
24HR 0-24   1267    646    723   1358   1486   1046   1156    1097
 
 
 
 
*LOCATION   : ............................................................
*SITE NUMBER: 11703519
*FILE NUMBER:        4
*INTERVAL   :   15 MIN
*BATTERY    :    6.7 V
*RESTARTS   :        0
*CONFIG     :       12
*CHANNEL    :  2 OF  2
 
             FRI    SAT    SUN    MON    TUE    WED    THU    7-DAY
DATE    07/09/14     15     16     17     18     19     20   AVERAGE
 
START HOUR
 
    0          2     11      4      2      4      3      4       4
    1          3      7      6      0      1      0      3       3
    2          1      4      1      1      0      0      1       1
    3          1      3      7      2      0      0      0       2
    4          1      6      2      0      0      0      0       1
    5          8      1      1      6      8      5      6       5
    6         35      9      3     36     45     37     35      29
    7        101      5      3     63    116     71     91      64
    8        127      6      8     78    137     86    109      79
    9         69      9     13     32     57     35     59      39
   10         34      7     29     10     29     20     26      22
   11         31     12     37     16     23     15     27      23
   12         49     13     36      9     20     18     32      25
   13         65     12     47     24     27     12     16      29
   14         69     27     45     18     32     33     25      36
   15         94     30     31     44     69     66     68      57
   16        117     28     40     71     81    102     93      76
   17         92     41     48     53     72     88     87      69
   18         72     43     46     64     52     85     70      62
   19         64     28     43     39     29     73     60      48
   20         30     12     28     42     17     41     41      30
   21         31     11     18     27     20     33     28      24
   22         12      8      5     15      7     12      8      10
   23         13      9      8      7      5      7      4       8
 
TOTALS
 
12HR 7-19    920    233    383    482    715    631    703     581
16HR 6-22   1080    293    475    626    826    815    867     712
18HR 6-24   1105    310    488    648    838    834    879     729
24HR 0-24   1121    342    509    659    851    842    893     745
 
 
 
 
*LOCATION   : ............................................................
*SITE NUMBER: 11703519
*FILE NUMBER:        4
*INTERVAL   :   15 MIN
*BATTERY    :    6.7 V
*RESTARTS   :        0
*CONFIG     :       12
*CHANNEL    :  2 OF  2
 
             FRI    SAT    SUN    MON    TUE    WED    THU    7-DAY
DATE    07/09/21     22     23     24     25     26     27   AVERAGE
 
START HOUR
 
    0          2      3      4      1      1      1      1       2
    1          0      4      4      2      1      1      2       2
    2          2      0      2      0      0      0      1       1
    3          2      0      2      1      1      1      1       1
    4          0      4      2      0      0      1      1       1
    5          5      0      0      8      6      6      3       4
    6         22      2      3     35     49     28     32      24
    7         67      7      4    102    133    113     98      75
    8         73      7      7    149    168    142    128      96
    9         18     11     19     83     73     72     64      49
   10         17      9     30     38     38     46     30      30
   11         11      9     43     27     44     40     46      31
   12         16      3     68     33     47     36     37      34
   13         21      7     65     38     31     25     28      31
   14         19     17     57     45     59     47     37      40
   15         51     24     74     87    108    104     78      75
   16         76     31     60    118    144    123    126      97
   17         47     34     42    104    129    133     92      83
   18         51     30     61    112    113    100     76      78
   19         30     27     26     68    109     68     68      57
   20         24     16     26     51     59     52     35      38
   21         17     13     19     39     29     30     34      26
   22         12      8     11     15     20     17     11      13
   23          8      4      1      9      6     10      7       6
 
TOTALS
 
12HR 7-19    467    189    530    936   1087    981    840     719
16HR 6-22    560    247    604   1129   1333   1159   1009     863
18HR 6-24    580    259    616   1153   1359   1186   1027     883
24HR 0-24    591    270    630   1165   1368   1196   1036     894
 
 
 
 
*LOCATION   : ............................................................
*SITE NUMBER: 11703519
*FILE NUMBER:        4
*INTERVAL   :   15 MIN
*BATTERY    :    6.7 V
*RESTARTS   :        0
*CONFIG     :       12
*CHANNEL    :  2 OF  2
 
             FRI    SAT    SUN    MON    TUE    WED    THU    7-DAY
DATE    07/09/28     29     30     01     02     03     04   AVERAGE
 
START HOUR
 
    0          5      2      5      4      -      -      -       -
    1          1      5     11      3      -      -      -       -
    2          2      4      4      1      -      -      -       -
    3          0      3      3      0      -      -      -       -
    4          1      2      3      0      -      -      -       -
    5          5      3      0      5      -      -      -       -
    6         30      6      1     22      -      -      -       -
    7         87     11      3     53      -      -      -       -
    8        108      7     10      -      -      -      -       -
    9         49     80     13      -      -      -      -       -
   10         24     23     23      -      -      -      -       -
   11         27     25     33      -      -      -      -       -
   12         37     36     61      -      -      -      -       -
   13         26     41     61      -      -      -      -       -
   14         42     42     80      -      -      -      -       -
   15         75     41     64      -      -      -      -       -
   16        106     49     55      -      -      -      -       -
   17         70     31     54      -      -      -      -       -
   18         56     32     51      -      -      -      -       -
   19         28     26     35      -      -      -      -       -
   20         24     16     23      -      -      -      -       -
   21         21     16     26      -      -      -      -       -
   22         11     11     10      -      -      -      -       -
   23          7      8      5      -      -    