*LOCATION	: ..	........	.......	.......	.......	.......	.......	...............
*SITE NUMB	ER: 10	703536						
*FILE NUMB	ER:	8						
*INTERVAL	:	15 MIN						
*BATTERY	:	6.4 V						
*RESTARTS	:	0						
*CONFIG	:	0						
*CHANNEL	:  1	OF  1						

	FRI	SAT	SUN	MON	TUE	WED	THU	7-DAY
DATE    06	/09/01	2	3	4	5	6	7	AVERAGE

START HOUR								

0	-	16	17	2	1	11	3	-
1	-	13	4	1	3	5	4	-
2	-	8	10	0	2	1	5	-
3	-	5	18	2	3	3	3	-
4	-	13	8	1	3	1	4	-
5	-	5	3	11	13	14	14	-
6	-	8	8	47	71	67	57	-
7	-	16	8	133	202	194	176	-
8	-	32	7	233	292	252	264	-
9	-	46	21	142	169	183	157	-
10	-	56	22	74	101	100	90	-
11	-	64	39	74	91	102	69	-
12	-	75	39	69	96	89	89	-
13	104	104	86	76	100	89	101	94
14	106	112	84	87	107	96	93	98
15	204	104	53	159	173	191	161	149
16	254	82	90	243	295	258	269	213
17	169	79	104	219	194	232	189	169
18	122	61	82	158	159	192	101	125
19	127	46	69	114	121	115	71	95
20	89	35	59	89	117	91	52	76
21	49	39	34	49	37	56	44	44
22	59	27	22	16	22	56	23	32
23	28	21	4	10	12	14	6	14

TOTALS								

12HR 7-19	-	831	635	1667	1979	1978	1759	-
16HR 6-22	-	959	805	1966	2325	2307	1983	-
18HR 6-24	-	1007	831	1992	2359	2377	2012	-
24HR 0-24	-	1067	891	2009	2384	2412	2045	-
								



*LOCATION	: ..	........	.......	.......	.......	.......	.......	...............
*SITE NUMB	ER: 10	703536						
*FILE NUMB	ER:	8						
*INTERVAL	:	15 MIN						
*BATTERY	:	6.4 V						
*RESTARTS	:	0						
*CONFIG	:	0						
*CHANNEL	:  1	OF  1						

	FRI	SAT	SUN	MON	TUE	WED	THU	7-DAY
DATE    06	/09/08	9	10	11	12	13	14	AVERAGE

START HOUR								

0	11	14	4	3	7	9	7	8
1	8	4	7	2	1	2	2	4
2	0	3	9	1	1	2	7	3
3	5	8	9	0	3	2	3	4
4	2	4	2	0	0	3	3	2
5	13	3	2	7	13	8	9	8
6	48	10	12	54	67	58	57	44
7	168	12	7	186	219	190	180	137
8	232	13	15	284	305	255	243	192
9	132	44	26	179	175	186	140	126
10	85	31	41	101	99	116	90	80
11	74	38	67	96	106	92	80	79
12	95	58	81	109	131	106	89	96
13	82	55	103	109	104	105	102	94
14	96	86	93	129	93	109	119	104
15	127	77	78	192	204	197	180	151
16	216	66	78	344	327	302	289	232
17	121	58	76	264	263	234	211	175
18	80	67	76	184	177	169	177	133
19	54	42	52	155	131	128	118	97
20	22	36	73	99	84	70	84	67
21	38	23	13	54	51	47	50	39
22	19	24	15	20	25	31	38	25
23	17	17	5	21	16	9	23	15

TOTALS								

12HR 7-19	1508	605	741	2177	2203	2061	1900	1599
16HR 6-22	1670	716	891	2539	2536	2364	2209	1846
18HR 6-24	1706	757	911	2580	2577	2404	2270	1886
24HR 0-24	1745	793	944	2593	2602	2430	2301	1915
								



*LOCATION	: ..	........	.......	.......	.......	.......	.......	...............
*SITE NUMB	ER: 10	703536						
*FILE NUMB	ER:	8						
*INTERVAL	:	15 MIN						
*BATTERY	:	6.4 V						
*RESTARTS	:	0						
*CONFIG	:	0						
*CHANNEL	:  1	OF  1						

	FRI	SAT	SUN	MON	TUE	WED	THU	7-DAY
DATE    06	/09/15	16	17	18	19	20	21	AVERAGE

START HOUR								

0	12	11	7	3	2	6	10	7
1	5	12	6	1	3	2	6	5
2	2	8	10	3	1	2	2	4
3	6	4	5	0	0	2	2	3
4	0	5	5	3	3	1	3	3
5	11	7	1	9	11	6	12	8
6	48	8	8	53	63	45	49	39
7	145	11	9	159	183	104	181	113
8	220	24	14	273	269	140	236	168
9	156	47	24	186	155	101	152	117
10	85	34	32	76	85	50	85	64
11	85	50	55	82	81	54	74	69
12	83	82	72	102	81	70	88	83
13	103	81	96	88	75	80	92	88			
14	131	102	78	104	110	80	122	104			
15	212	77	84	177	151	132	162	142			
16	213	93	93	303	259	206	262	204			
17	175	93	74	232	206	169	201	164			
18	127	64	80	164	170	124	165	128			
19	75	36	55	121	111	95	104	85			
20	66	41	44	69	66	73	75	62			
21	44	15	20	39	41	44	47	36			
22	19	19	13	19	28	24	18	20			1920
23	20	22	4	13	15	18	27	17			

TOTALS											

12HR 7-19	1735	758	711	1946	1825	1310	1820	1444			
16HR 6-22	1968	858	838	2228	2106	1567	2095	1666			
18HR 6-24	2007	899	855	2260	2149	1609	2140	1703
24HR 0-24	2043	946	889	2279	2169	1628	2175	1733
								



*LOCATION	: ..	........	.......	.......	.......	.......	.......	...............
*SITE NUMB	ER: 10	703536						
*FILE NUMB	ER:	8						
*INTERVAL	:	15 MIN						
*BATTERY	:	6.4 V						
*RESTARTS	:	0						
*CONFIG	:	0						
*CHANNEL	:  1	OF  1						

	FRI	SAT	SUN	MON	TUE	WED	THU	7-DAY
DATE    06	/09/22	23	24	25	26	27	28	AVERAGE

START HOUR								

0	12	8	15	6	2	5	4	7
1	8	14	7	3	4	1	0	5
2	3	5	15	0	1	1	2	4
3	1	10	9	0	1	3	1	4
4	3	4	6	3	2	3	5	4
5	12	3	1	9	15	13	10	9
6	42	11	7	47	46	40	47	34
7	171	12	9	161	161	151	134	114
8	239	43	23	274	263	251	237	190
9	129	31	31	148	138	151	-	-
10	83	62	33	82	88	63	-	-
11	78	79	51	79	92	81	-	-
12	100	98	75	60	79	77	-	-			
13	96	100	82	76	88	78	-	-			
14	120	100	112	96	95	80	-	-			
15	195	104	95	168	178	157	-	-			
16	211	80	87	236	244	247	-	-			1894
17	184	92	91	204	215	195	-	-			
18	109	80	74	142	145	161	-	-			
19	86	45	59	89	101	91	-	-			
20	56	30	35	49	68	69	-	-			
21	37	26	23	22	46	34	-	-			
22	24	11	11	15	22	26	-	-			
23	16	9	6	12	13	13	-	-			

TOTALS											

12HR 7-19	1715	881	763	1726	1786	1692	-	-			
16HR 6-22	1936	993	887	1933	2047	1926	-	-
18HR 6-24	1976	1013	904	1960	2082	1965	-	-
24HR 0-24	2015	1057	957	1981	2107	1991	-	-
								
								
