*LOCATION	: ..	........	.......	.......	.......	.......	.......	...............
*SITE NUMB	ER: 11	703509						
*FILE NUMB	ER:	1						
*INTERVAL	:	15 MIN						
*BATTERY	:	6.5 V						
*RESTARTS	:	0						
*CONFIG	:	12						
*CHANNEL	:  1	OF  2						

	FRI	SAT	SUN	MON	TUE	WED	THU	7-DAY
DATE    06	/09/08	9	10	11	12	13	14	AVERAGE

START HOUR								

0	11	12	36	10	20	14	14	17
1	11	18	17	6	7	9	6	11
2	4	5	6	0	4	2	2	3
3	1	6	8	3	4	3	3	4
4	4	5	10	4	4	2	4	5
5	21	5	6	21	18	17	17	15
6	73	23	14	79	77	88	86	63
7	200	32	23	240	285	249	233	180
8	289	46	23	350	343	353	317	246
9	166	64	40	208	198	199	206	154
10	131	73	71	134	128	135	125	114
11	109	84	115	132	143	152	131	124
12	119	107	164	136	124	126	100	125
13	113	115	160	161	134	152	150	141
14	142	102	159	157	144	169	139	145
15	159	97	164	215	206	221	227	184
16	231	83	118	353	325	315	314	248
17	172	106	133	318	296	313	258	228
18	113	97	140	261	261	247	228	192
19	92	68	114	184	194	171	174	142
20	67	52	99	172	137	141	141	116
21	48	49	45	98	100	88	84	73
22	40	26	24	36	43	52	44	38
23	32	24	18	22	26	27	22	24

TOTALS								

12HR 7-19	1944	1006	1310	2665	2587	2631	2428	2082
16HR 6-22	2224	1198	1582	3198	3095	3119	2913	2476
18HR 6-24	2296	1248	1624	3256	3164	3198	2979	2538
24HR 0-24	2348	1299	1707	3300	3221	3245	3025	2592
























*LOCATION	: ..	........	.......	.......	.......	.......	.......	...............
*SITE NUMB	ER: 11	703509						
*FILE NUMB	ER:	1						
*INTERVAL	:	15 MIN						
*BATTERY	:	6.5 V						
*RESTARTS	:	0						
*CONFIG	:	12						
*CHANNEL	:  1	OF  2						

	FRI	SAT	SUN	MON	TUE	WED	THU	7-DAY
DATE    06	/09/15	16	17	18	19	20	21	AVERAGE

START HOUR															

0	22	23	19	10	15	14	18	17		0	22	4	26		
1	9	16	20	9	7	7	8	11		1	9	4	13		
2	5	13	8	3	1	3	7	6		2	5	5	10		
3	4	9	9	0	3	3	2	4		3	4	1	5		
4	7	10	6	6	3	2	7	6		4	7	1	8		
5	17	8	7	16	16	17	13	13		5	17	3	20		
6	77	17	10	94	78	68	78	60		6	77	40	117		
7	213	31	19	235	231	147	224	157		7	213	119	332		
8	282	47	29	343	322	202	298	218		8	282	143	425		
9	172	90	57	198	198	119	183	145		9	172	54	226		
10	117	105	86	139	123	101	120	113		10	117	34	151		
11	133	123	132	118	133	108	132	126		11	133	39	172		
12	127	141	142	103	124	118	121	125		12	127	29	156		3531
13	141	162	169	121	114	122	156	141		13	141	51	192
14	144	137	162	148	140	129	153	145		14	144	65	209
15	223	144	147	201	191	142	194	177		15	223	109	332
16	283	115	158	320	295	213	305	241		16	283	120	403
17	222	117	125	291	289	188	267	214		17	222	109	331
18	183	89	126	260	195	184	226	180		18	183	70	253
19	112	68	89	164	145	126	159	123		19	112	39	151
20	88	57	75	119	131	103	131	101		20	88	34	122
21	53	38	38	84	86	73	77	64		21	53	23	76
22	32	29	23	31	42	32	37	32		22	32	15	47
23	28	27	18	23	26	35	20	25		23	28	7	35

TOTALS											2694	1118	3812

12HR 7-19	2240	1301	1352	2477	2355	1773	2379	1982					
16HR 6-22	2570	1481	1564	2938	2795	2143	2824	2331					
18HR 6-24	2630	1537	1605	2992	2863	2210	2881	2388
24HR 0-24	2694	1616	1674	3036	2908	2256	2936	2446


















*LOCATION	: ..	........	.......	.......	.......	.......	.......	...............
*SITE NUMB	ER: 11	703509						
*FILE NUMB	ER:	1						
*INTERVAL	:	15 MIN						
*BATTERY	:	6.5 V						
*RESTARTS	:	0						
*CONFIG	:	12						
*CHANNEL	:  1	OF  2						

	FRI	SAT	SUN	MON	TUE	WED	THU	7-DAY
DATE    06	/09/22	23	24	25	26	27	28	AVERAGE

START HOUR													
										0	15	6	21
0	15	20	35	9	-	-	-	-		1	14	5	19
1	14	17	21	8	-	-	-	-		2	4	1	5
2	4	14	10	2	-	-	-	-		3	5	7	12
3	5	6	13	2	-	-	-	-		4	4	0	4
4	4	7	4	5	-	-	-	-		5	15	6	21
5	15	4	6	20	-	-	-	-		6	76	42	118
6	76	19	9	72	-	-	-	-		7	193	117	310
7	193	31	19	211	-	-	-	-		8	287	147	434
8	287	41	32	287	-	-	-	-		9	181	63	244
9	181	97	58	171	-	-	-	-		10	114	40	154
10	114	104	98	101	-	-	-	-		11	109	35	144
11	109	128	134	-	-	-	-	-		12	147	34	181
12	147	159	151	-	-	-	-	-		13	132	39	171
13	132	173	160	-	-	-	-	-		14	153	62	215
14	153	163	145	-	-	-	-	-		15	203	89	292		
15	203	149	175	-	-	-	-	-		16	271	107	378		
16	271	146	122	-	-	-	-	-		17	248	89	337		
17	248	112	128	-	-	-	-	-		18	176	73	249		
18	176	109	129	-	-	-	-	-		19	141	42	183		3503
19	141	75	65	-	-	-	-	-		20	97	37	134		
20	97	59	80	-	-	-	-	-		21	52	25	77		
21	52	32	40	-	-	-	-	-		22	41	13	54		
22	41	37	31	-	-	-	-	-		23	27	7	34		
23	27	28	24	-	-	-	-	-							
											2705	1086	3791		
TOTALS				888											

12HR 7-19	2214	1412	1351	-	-	-	-	-							
16HR 6-22	2580	1597	1545	-	-	-	-	-							
18HR 6-24	2648	1662	1600	-	-	-	-	-							
24HR 0-24	2705	1730	1689	-	-	-	-	-






















*LOCATION	: ..	........	.......	.......	.......	.......	.......	...............
*SITE NUMB	ER: 11	703509						
*FILE NUMB	ER:	1						
*INTERVAL	:	15 MIN						
*BATTERY	:	6.5 V						
*RESTARTS	:	0						
*CONFIG	:	12						
*CHANNEL	:  2	OF  2						

	FRI	SAT	SUN	MON	TUE	WED	THU	7-DAY
DATE    06	/09/08	9	10	11	12	13	14	AVERAGE

START HOUR								

0	3	3	3	4	7	7	2	4
1	2	1	6	1	1	8	6	4
2	3	6	2	1	1	2	3	3
3	1	6	5	0	1	0	2	2
4	1	5	2	0	0	0	0	1
5	5	3	2	7	4	7	6	5
6	37	8	8	46	44	44	41	33
7	115	8	7	135	140	152	116	96
8	133	13	13	197	188	180	152	125
9	57	26	26	101	97	88	72	67
10	40	29	33	33	50	52	38	39
11	42	37	70	52	51	41	43	48
12	31	33	66	52	54	37	39	45
13	32	47	98	52	46	52	54	54
14	50	49	88	55	57	62	50	59
15	64	31	64	132	102	111	106	87
16	106	36	73	167	140	165	151	120
17	59	34	69	160	134	135	133	103
18	51	30	62	103	111	118	106	83
19	29	22	59	89	86	86	63	62
20	24	28	37	79	62	62	61	50
21	21	15	15	39	69	53	27	34
22	10	9	14	16	11	23	23	15
23	11	7	7	6	11	9	8	8

TOTALS								

12HR 7-19	780	373	669	1239	1170	1193	1060	926
16HR 6-22	891	446	788	1492	1431	1438	1252	1105
18HR 6-24	912	462	809	1514	1453	1470	1283	1129
24HR 0-24	927	486	829	1527	1467	1494	1302	1147

















*LOCATION	: ..	........	.......	.......	.......	.......	.......	...............
*SITE NUMB	ER: 11	703509						
*FILE NUMB	ER:	1						
*INTERVAL	:	15 MIN						
*BATTERY	:	6.5 V						
*RESTARTS	:	0						
*CONFIG	:	12						
*CHANNEL	:  2	OF  2						

	FRI	SAT	SUN	MON	TUE	WED	THU	7-DAY
DATE    06	/09/15	16	17	18	19	20	21	AVERAGE

START HOUR								

0	4	2	5	5	2	4	7	4
1	4	3	7	0	0	1	4	3
2	5	3	1	0	0	0	2	2
3	1	3	1	0	0	0	1	1
4	1	1	5	1	0	1	3	2
5	3	2	3	5	4	5	4	4
6	40	5	6	43	39	35	38	29
7	119	9	11	132	139	78	123	87
8	143	19	12	159	159	79	139	101
9	54	27	14	80	78	37	67	51
10	34	39	29	38	36	18	53	35
11	39	41	60	42	33	25	40	40
12	29	51	59	27	40	26	46	40
13	51	55	65	31	37	25	42	44
14	65	61	76	49	34	42	41	53
15	109	56	83	105	85	66	110	88
16	120	44	64	155	125	104	140	107
17	109	40	55	125	117	83	108	91
18	70	50	50	94	99	74	80	74
19	39	24	44	85	75	60	70	57
20	34	17	32	68	63	56	57	47
21	23	18	13	41	39	31	26	27
22	15	13	16	14	13	15	15	14
23	7	12	11	6	2	11	7	8

TOTALS								

12HR 7-19	942	492	578	1037	982	657	989	811
16HR 6-22	1078	556	673	1274	1198	839	1180	971
18HR 6-24	1100	581	700	1294	1213	865	1202	994
24HR 0-24	1118	595	722	1305	1219	876	1223	1008




















*LOCATION	: ..	........	.......	.......	.......	.......	.......	...............
*SITE NUMB	ER: 11	703509						
*FILE NUMB	ER:	1						
*INTERVAL	:	15 MIN						
*BATTERY	:	6.5 V						
*RESTARTS	:	0						
*CONFIG	:	12						
*CHANNEL	:  2	OF  2						

	FRI	SAT	SUN	MON	TUE	WED	THU	7-DAY
DATE    06	/09/22	23	24	25	26	27	28	AVERAGE

START HOUR								

0	6	5	9	4	-	-	-	-
1	5	2	4	0	-	-	-	-
2	1	6	0	0	-	-	-	-
3	7	2	3	0	-	-	-	-
4	0	3	4	1	-	-	-	-
5	6	1	4	9	-	-	-	-
6	42	9	6	39	-	-	-	-
7	117	15	8	141	-	-	-	-
8	147	22	9	157	-	-	-	-
9	63	23	18	80	-	-	-	-
10	40	30	35	25	-	-	-	-
11	35	53	48	-	-	-	-	-
12	34	58	88	-	-	-	-	-
13	39	67	100	-	-	-	-	-
14	62	46	76	-	-	-	-	-
15	89	56	68	-	-	-	-	-
16	107	49	58	-	-	-	-	-
17	89	52	50	-	-	-	-	-
18	73	34	60	-	-	-	-	-
19	42	34	41	-	-	-	-	-
20	37	20	26	-	-	-	-	-
21	25	16	21	-	-	-	-	-
22	13	12	9	-	-	-	-	-
23	7	4	5	-	-	-	-	-

TOTALS				456				

12HR 7-19	895	505	618	-	-	-	-	-
16HR 6-22	1041	584	712	-	-	-	-	-
18HR 6-24	1061	600	726	-	-	-	-	-
24HR 0-24	1086	619	750	-	-	-	-	-


								
