*LOCATION	: ..	........	.......	.......	.......	.......	.......	...............
*SITE NUMB	ER: 11	704909						
*FILE NUMB	ER:	4						
*INTERVAL	:	15 MIN						
*BATTERY	:	6.3 V						
*RESTARTS	:	0						
*CONFIG	:	12						
*CHANNEL	:  1	OF  2						

	WED	THU	FRI	SAT	SUN	MON	TUE	7-DAY
DATE    07	/12/05	6	7	8	9	10	11	AVERAGE

START HOUR								

0	-	13	9	9	8	8	11	-
1	-	9	3	8	9	4	3	-
2	-	3	1	3	5	0	1	-
3	-	5	0	4	4	1	3	-
4	-	1	2	1	4	3	2	-
5	-	4	11	4	1	10	13	-
6	-	6	34	17	5	49	54	-
7	-	14	72	17	13	86	88	-
8	-	10	84	16	13	105	108	-
9	-	14	70	32	16	87	84	-
10	-	18	63	26	22	60	63	-
11	-	21	58	33	25	59	69	-
12	-	31	53	34	46	60	69	-
13	-	23	72	48	46	66	70	-
14	-	23	63	44	51	65	74	-
15	-	25	81	35	37	77	92	-
16	85	19	81	30	33	104	110	66
17	80	21	66	34	25	91	90	58
18	50	17	57	26	23	75	77	46
19	37	15	39	24	26	58	50	38
20	34	16	27	21	24	45	46	30
21	24	14	26	17	16	29	31	22
22	19	14	20	15	17	25	16	18
23	14	11	8	7	15	15	14	12

TOTALS								

12HR 7-19	-	236	820	375	350	957	1002	-
16HR 6-22	-	287	946	454	421	1138	1202	-
18HR 6-24	-	312	974	476	453	1178	1232	-
24HR 0-24	-	347	1000	505	484	1182	1238	-
								



*LOCATION	: ..	........	.......	.......	.......	.......	.......	...............
*SITE NUMB	ER: 11	704909						
*FILE NUMB	ER:	4						
*INTERVAL	:	15 MIN						
*BATTERY	:	6.3 V						
*RESTARTS	:	0						
*CONFIG	:	12						
*CHANNEL	:  1	OF  2						

	WED	THU	FRI	SAT	SUN	MON	TUE	7-DAY
DATE    07	/12/12	13	14	15	16	17	18	AVERAGE

START HOUR								

0	11	8	8	9	8	9	6	8
1	7	7	6	10	13	2	5	7
2	1	0	2	6	0	0	0	1
3	2	3	1	6	4	0	0	2
4	2	4	5	3	1	3	3	3
5	13	11	9	5	4	7	11	9
6	49	40	41	13	4	46	45	34
7	83	79	73	21	11	85	83	62
8	119	94	85	18	9	98	95	74
9	90	76	75	29	21	88	89	67
10	60	65	54	37	30	57	68	53
11	58	59	56	49	41	68	72	58
12	53	66	54	55	49	66	56	57
13	64	61	61	51	73	59	73	63
14	65	75	67	56	51	68	64	64
15	67	76	78	64	48	82	77	70
16	105	92	94	32	29	90	104	78
17	85	73	74	33	27	85	77	65
18	62	59	52	34	25	63	63	51
19	50	50	38	31	27	44	45	41
20	44	38	33	27	25	39	47	36
21	26	33	21	23	22	28	29	26
22	23	18	21	14	14	21	24	19
23	13	14	19	11	12	8	9	12

TOTALS								

12HR 7-19	911	875	823	479	414	909	921	762
16HR 6-22	1080	1036	956	573	492	1066	1087	899
18HR 6-24	1116	1068	996	598	518	1095	1120	930
24HR 0-24	1152	1101	1027	637	548	1116	1145	961
								



*LOCATION	: ..	........	.......	.......	.......	.......	.......	...............
*SITE NUMB	ER: 11	704909						
*FILE NUMB	ER:	4						
*INTERVAL	:	15 MIN						
*BATTERY	:	6.3 V						
*RESTARTS	:	0						
*CONFIG	:	12						
*CHANNEL	:  1	OF  2						

	WED	THU	FRI	SAT	SUN	MON	TUE	7-DAY
DATE    07	/12/19	20	21	22	23	24	25	AVERAGE

START HOUR								

0	7	7	9	8	10	8	3	7
1	8	7	5	10	9	2	1	6
2	0	1	2	0	1	0	0	1
3	2	0	1	4	3	0	1	2
4	2	2	2	1	1	0	1	1
5	8	10	6	4	4	5	1	5
6	40	41	36	14	6	17	2	22
7	84	88	73	19	13	16	3	42
8	92	90	73	17	10	19	2	43
9	77	76	76	29	17	25	0	43
10	51	75	70	36	28	31	3	42
11	62	62	75	54	35	42	18	50
12	67	60	59	46	35	34	22	46
13	68	68	70	55	41	38	22	52
14	64	64	79	47	37	32	32	51
15	92	84	95	55	29	20	26	57
16	103	88	78	40	30	10	15	52
17	87	77	70	37	33	8	20	47
18	57	61	47	26	22	5	12	33
19	49	41	36	29	23	3	18	28
20	38	35	25	25	14	7	16	23
21	32	41	28	18	14	6	10	21
22	23	23	13	16	16	8	10	16
23	10	13	9	6	11	2	5	8

TOTALS								

12HR 7-19	904	893	865	461	330	280	175	558
16HR 6-22	1063	1051	990	547	387	313	221	653
18HR 6-24	1096	1087	1012	569	414	323	236	677
24HR 0-24	1123	1114	1037	596	442	338	243	699
								



*LOCATION	: ..	........	.......	.......	.......	.......	.......	...............
*SITE NUMB	ER: 11	704909						
*FILE NUMB	ER:	4						
*INTERVAL	:	15 MIN						
*BATTERY	:	6.3 V						
*RESTARTS	:	0						
*CONFIG	:	12						
*CHANNEL	:  1	OF  2						

	WED	THU	FRI	SAT	SUN	MON	TUE	7-DAY
DATE    07	/12/26	27	28	29	30	31	1	AVERAGE

START HOUR								

0	2	5	11	9	7	8	7	7
1	3	2	5	7	6	4	13	6
2	1	5	2	1	0	2	3	2
3	5	2	1	3	3	2	5	3
4	2	3	3	2	2	2	2	2
5	5	13	9	3	3	7	2	6
6	6	37	33	12	3	32	4	18
7	15	56	52	17	11	56	14	32
8	12	55	53	24	11	57	8	31
9	13	56	65	31	11	41	13	33
10	21	47	41	42	20	55	16	35
11	26	54	40	37	28	55	18	37
12	28	57	66	33	35	47	33	43
13	28	59	49	44	45	57	23	44
14	34	55	62	34	39	57	27	44
15	31	69	63	41	40	62	29	48
16	18	75	66	40	25	61	24	44
17	26	62	48	37	27	58	23	40
18	16	48	46	27	20	29	18	29
19	30	42	32	26	20	27	18	28
20	18	25	34	20	18	26	21	23
21	14	22	22	17	18	20	19	19
22	15	20	17	12	11	15	15	15
23	9	12	11	9	8	12	6	10

TOTALS								

12HR 7-19	268	693	651	407	312	635	246	459
16HR 6-22	336	819	772	482	371	740	308	547
18HR 6-24	360	851	800	503	390	767	329	571
24HR 0-24	378	881	831	528	411	792	361	597
								



*LOCATION	: ..	........	.......	.......	.......	.......	.......	...............
*SITE NUMB	ER: 11	704909						
*FILE NUMB	ER:	4						
*INTERVAL	:	15 MIN						
*BATTERY	:	6.3 V						
*RESTARTS	:	0						
*CONFIG	:	12						
*CHANNEL	:  1	OF  2						

	WED	THU	FRI	SAT	SUN	MON	TUE	7-DAY
DATE    08	/01/02	3	4	5	6	7	8	AVERAGE

START HOUR								

0	5	7	7	-	-	-	-	-
1	4	5	6	-	-	-	-	-
2	2	0	0	-	-	-	-	-
3	3	2	0	-	-	-	-	-
4	2	2	3	-	-	-	-	-
5	10	11	15	-	-	-	-	-
6	35	40	34	-	-	-	-	-
7	66	69	63	-	-	-	-	-
8	71	82	79	-	-	-	-	-
9	57	56	59	-	-	-	-	-
10	58	58	-	-	-	-	-	-
11	55	52	-	-	-	-	-	-
12	52	52	-	-	-	-	-	-
13	57	50	-	-	-	-	-	-
14	58	52	-	-	-	-	-	-
15	65	69	-	-	-	-	-	-
16	93	79	-	-	-	-	-	-
17	72	66	-	-	-	-	-	-
18	56	47	-	-	-	-	-	-
19	42	41	-	-	-	-	-	-
20	39	32	-	-	-	-	-	-
21	22	25	-	-	-	-	-	-
22	15	19	-	-	-	-	-	-
23	13	10	-	-	-	-	-	-

TOTALS								

12HR 7-19	760	732	-	-	-	-	-	-
16HR 6-22	898	870	-	-	-	-	-	-
18HR 6-24	926	899	-	-	-	-	-	-
24HR 0-24	952	926	-	-	-	-	-	-
								



*LOCATION	: ..	........	.......	.......	.......	.......	.......	...............
*SITE NUMB	ER: 11	704909						
*FILE NUMB	ER:	4						
*INTERVAL	:	15 MIN						
*BATTERY	:	6.3 V						
*RESTARTS	:	0						
*CONFIG	:	12						
*CHANNEL	:  2	OF  2						

	WED	THU	FRI	SAT	SUN	MON	TUE	7-DAY
DATE    07	/12/05	6	7	8	9	10	11	AVERAGE

START HOUR								

0	-	4	0	0	0	1	1	-
1	-	0	1	1	1	0	0	-
2	-	1	1	2	4	1	0	-
3	-	1	0	0	1	0	0	-
4	-	0	0	0	0	0	0	-
5	-	0	1	2	0	2	1	-
6	-	1	6	4	0	9	11	-
7	-	0	18	2	2	33	27	-
8	-	3	19	1	3	34	40	-
9	-	2	16	2	4	22	19	-
10	-	4	9	3	5	15	10	-
11	-	6	6	8	14	19	12	-
12	-	8	9	2	8	14	15	-
13	-	2	12	11	18	10	20	-
14	-	1	11	5	19	8	18	-
15	-	6	16	10	17	30	31	-
16	14	3	12	6	11	37	34	17
17	16	7	13	5	4	41	29	16
18	16	5	11	6	9	30	38	16
19	8	3	8	6	4	12	17	8
20	5	1	7	3	8	17	17	8
21	1	2	7	2	6	13	6	5
22	4	1	1	1	2	6	6	3
23	1	2	1	3	1	0	2	1

TOTALS								

12HR 7-19	-	47	152	61	114	293	293	-
16HR 6-22	-	54	180	76	132	344	344	-
18HR 6-24	-	57	182	80	135	350	352	-
24HR 0-24	-	63	185	85	141	354	354	-
								



*LOCATION	: ..	........	.......	.......	.......	.......	.......	...............
*SITE NUMB	ER: 11	704909						
*FILE NUMB	ER:	4						
*INTERVAL	:	15 MIN						
*BATTERY	:	6.3 V						
*RESTARTS	:	0						
*CONFIG	:	12						
*CHANNEL	:  2	OF  2						

	WED	THU	FRI	SAT	SUN	MON	TUE	7-DAY
DATE    07	/12/12	13	14	15	16	17	18	AVERAGE

START HOUR								

0	2	1	3	3	2	1	3	2
1	0	0	2	3	1	0	2	1
2	0	1	0	3	0	0	0	1
3	0	0	0	1	3	0	0	1
4	0	0	0	1	2	0	0	0
5	1	2	0	1	1	1	2	1
6	5	6	10	1	0	5	5	5
7	23	29	22	1	2	23	23	18
8	31	36	20	3	2	24	33	21
9	21	18	16	5	2	19	15	14
10	15	10	9	10	8	11	13	11
11	4	9	8	6	7	13	6	8
12	14	13	14	6	10	8	9	11
13	15	14	6	7	22	15	13	13
14	12	17	14	9	15	11	12	13
15	13	17	14	11	17	22	29	18
16	30	25	26	9	10	35	30	24
17	35	20	20	9	8	24	28	21
18	21	20	6	5	9	21	19	14
19	11	13	9	5	5	13	12	10
20	10	14	12	5	3	11	15	10
21	10	4	7	3	7	7	4	6
22	10	4	8	3	2	3	5	5
23	2	0	1	0	0	1	3	1

TOTALS								

12HR 7-19	234	228	175	81	112	226	230	184
16HR 6-22	270	265	213	95	127	262	266	214
18HR 6-24	282	269	222	98	129	266	274	220
24HR 0-24	285	273	227	110	138	268	281	226
								



*LOCATION	: ..	........	.......	.......	.......	.......	.......	...............
*SITE NUMB	ER: 11	704909						
*FILE NUMB	ER:	4						
*INTERVAL	:	15 MIN						
*BATTERY	:	6.3 V						
*RESTARTS	:	0						
*CONFIG	:	12						
*CHANNEL	:  2	OF  2						

	WED	THU	FRI	SAT	SUN	MON	TUE	7-DAY
DATE    07	/12/19	20	21	22	23	24	25	AVERAGE

START HOUR								

0	1	1	0	1	0	1	1	1
1	2	1	2	1	3	1	0	1
2	0	1	2	1	1	0	0	1
3	0	0	0	3	0	0	1	1
4	0	0	0	1	1	1	0	0
5	3	3	1	1	1	0	0	1
6	5	7	3	1	1	1	0	3
7	22	30	23	0	0	2	0	11
8	36	28	40	2	1	2	0	16
9	19	17	12	5	3	3	0	8
10	8	10	6	9	3	4	5	6
11	12	12	8	9	4	7	4	8
12	7	12	13	18	7	11	5	10
13	16	9	9	12	5	16	7	11
14	10	11	20	7	12	5	7	10
15	21	24	19	9	8	6	11	14
16	26	17	24	7	7	5	4	13
17	25	22	19	5	8	2	4	12
18	28	21	21	3	6	4	4	12
19	13	5	6	1	8	2	0	5
20	16	12	13	0	2	0	7	7
21	5	10	6	1	0	0	3	4
22	8	2	2	1	1	1	1	2
23	4	1	3	1	1	0	1	2

TOTALS								

12HR 7-19	230	213	214	86	64	67	51	132
16HR 6-22	269	247	242	89	75	70	61	150
18HR 6-24	281	250	247	91	77	71	63	154
24HR 0-24	287	256	252	99	83	74	65	159
								



*LOCATION	: ..	........	.......	.......	.......	.......	.......	...............
*SITE NUMB	ER: 11	704909						
*FILE NUMB	ER:	4						
*INTERVAL	:	15 MIN						
*BATTERY	:	6.3 V						
*RESTARTS	:	0						
*CONFIG	:	12						
*CHANNEL	:  2	OF  2						

	WED	THU	FRI	SAT	SUN	MON	TUE	7-DAY
DATE    07	/12/26	27	28	29	30	31	1	AVERAGE

START HOUR								

0	0	0	0	0	0	0	0	0
1	0	2	0	0	1	1	0	1
2	0	0	0	1	0	0	3	1
3	0	0	0	0	1	0	2	0
4	1	0	0	1	1	0	1	1
5	0	0	0	1	1	0	0	0
6	0	1	3	0	2	1	1	1
7	0	11	9	1	1	10	0	5
8	1	13	9	0	2	11	2	5
9	0	14	18	4	1	7	2	7
10	4	4	6	6	2	11	2	5
11	3	9	4	11	5	14	3	7
12	6	6	7	8	12	10	5	8
13	8	7	9	8	6	11	8	8
14	12	11	13	12	8	17	8	12
15	13	9	13	5	18	11	7	11
16	7	12	11	8	8	13	6	9
17	5	12	7	5	5	10	4	7
18	8	10	9	4	5	8	3	7
19	0	6	6	4	3	4	0	3
20	4	5	7	3	9	1	2	4
21	1	4	3	1	2	1	2	2
22	2	3	2	1	1	1	0	1
23	0	2	2	0	1	1	0	1

TOTALS								

12HR 7-19	67	118	115	72	73	133	50	90
16HR 6-22	72	134	134	80	89	140	55	101
18HR 6-24	74	139	138	81	91	142	55	103
24HR 0-24	75	141	138	84	95	143	61	105
								



*LOCATION	: ..	........	.......	.......	.......	.......	.......	...............
*SITE NUMB	ER: 11	704909						
*FILE NUMB	ER:	4						
*INTERVAL	:	15 MIN						
*BATTERY	:	6.3 V						
*RESTARTS	:	0						
*CONFIG	:	12						
*CHANNEL	:  2	OF  2						

	WED	THU	FRI	SAT	SUN	MON	TUE	7-DAY
DATE    08	/01/02	3	4	5	6	7	8	AVERAGE

START HOUR								

0	0	5	1	-	-	-	-	-
1	0	0	0	-	-	-	-	-
2	0	0	0	-	-	-	-	-
3	0	1	0	-	-	-	-	-
4	1	1	1	-	-	-	-	-
5	3	1	1	-	-	-	-	-
6	7	4	8	-	-	-	-	-
7	26	17	16	-	-	-	-	-
8	20	25	26	-	-	-	-	-
9	17	14	16	-	-	-	-	-
10	7	12	-	-	-	-	-	-
11	7	6	-	-	-	-	-	-
12	6	7	-	-	-	-	-	-
13	6	8	-	-	-	-	-	-
14	9	6	-	-	-	-	-	-
15	14	14	-	-	-	-	-	-
16	23	31	-	-	-	-	-	-
17	26	26	-	-	-	-	-	-
18	17	18	-	-	-	-	-	-
19	7	8	-	-	-	-	-	-
20	8	7	-	-	-	-	-	-
21	1	3	-	-	-	-	-	-
22	5	6	-	-	-	-	-	-
23	1	0	-	-	-			
