 
 
 
*LOCATION   : ............................................................
*SITE NUMBER: 10704536
*FILE NUMBER:       25
*INTERVAL   :   15 MIN
*BATTERY    :    6.3 V
*RESTARTS   :        0
*CONFIG     :        0
*CHANNEL    :  1 OF  1
 
             MON    TUE    WED    THU    FRI    SAT    SUN    7-DAY
DATE    04/11/01     02     03     04     05     06     07   AVERAGE
 
START HOUR
 
    0          -      2      1      1      2      2      6       -
    1          -      0      0      1      2      3      1       -
    2          -      1      1      2      0      4      3       -
    3          -      1      1      1      1      2      6       -
    4          -      0      0      1      0      4      0       -
    5          -      4      4      2      7      3      1       -
    6          -     27     30     20     20      7      7       -
    7          -     89     86     69     63      4      4       -
    8          -    121    126    118     74      5      4       -
    9          -     63     74     61     29     19     11       -
   10         49     48     44     49     21     14     20      35
   11         72     47     54     22     24     40     37      42
   12         45     59     56     35     24     29     23      39
   13         48     64     48     34     31     39     30      42
   14         36     54     58     37     42     34     43      43
   15         87     73     90     76     64     43     26      66
   16        139    128    123    104     67     17     24      86
   17         94     87     84     80     44     16     17      60
   18         66     70     59     50     16      5     20      41
   19         36     39     51     33     21      7     17      29
   20         32     22     23     33     10      7     13      20
   21         17     22     21     26     13      6      7      16
   22         10     10     12      4      4      5      5       7
   23          2      2      3      7      5      5      3       4
 
TOTALS
 
12HR 7-19      -    903    902    735    499    265    259       -
16HR 6-22      -   1013   1027    847    563    292    303       -
18HR 6-24      -   1025   1042    858    572    302    311       -
24HR 0-24      -   1033   1049    866    584    320    328       -



 
 
 
 
*LOCATION   : ............................................................
*SITE NUMBER: 10704536
*FILE NUMBER:       25
*INTERVAL   :   15 MIN
*BATTERY    :    6.3 V
*RESTARTS   :        0
*CONFIG     :        0
*CHANNEL    :  1 OF  1
 
             MON    TUE    WED    THU    FRI    SAT    SUN    7-DAY
DATE    04/11/08     09     10     11     12     13     14   AVERAGE
 
START HOUR
 
    0          1      3      1     10      5      2      3       4
    1          2      2      2      3      4      2      4       3
    2          0      0      3      5      0      3      4       2
    3          1      1      1      2      1      3      4       2
    4          1      0      1      1      2      0      4       1
    5          5      6      7      7      4      0      2       4
    6         27     31     31     30     13      1      2      19
    7         70     78     68     74     47     13      4      51
    8        121    123     96     95     65      8      3      73
    9         65     70     87     67     33     17     10      50
   10         54     47     57     44     20     53      8      40
   11         27     46     45     47     15     34     19      33
   12         44     44     37     47     16     32     30      36
   13         44     52     38     46     28     53     33      42
   14         49     49     35     44     12     52     24      38
   15         84     80     92     75     43     67     20      66
   16        113    113    106    100     62     93     24      87
   17         80     88     79     73     32     28     11      56
   18         59     65     56     57     24     15     17      42
   19         43     32     34     21      9      9     10      23
   20         24     36     46     26      9      3     10      22
   21         14     19     22     21      6      8      4      13
   22          9      9     15     12      1      2      1       7
   23          3      7      2      7      2      5      6       5
 
TOTALS
 
12HR 7-19    810    855    796    769    397    465    203     614
16HR 6-22    918    973    929    867    434    486    229     691
18HR 6-24    930    989    946    886    437    493    236     702
24HR 0-24    940   1001    961    914    453    503    257     718



 
 
 
 
*LOCATION   : ............................................................
*SITE NUMBER: 10704536
*FILE NUMBER:       25
*INTERVAL   :   15 MIN
*BATTERY    :    6.3 V
*RESTARTS   :        0
*CONFIG     :        0
*CHANNEL    :  1 OF  1
 
             MON    TUE    WED    THU    FRI    SAT    SUN    7-DAY
DATE    04/11/15     16     17     18     19     20     21   AVERAGE
 
START HOUR
 
    0          1      0      2      6      5      3      1       3
    1          1      0      1      0      1      4      0       1
    2          1      0      0      0      0      0      0       0
    3          0      0      2      1      2      3      0       1
    4          0      0      1      1      0      1      0       0
    5          4      5      4      7      4      3      0       4
    6         18     16     21     47     10      4      0      17
    7         58     58     45     51     21      4      1      34
    8         88     81     57     45     40      9      1      46
    9         57     44     48     30     40     10      0      33
   10         41     42     18     27     16     10      4      23
   11         34     18     35     24     20     15      6      22
   12         26     29     32     20     19     20     12      23
   13         26     42     31     12     14     12     11      21
   14         25     32     45     28     19      8     15      25
   15         58     53     64     35     26      9      7      36
   16         68     75     69     41     38      1      7      43
   17         56     56     56     39     32      3      4      35
   18         32     48     41     25     12      6      6      24
   19         30     29     22     10      8      3      2      15
   20         16     17     20     15     15      2      2      12
   21         15      7     14     15      6      1      2       9
   22          4      5     13      4      4      0      1       4
   23          3      2      4      3      4      1      5       3
 
TOTALS
 
12HR 7-19    569    578    541    377    297    107     74     363
16HR 6-22    648    647    618    464    336    117     80     416
18HR 6-24    655    654    635    471    344    118     86     423
24HR 0-24    662    659    645    486    356    132     87     432



 
 
 
 
*LOCATION   : ............................................................
*SITE NUMBER: 10704536
*FILE NUMBER:       25
*INTERVAL   :   15 MIN
*BATTERY    :    6.3 V
*RESTARTS   :        0
*CONFIG     :        0
*CHANNEL    :  1 OF  1
 
             MON    TUE    WED    THU    FRI    SAT    SUN    7-DAY
DATE    04/11/22     23     24     25     26     27     28   AVERAGE
 
START HOUR
 
    0          0      0      0      2      4      1      3       1
    1          2      0      1      1      1      3      0       1
    2          1      0      1      0      2      1      2       1
    3          1      1      0      1      0      0      1       1
    4          1      0      0      0      0      0      0       0
    5          3      2      3      2      2      1      1       2
    6         21      7      8      7     11      1      1       8
    7         49     15     19     13     14      3      4      17
    8         76     23     30     15     16     11      0      24
    9         36     22     15     17     23      7      4      18
   10         13     16     17     12     12     12      3      12
   11         16     10     16      8      7     14      5      11
   12         14     10     11      9      9      6      8      10
   13         11      5     14      9     12     18      6      11
   14         14     16     13     11     16     12      8      13
   15         21     19     26     20     24      8      8      18
   16         34     18     35     28     18      4      4      20
   17         16     26     26     18      9      3      8      15
   18          8     14     10      4     14      4      4       8
   19          8     11     11      7     13      4      6       9
   20          7     14      7      4      9      1      4       7
   21          3      2      5      4      2      3      2       3
   22          4      6      4      4      3      2      0       3
   23          0      1      3      3      8      3      3       3
 
TOTALS
 
12HR 7-19    308    194    232    164    174    102     62     177
16HR 6-22    347    228    263    186    209    111     75     203
18HR 6-24    351    235    270    193    220    116     78     209
24HR 0-24    359    238    275    199    229    122     85     215



 
 
 
 
*LOCATION   : ............................................................
*SITE NUMBER: 10704536
*FILE NUMBER:       25
*INTERVAL   :   15 MIN
*BATTERY    :    6.3 V
*RESTARTS   :        0
*CONFIG     :        0
*CHANNEL    :  1 OF  1
 
             MON    TUE    WED    THU    FRI    SAT    SUN    7-DAY
DATE    04/11/29     30     01     02     03     04     05   AVERAGE
 
START HOUR
 
    0          1      -      -      -      -      -      -       -
    1          0      -      -      -      -      -      -       -
    2          0      -      -      -      -      -      -       -
    3          0      -      -      -      -      -      -       -
    4          0      -      -      -      -      -      -       -
    5          7      -      -      -      -      -      -       -
    6          8      -      -      -      -      -      -       -
    7          9      -      -      -      -      -      -       -
    8         15      -      -      -      -      -      -       -
    9         17      -      -      -      -      -      -       -
   10          -      -      -      -      -      -      -       -
   11          -      -      -      -      -      -      -       -
   12          -      -      -      -      -      -      -       -
   13          -      -      -      -      -      -      -       -
   14          -      -      -      -      -      -      -       -
   15          -      -      -      -      -      -      -       -
   16          -      -      -      -      -      -      -       -
   17          -      -      -      -      -      -      -       -
   18          -      -      -      -      -      -      -       -
   19          -      -      -      -      -      -      -       -
   20          -      -      -      -      -      -      -       -
   21          -      -      -      -      -      -      -       -
   22          -      -      -      -      -      -      -       -
   23          -      -      -      -      -      -      -       -
 
TOTALS
 
12HR 7-19      -      -      -      -      -      -      -       -
16HR 6-22      -      -      -      -      -      -      -       -
18HR 6-24      -      -      -      -      -      -      -       -
24HR 0-24      -      -      -      -      -      -      -       -

 
