 
 
 
*LOCATION   : ............................................................
*SITE NUMBER: 11504528
*FILE NUMBER:        1
*INTERVAL   :   15 MIN
*BATTERY    :    6.4 V
*RESTARTS   :        0
*CONFIG     :       12
*CHANNEL    :  1 OF  2
 
             MON    TUE    WED    THU    FRI    SAT    SUN    7-DAY
DATE    04/11/01     02     03     04     05     06     07   AVERAGE
 
START HOUR
 
    0          -      3      2      5      5      6      2       -
    1          -      3      1      1      2      7      8       -
    2          -      1      1      5      3      7      5       -
    3          -      0      1      1      2      4      4       -
    4          -      0      0      0      1      2      2       -
    5          -      4      3      2      3      1      1       -
    6          -     22     22     16     19      4      1       -
    7          -     61     52     56     38      2      1       -
    8          -    106    109     93     61      4      3       -
    9          -     67     61     63     36     12     21       -
   10         57     50     41     54     31     24      8      38
   11         52     55     54     46     30     18     23      40
   12         74     57     53     34     33     34     25      44
   13         63     54     56     35     50     36     32      47
   14         62     64     46     45     51     31     34      48
   15         94     82     88     76     61     20     23      63
   16        102     97     92     77     84      8     23      69
   17         90     70     83     88     53     14     38      62
   18         67     55     55     55     28      8     24      42
   19         42     34     43     39     23     12     21      31
   20         42     29     36     36     19     14     13      27
   21         22     24     16     17      8      9     11      15
   22         13      7     12     14      6      9      5       9
   23          5      7      9      7      8      7      4       7
 
TOTALS
 
12HR 7-19      -    818    790    722    556    211    255       -
16HR 6-22      -    927    907    830    625    250    301       -
18HR 6-24      -    941    928    851    639    266    310       -
24HR 0-24      -    952    936    865    655    293    332       -

 
 
 
 





















*LOCATION   : ............................................................
*SITE NUMBER: 11504528
*FILE NUMBER:        1
*INTERVAL   :   15 MIN
*BATTERY    :    6.4 V
*RESTARTS   :        0
*CONFIG     :       12
*CHANNEL    :  1 OF  2
 
             MON    TUE    WED    THU    FRI    SAT    SUN    7-DAY
DATE    04/11/08     09     10     11     12     13     14   AVERAGE
 
START HOUR
 
    0          0      1      3      5      6      3      3       3
    1          5      3      4      4      4      2      8       4
    2          0      1      1      1      4      3      0       1
    3          1      2      0      3      1      2      7       2
    4          1      1      0      0      0      0      0       0
    5          3      5      6      3      8      1      0       4
    6         24     23     24     18      7      1      1      14
    7         48     54     42     47     32      2      1      32
    8         84    115     77     82     44      5      2      58
    9         74     94     79     55     46     13      6      52
   10         55     66     56     50     21     22      9      40
   11         61     70     57     60     33     30     13      46
   12         58     61     61     46     28     43     17      45
   13         57     69     49     39     23     45     18      43
   14         55     54     51     58     35     74     25      50
   15         72     66     88     69     46     39     16      57
   16        100    111     97     91     46     19     10      68
   17         96     88     83     84     31     14     20      59
   18         59     52     47     51     25     15     20      38
   19         47     28     42     31     13      6     11      25
   20         37     22     41     31      9     15     15      24
   21         26     16     21     22      8      9      5      15
   22         16      9     14      8      6     14      5      10
   23          4      8      5      9      4      6      2       5
 
TOTALS
 
12HR 7-19    819    900    787    732    410    321    157     589
16HR 6-22    953    989    915    834    447    352    189     668
18HR 6-24    973   1006    934    851    457    372    196     684
24HR 0-24    983   1019    948    867    480    383    214     699

 
 
 
 
















*LOCATION   : ............................................................
*SITE NUMBER: 11504528
*FILE NUMBER:        1
*INTERVAL   :   15 MIN
*BATTERY    :    6.4 V
*RESTARTS   :        0
*CONFIG     :       12
*CHANNEL    :  1 OF  2
 
             MON    TUE    WED    THU    FRI    SAT    SUN    7-DAY
DATE    04/11/15     16     17     18     19     20     21   AVERAGE
 
START HOUR
 
    0          1      1      1      3      5      5      1       2
    1          0      3      1      2      2      3      0       2
    2          2      0      0      0      0      4      0       1
    3          1      0      0      1      0      1      0       0
    4          1      0      0      0      1      0      0       0
    5          4      5      3      4      3      1      0       3
    6         19     17     13     12      9      2      0      10
    7         43     50     26     16     15      7      2      23
    8         70     68     61     49     38      4      0      41
    9         43     57     52     30     25      9      1      31
   10         40     39     36     26     24     20      7      27
   11         40     31     29     24     26     13      2      24
   12         37     30     36     21     22      8      1      22
   13         46     32     19     26     25      8     12      24
   14         28     40     37     28     27      5      2      24
   15         61     49     38     22     30      0     10      30
   16         63     75     47     27     37      1      2      36
   17         49     45     52     29     30      0      5      30
   18         46     38     41     22     14      0      2      23
   19         31     27     19     21     15      0      3      17
   20         30     18     13      6      9      0      4      11
   21          7     11     10     17      7      0      0       7
   22          5      5      8      3      7      0      1       4
   23          2      7      8      5      9      1      1       5
 
TOTALS
 
12HR 7-19    566    554    474    320    313     75     46     335
16HR 6-22    653    627    529    376    353     77     53     381
18HR 6-24    660    639    545    384    369     78     55     390
24HR 0-24    669    648    550    394    380     92     56     398

 
 
 
 
















*LOCATION   : ............................................................
*SITE NUMBER: 11504528
*FILE NUMBER:        1
*INTERVAL   :   15 MIN
*BATTERY    :    6.4 V
*RESTARTS   :        0
*CONFIG     :       12
*CHANNEL    :  1 OF  2
 
             MON    TUE    WED    THU    FRI    SAT    SUN    7-DAY
DATE    04/11/22     23     24     25     26     27     28   AVERAGE
 
START HOUR
 
    0          0      0      1      1      2      0      1       1
    1          3      1      0      0      0      0      0       1
    2          0      0      0      0      0      1      0       0
    3          0      1      1      0      0      0      0       0
    4          0      1      0      0      0      0      1       0
    5          2      3      2      3      1      1      0       2
    6          8      8      8      3      9      2      2       6
    7          9     13     12      9     10      2      1       8
    8         13     13     15     10     18      3      1      10
    9         17     16     15     13     21      3      1      12
   10         14     11     13     12     10      6      4      10
   11         10     13      8      8     16      3      5       9
   12          5     13     13      8     12      9      3       9
   13         16      7      9     12      9      3      4       9
   14         13      8     18     17     19      5      6      12
   15         18     18     20     20     27      8      3      16
   16         15     15     12     17     16      3      5      12
   17         12     14     19     22      5      3      3      11
   18          9     11      4      5     10      4      7       7
   19          7     36      7      7      3      1      1       9
   20          6      8      5     10      4      2      1       5
   21          1      4      3      6      3      2      2       3
   22          1      1      2      6      2      1      0       2
   23          2      3      2      0      2      1      1       2
 
TOTALS
 
12HR 7-19    151    152    158    153    173     52     43     126
16HR 6-22    173    208    181    179    192     59     49     149
18HR 6-24    176    212    185    185    196     61     50     152
24HR 0-24    181    218    189    189    199     63     52     156

 
 
 
 









*LOCATION   : ............................................................
*SITE NUMBER: 11504528
*FILE NUMBER:        1
*INTERVAL   :   15 MIN
*BATTERY    :    6.4 V
*RESTARTS   :        0
*CONFIG     :       12
*CHANNEL    :  1 OF  2
 
             MON    TUE    WED    THU    FRI    SAT    SUN    7-DAY
DATE    04/11/29     30     01     02     03     04     05   AVERAGE
 
START HOUR
 
    0          0      -      -      -      -      -      -       -
    1          0      -      -      -      -      -      -       -
    2          2      -      -      -      -      -      -       -
    3          0      -      -      -      -      -      -       -
    4          1      -      -      -      -      -      -       -
    5          2      -      -      -      -      -      -       -
    6         13      -      -      -      -      -      -       -
    7         10      -      -      -      -      -      -       -
    8         14      -      -      -      -      -      -       -
    9         12      -      -      -      -      -      -       -
   10          9      -      -      -      -      -      -       -
   11         17      -      -      -      -      -      -       -
   12          -      -      -      -      -      -      -       -
   13          -      -      -      -      -      -      -       -
   14          -      -      -      -      -      -      -       -
   15          -      -      -      -      -      -      -       -
   16          -      -      -      -      -      -      -       -
   17          -      -      -      -      -      -      -       -
   18          -      -      -      -      -      -      -       -
   19          -      -      -      -      -      -      -       -
   20          -      -      -      -      -      -      -       -
   21          -      -      -      -      -      -      -       -
   22          -      -      -      -      -      -      -       -
   23          -      -      -      -      -      -      -       -
 
TOTALS
 
12HR 7-19      -      -      -      -      -      -      -       -
16HR 6-22      -      -      -      -      -      -      -       -
18HR 6-24      -      -      -      -      -      -      -       -
24HR 0-24      -      -      -      -      -      -      -       -

 
 
 

