 
 
 
*LOCATION   : ............................................................
*SITE NUMBER: 11804502
*FILE NUMBER:       24
*INTERVAL   :   15 MIN
*BATTERY    :    6.3 V
*RESTARTS   :        0
*CONFIG     :        0
*CHANNEL    :  1 OF  1
 
             MON    TUE    WED    THU    FRI    SAT    SUN    7-DAY
DATE    04/11/01     02     03     04     05     06     07   AVERAGE
 
START HOUR
 
    0          -      0      1      0      0      1      0       -
    1          -      0      0      0      0      1      0       -
    2          -      0      0      0      0      0      0       -
    3          -      0      0      1      0      1      0       -
    4          -      2      0      0      0      2      1       -
    5          -      4      5      4      5      1      0       -
    6          -     20     22     24     15      4      2       -
    7          -     26     31     27     25      3      4       -
    8          -     21     26     21     18      9      5       -
    9          -     22     16     25      8     11     15       -
   10         24     22     22     13      3     42     29      22
   11         25     15     19     12      7     44     34      22
   12         15     26     14     16      9     38     44      23
   13         37     17     28     13     18     46     31      27
   14         24     30     27     31     22     43     33      30
   15         38     38     30     31     44     34     16      33
   16         38     34     33     32     22     19     23      29
   17         34     31     32     22     19      9     19      24
   18         26     18     13     15      9      9      6      14
   19         14     18      9     13     11      7      6      11
   20         10      9     13      6      7      5      6       8
   21          2      2      6      3      3      2      3       3
   22          5      4      6      6      4      1      0       4
   23          0      2      2      1      1      0      0       1
 
TOTALS
 
12HR 7-19      -    300    291    258    204    307    259       -
16HR 6-22      -    349    341    304    240    325    276       -
18HR 6-24      -    355    349    311    245    326    276       -
24HR 0-24      -    361    355    316    250    332    277       -



 
 
 
 
*LOCATION   : ............................................................
*SITE NUMBER: 11804502
*FILE NUMBER:       24
*INTERVAL   :   15 MIN
*BATTERY    :    6.3 V
*RESTARTS   :        0
*CONFIG     :        0
*CHANNEL    :  1 OF  1
 
             MON    TUE    WED    THU    FRI    SAT    SUN    7-DAY
DATE    04/11/08     09     10     11     12     13     14   AVERAGE
 
START HOUR
 
    0          0      0      1      1      0     33      2       5
    1          0      0      0      1      0      0      0       0
    2          0      1      0      3      0      1      0       1
    3          0      0      0      0      0      0      0       0
    4          0      1      0      0      0      0      0       0
    5          2      5      4      3      2      0      1       2
    6         22     22     27     33     18      6      1      18
    7         36     39     31   2067     16    514      7     387
    8         32     26     28     22     13     11      1      19
    9         13     13     20     18      7     12      7      13
   10         20     27     16     19     11     15     13      17
   11         26     16     20     16      9     37     26      21
   12         22     31     19     26      5     25     30      23
   13         29     18     23     27     13     16     18      21
   14         25     40     24     36     13     32     30      29
   15         25     40     35     30    521     41     24     102
   16         43     47     37     36     15     45     20      35
   17         23     21     19     30     12     13     13      19
   18         14     19     17      8      2     40     11      16
   19         12      9     10     12      2     19      3      10
   20          8     11      5      7      5      8      3       7
   21          4      6     14   2052      3    515      2     371
   22          4      1      5      3      1      6      0       3
   23          4      3      0      9      0      0      0       2
 
TOTALS
 
12HR 7-19    308    337    289   2335    637    801    200     701
16HR 6-22    354    385    345   4439    665   1349    209    1107
18HR 6-24    362    389    350   4451    666   1355    209    1112
24HR 0-24    364    396    355   4459    668   1389    212    1120



 
 
 
 
*LOCATION   : ............................................................
*SITE NUMBER: 11804502
*FILE NUMBER:       24
*INTERVAL   :   15 MIN
*BATTERY    :    6.3 V
*RESTARTS   :        0
*CONFIG     :        0
*CHANNEL    :  1 OF  1
 
             MON    TUE    WED    THU    FRI    SAT    SUN    7-DAY
DATE    04/11/15     16     17     18     19     20     21   AVERAGE
 
START HOUR
 
    0         32      0      2      1      1      0      0       5
    1          0      0      0      1      0      0      0       0
    2          0      0      0      0      0      0      0       0
    3          0      0      0      0      0      0      0       0
    4          0      1      0      0      0      0      0       0
    5          2      3     10      1      3      1      0       3
    6         17     16     16     11      4      3      0      10
    7         28     17     17    529      9      4      0      86
    8         25     12     14     13    137      0      0      29
    9         22     18      9      8      3      8      0      10
   10         15     18      5      2      3      2      2       7
   11         20     19     13      7      4      6      3      10
   12         19     17     13      7     11     74      3      21
   13          7     13    268      9      8      2      6      45
   14         16     28     16     10      7     13      5      14
   15         18     16     13     21      6      8      2      12
   16         23     31     34     15     11      7      4      18
   17         10     14     12      5      3      4      2       7
   18         10      9      6     11      5      3      1       6
   19          8     11      3      4      2      1      3       5
   20         12      5      5      4      2     33      1       9
   21       1030      2      3      4      2      7      0     150
   22          5      4      3      2      2      2      0       3
   23          2      1      0      9      2      0      1       2
 
TOTALS
 
12HR 7-19    213    212    420    637    207    131     28     264
16HR 6-22   1280    246    447    660    217    175     32     437
18HR 6-24   1287    251    450    671    221    177     33     441
24HR 0-24   1321    255    462    674    225    178     33     450



 
 
 
 
*LOCATION   : ............................................................
*SITE NUMBER: 11804502
*FILE NUMBER:       24
*INTERVAL   :   15 MIN
*BATTERY    :    6.3 V
*RESTARTS   :        0
*CONFIG     :        0
*CHANNEL    :  1 OF  1
 
             MON    TUE    WED    THU    FRI    SAT    SUN    7-DAY
DATE    04/11/22     23     24     25     26     27     28   AVERAGE
 
START HOUR
 
    0          0      1      1      0      0      2      0       1
    1          0      0      0      0      0      0      1       0
    2          0      1      0      0      1      0      0       0
    3          2      0      0      0      0      0      0       0
    4          1      3      0      0      0      2      0       1
    5          1      0      1      0      0      0      0       0
    6          7      2      4      5      2      0      0       3
    7         13      4      7      6      9      2      2       6
    8          8      1      1      3      5      1      1       3
    9          1      5      6      4      3      1      0       3
   10          5      2      4      3      2      1      1       3
   11          3      2      6      1      1      2      5       3
   12          7      1      4      1      4      3      6       4
   13          4      1      6      2      1      4      1       3
   14         11      6      6      2      7      5      2       6
   15          6      4      4      5      4      3      4       4
   16          7      5     13      4      5      2      1       5
   17          4      2      4      6      4     22      3       6
   18          3      3      2      1      2      2      1       2
   19          5      3      2      4      2      1      1       3
   20          5      3      7      6      1      6      0       4
   21          2      0      2      5      3      0      1       2
   22          0      0      3      1      0      1      1       1
   23          0      0      1      0      2      0      1       1
 
TOTALS
 
12HR 7-19     72     36     63     38     47     48     27      47
16HR 6-22     91     44     78     58     55     55     29      59
18HR 6-24     91     44     82     59     57     56     31      60
24HR 0-24     95     49     84     59     58     60     32      62



 
 
 
 
*LOCATION   : ............................................................
*SITE NUMBER: 11804502
*FILE NUMBER:       24
*INTERVAL   :   15 MIN
*BATTERY    :    6.3 V
*RESTARTS   :        0
*CONFIG     :        0
*CHANNEL    :  1 OF  1
 
             MON    TUE    WED    THU    FRI    SAT    SUN    7-DAY
DATE    04/11/29     30     01     02     03     04     05   AVERAGE
 
START HOUR
 
    0          0      -      -      -      -      -      -       -
    1          0      -      -      -      -      -      -       -
    2          0      -      -      -      -      -      -       -
    3          0      -      -      -      -      -      -       -
    4          0      -      -      -      -      -      -       -
    5          6      -      -      -      -      -      -       -
    6          3      -      -      -      -      -      -       -
    7          4      -      -      -      -      -      -       -
    8          -      -      -      -      -      -      -       -
    9          -      -      -      -      -      -      -       -
   10          -      -      -      -      -      -      -       -
   11          -      -      -      -      -      -      -       -
   12          -      -      -      -      -      -      -       -
   13          -      -      -      -      -      -      -       -
   14          -      -      -      -      -      -      -       -
   15          -      -      -      -      -      -      -       -
   16          -      -      -      -      -      -      -       -
   17          -      -      -      -      -      -      -       -
   18          -      -      -      -      -      -      -       -
   19          -      -      -      -      -      -      -       -
   20          -      -      -      -      -      -      -       -
   21          -      -      -      -      -      -      -       -
   22          -      -      -      -      -      -      -       -
   23          -      -      -      -      -      -      -       -
 
TOTALS
 
12HR 7-19      -      -      -      -      -      -      -       -
16HR 6-22      -      -      -      -      -      -      -       -
18HR 6-24      -      -      -      -      -      -      -       -
24HR 0-24      -      -      -      -      -      -      -       -

 
