 
 
 
*LOCATION   : ............................................................
*SITE NUMBER: 10202508
*FILE NUMBER:        1
*INTERVAL   :   15 MIN
*BATTERY    :    6.5 V
*RESTARTS   :        0
*CONFIG     :        0
*CHANNEL    :  1 OF  1
 
             MON    TUE    WED    THU    FRI    SAT    SUN    7-DAY
DATE    09/06/15     16     17     18     19     20     21   AVERAGE
 
START HOUR
 
    0          -      8      6     14      8      8      9       -
    1          -      1      3      3      7      4      2       -
    2          -      1      2      1      2      1      0       -
    3          -      1      2      2      0      0      1       -
    4          -      3      2      4      0      1      0       -
    5          -     18     15     16      5      2      0       -
    6          -     93    106     94      7      6     12       -
    7          -    217    281    212      7      4      9       -
    8          -    188    236    190     15      8     13       -
    9          -     97    110    102     13     10     22       -
   10          -     53     65     53     15     35     50       -
   11          -     81     52     50     21     41     84       -
   12          -     56     59     58     12     59     79       -
   13         31     42     60     95     19     75     87      58
   14         38     58     62    129     30     68     71      65
   15         75    136    155    233     34     48     83     109
   16        174    236    259    179     32     42     71     142
   17        155    202    202    113     33     40     72     117
   18         94    139    136     66     27     40     77      83
   19         51    103     97     49     31     29     57      60
   20         32     81     74     37     20     16     55      45
   21         33     60     52     26     16     19     24      33
   22         13     23     29     14     29      9     28      21
   23          8     16     17      9     11      9     11      12
 
TOTALS
 
12HR 7-19      -   1505   1677   1480    258    470    718       -
16HR 6-22      -   1842   2006   1686    332    540    866       -
18HR 6-24      -   1881   2052   1709    372    558    905       -
24HR 0-24      -   1913   2082   1749    394    574    917       -
 
 
 
 
*LOCATION   : ............................................................
*SITE NUMBER: 10202508
*FILE NUMBER:        1
*INTERVAL   :   15 MIN
*BATTERY    :    6.5 V
*RESTARTS   :        0
*CONFIG     :        0
*CHANNEL    :  1 OF  1
 
             MON    TUE    WED    THU    FRI    SAT    SUN    7-DAY
DATE    09/06/22     23     24     25     26     27     28   AVERAGE
 
START HOUR
 
    0          8      5      7      8      6     17      6       8
    1          3      3      4      8      3     13      4       5
    2          3      2      3      1      2      2      1       2
    3          1      1      1      2      2      3      3       2
    4          0      4      6      2      4      2      2       3
    5         22     28     28     27     24      4      0      19
    6        106    135    141    133    117     21     11      95
    7        295    356    332    333    286     10     12     232
    8        267    318    343    287    287     28     18     221
    9        144    147    152    155    145     28     48     117
   10         70     84     80     74     79     40     78      72
   11         61    108     76     73    104     45    137      86
   12         71     77     78     80    125     54    167      93
   13         61     93     81     93     78     65    195      95
   14         88    110    127    142    131     84    157     120
   15        217    248    240    231    274     81    151     206
   16        332    393    389    352    291     75    138     281
   17        288    327    328    325    196     66    174     243
   18        207    246    224    241    137     43    135     176
   19        155    226    169    173    104     35     94     137
   20        138    170    118    146     69     28     84     108
   21         89     96     78     80     60     22     50      68
   22         30     42     47     42     40     21     38      37
   23         14     21     25     15     17     16     19      18
 
TOTALS
 
12HR 7-19   2101   2507   2450   2386   2133    619   1410    1944
16HR 6-22   2589   3134   2956   2918   2483    725   1649    2351
18HR 6-24   2633   3197   3028   2975   2540    762   1706    2406
24HR 0-24   2670   3240   3077   3023   2581    803   1722    2445
 
 
 
 
*LOCATION   : ............................................................
*SITE NUMBER: 10202508
*FILE NUMBER:        1
*INTERVAL   :   15 MIN
*BATTERY    :    6.5 V
*RESTARTS   :        0
*CONFIG     :        0
*CHANNEL    :  1 OF  1
 
             MON    TUE    WED    THU    FRI    SAT    SUN    7-DAY
DATE    09/06/29     30     01     02     03     04     05   AVERAGE
 
START HOUR
 
    0          7     11      8     11     15      9      8      10
    1          4      4      3      7      5      6      3       5
    2          1      1      4      5      4      4      1       3
    3          0      3      0      2      1      3      1       1
    4          3      3      4      2      3      3      0       3
    5         28     32     26     25     20      4      3      20
    6        127    155    131    135     95     14      9      95
    7        300    290    332    275    211     22      7     205
    8        282    282    268    290    221     27     20     199
    9        158    172    155    137     95     35     36     113
   10         82     71     89     80     47     49     44      66
   11         71    108     79     85     40     74     60      74
   12         83     79     73     95     40     80     63      73
   13         79     91     83     96     81     66     63      80
   14        118    120    106    122    109     89     70     105
   15        237    234    211    234    233     86     46     183
   16        377    377    339    344    240     71     52     257
   17        314    309    323    295    164     56     53     216
   18        159    192    212    181    134     58     58     142
   19        129    174    131    145     75     39     41     105
   20        124    117    115    120     70     27     48      89
   21         72     85     86     71     57     13     19      58
   22         41     52     41     50     35     10     19      35
   23         21     18     19     29     13      6     13      17
 
TOTALS
 
12HR 7-19   2260   2325   2270   2234   1615    713    572    1713
16HR 6-22   2712   2856   2733   2705   1912    806    689    2059
18HR 6-24   2774   2926   2793   2784   1960    822    721    2111
24HR 0-24   2817   2980   2838   2836   2008    851    737    2152
 
 
 
 
*LOCATION   : ............................................................
*SITE NUMBER: 10202508
*FILE NUMBER:        1
*INTERVAL   :   15 MIN
*BATTERY    :    6.5 V
*RESTARTS   :        0
*CONFIG     :        0
*CHANNEL    :  1 OF  1
 
             MON    TUE    WED    THU    FRI    SAT    SUN    7-DAY
DATE    09/07/06     07     08     09     10     11     12   AVERAGE
 
START HOUR
 
    0          4      9      5     10      7     10      8       8
    1          2      3      2      7      5      2      4       4
    2          1      1      2      1      3      3      1       2
    3          1      2      1      2      1      1      0       1
    4          2      0      2      3      1      4      2       2
    5         20     21     25     20     18      8      1      16
    6         96     99     88     35     63     10      7      57
    7        191    218    148     73    148     17      3     114
    8        202    185    130     55    140     28     15     108
    9        117    110     92     44     83     47     29      75
   10         73     74     58     32     66     55     54      59
   11         73     82     42     32     71     90     74      66
   12        109     69     72     33     70    118     99      81
   13         80     56     64     41     98     91    113      78
   14         91     66     90     41     96     95    122      86
   15        166    188    164     50    199     68    110     135
   16        256    170    221     85    166     68    115     154
   17        224    142    216     76    128     52    101     134
   18        191     87    143     72     99     50    121     109
   19        111     30    127     50     82     47     85      76
   20         98     24     99     57     73     33     80      66
   21         71     33     59     41     62      7     46      46
   22         31     15     31     21     28      9     27      23
   23         12      8     15     12     11      9     11      11
 
TOTALS
 
12HR 7-19   1773   1447   1440    634   1364    779    956    1199
16HR 6-22   2149   1633   1813    817   1644    876   1174    1444
18HR 6-24   2192   1656   1859    850   1683    894   1212    1478
24HR 0-24   2222   1692   1896    893   1718    922   1228    1510
 
 
 
 
*LOCATION   : ............................................................
*SITE NUMBER: 10202508
*FILE NUMBER:        1
*INTERVAL   :   15 MIN
*BATTERY    :    6.5 V
*RESTARTS   :        0
*CONFIG     :        0
*CHANNEL    :  1 OF  1
 
             MON    TUE    WED    THU    FRI    SAT    SUN    7-DAY
DATE    09/07/13     14     15     16     17     18     19   AVERAGE
 
START HOUR
 
    0          7      6     15      9      8     10      9       9
    1          0      6      3      6      6      5      7       5
    2          3      1      2      2      1      3      6       3
    3          2      1      2      2      3      1      3       2
    4          0      2      1      2      3      1      0       1
    5         20     26     18     23     20      4      1      16
    6         64     92     99     91     69     13     12      63
    7         97    189    192    180    144     13     11     118
    8         70    175    173    161    141     32     18     110
    9         44    115    118     87     92     51     43      79
   10         13     89     66     62     64     74     78      64
   11         17     78     63     87     61     83     86      68
   12         17     96     83    105     72     82     49      72
   13         15     14     89     91     91    103    137      77
   14         29      0     92     88    143     98    139      84
   15         77      0    180    200    184    117    126     126
   16        104      0    262    226    175    107    112     141
   17        101      0    223    198    135    101    103     123
   18         71      0    154    147     93     68     89      89
   19         83      0    117    109     66     54     81      73
   20         80      0    105    100     71     65     64      69
   21         42      0     68     59     25     24     36      36
   22         23      0     36     30     27     25     13      22
   23         11      2     21     13     18     16      8      13
 
TOTALS
 
12HR 7-19    655    756   1695   1632   1395    929    991    1150
16HR 6-22    924    848   2084   1991   1626   1085   1184    1392
18HR 6-24    958    850   2141   2034   1671   1126   1205    1426
24HR 0-24    990    892   2182   2078   1712   1150   1231    1462
 
 
 
 
*LOCATION   : ............................................................
*SITE NUMBER: 10202508
*FILE NUMBER:        1
*INTERVAL   :   15 MIN
*BATTERY    :    6.5 V
*RESTARTS   :        0
*CONFIG     :        0
*CHANNEL    :  1 OF  1
 
             MON    TUE    WED    THU    FRI    SAT    SUN    7-DAY
DATE    09/07/20     21     22     23     24     25     26   AVERAGE
 
START HOUR
 
    0          3      6      5     10      0      5      7       5
    1          1      3      3      6      0      6      6       4
    2          0      2      3      2      0      1      0       1
    3          2      2      1      1      0      4      2       2
    4          2      1      2      3      0      0      2       1
    5         20     22     19     22      0      5      3      13
    6         65     80     69     82      0     14     13      46
    7        133    163    110    178      0     10     13      87
    8        129    151    120    176      0     16     18      87
    9         53     92     54    100      0     42     23      52
   10         48     65     54     76      0     58     57      51
   11         27     52     61     79      0     79     70      53
   12         20     57     64     76      3     74    114      58
   13         22     60     67     81     67    105    135      77
   14         33     78     67     82    112    109    109      84
   15         90    154    144    144    144     82    107     124
   16        153    208    181      0    155     90    140     132
   17        124    154    158      0     83     76    108     100
   18        102     94     97      0     47     71    126      77
   19         84    101     84      0     22     54    105      64
   20         76     82     63      0     20     44     89      53
   21         44     64     46      0     16     29     55      36
   22         23     32     25      0     10     18     29      20
   23         13     16     16      0      6     11     10      10
 
TOTALS
 
12HR 7-19    934   1328   1177    992    611    812   1020     982
16HR 6-22   1203   1655   1439   1074    669    953   1282    1182
18HR 6-24   1239   1703   1480   1074    685    982   1321    1212
24HR 0-24   1267   1739   1513   1118    685   1003   1341    1238
 
 
 
 
*LOCATION   : ............................................................
*SITE NUMBER: 10202508
*FILE NUMBER:        1
*INTERVAL   :   15 MIN
*BATTERY    :    6.5 V
*RESTARTS   :        0
*CONFIG     :        0
*CHANNEL    :  1 OF  1
 
             MON    TUE    WED    THU    FRI    SAT    SUN    7-DAY
DATE    09/07/27     28     29     30     31     01     02   AVERAGE
 
START HOUR
 
    0          9      7     11      6      9      7     13       9
    1          2      5      4      4      2      3      6       4
    2          1      2      1      2      2      1      8       2
    3          0      0      1      2      0      2      2       1
    4          5      3      2      1      4      2      2       3
    5         18     24     19     26     20      8      5      17
    6         97    106     84     92     66     12     11      67
    7        205    225    144    218    140     15     12     137
    8        214    197    150    190    130     30     16     132
    9        100    115    108    105     92     33     34      84
   10         76     80     62     71     65     66     70      70
   11         70     79     54     90     41     87     59      69
   12         93     91     69     83     51     84     80      79
   13         92     53     82     84     66    102     87      81
   14        101    112     87    108     96     71     79      93
   15        192    202    167    212    132     61     96     152
   16        296    274    203    289    102     89     69     189
   17        234    203    188    205     65     68     51     145
   18        147    137    157    150     60     65     46     109
   19        145    108    117    135     29     66     69      96
   20        101     86    106    127     42     29     60      79
   21         65     45     72     64     25     30     33      48
   22         25     35     28     35     13     22     29      27
   23         18     14     12     17     13      8     19      14
 
TOTALS
 
12HR 7-19   1820   1768   1471   1805   1040    771    699    1339
16HR 6-22   2228   2113   1850   2223   1202    908    872    1628
18HR 6-24   2271   2162   1890   2275   1228    938    920    1669
24HR 0-24   2306   2203   1928   2316   1265    961    956    1705
 
 
 
 
*LOCATION   : ............................................................
*SITE NUMBER: 10202508
*FILE NUMBER:        1
*INTERVAL   :   15 MIN
*BATTERY    :    6.5 V
*RESTARTS   :        0
*CONFIG     :        0
*CHANNEL    :  1 OF  1
 
             MON    TUE    WED    THU    FRI    SAT    SUN    7-DAY
DATE    09/08/03     04     05     06     07     08     09   AVERAGE
 
START HOUR
 
    0          4      9      -      -      -      -      -       -
    1          2      3      -      -      -      -      -       -
    2          1      3      -      -      -      -      -       -
    3          2      2      -      -      -      -      -       -
    4          3      2      -      -      -      -      -       -
    5         17     25      -      -      -      -      -       -
    6        109    131      -      -      -      -      -       -
    7        270    305      -      -      -      -      -       -
    8        256    315      -      -      -      -      -       -
    9        119    142      -      -      -      -      -       -
   10         60     74      -      -      -      -      -       -
   11         67     80      -      -      -      -      -       -
   12         64     83      -      -      -      -      -       -
   13         75     84      -      -      -      -      -       -
   14        103     88      -      -      -      -      -       -
   15        199      -      -      -      -      -      -       -
   16        338      -      -      -      -      -      -       -
   17        235      -      -      -      -      -      -       -
   18        160      -      -      -      -      -      -       -
   19        113      -      -      -      -      -      -       -
   20        126      -      -      -      -      -      -       -
   21         61      -      -      -      -      -      -       -
   22         35      -      -      -      -      -      -       -
   23         13      -      -      -      -      -      -       -
 
TOTALS
 
12HR 7-19   1946      -      -      -      -      -      -       -
16HR 6-22   2355      -      -      -      -      -      -       -
18HR 6-24   2403      -      -      -      -      -      -       -
24HR 0-24   2432      -      -      -      -      -      -       -
 
