 
 
 
*LOCATION   : ............................................................
*SITE NUMBER: 10302523
*FILE NUMBER:        5
*INTERVAL   :   15 MIN
*BATTERY    :    6.9 V
*RESTARTS   :        0
*CONFIG     :        0
*CHANNEL    :  1 OF  1
 
             MON    TUE    WED    THU    FRI    SAT    SUN    7-DAY
DATE    09/06/15     16     17     18     19     20     21   AVERAGE
 
START HOUR
 
    0          -      4      8     17     10     12      5       -
    1          -      6      8      7      6      9      1       -
    2          -      1      3      4      5     13      9       -
    3          -      5      1      4      6      6      2       -
    4          -      1      1      4      3      6      1       -
    5          -     15     19     16      2      7      2       -
    6          -     67     89     70     12      9     14       -
    7          -    147    175    132      9     16     13       -
    8          -    108    140    143     13     10     12       -
    9          -     52     97     85     18     18     29       -
   10         26     35     44     46     20     30     53      36
   11         18     37     47     48     15     29     47      34
   12         24     43     44     52     27     51     64      44
   13         17     36     61     78     18     44     85      48
   14         14     61     80    127     15     40     83      60
   15         65    131    143    139     28     53     71      90
   16        111    168    184    150     14     32     67     104
   17         83     99    155     70     34     29     64      76
   18         45     76     91     67     29     41     76      61
   19         41     75     57     38     17     20     59      44
   20         26     65     67     41     14     24     55      42
   21         16     45     45     28     14     19     31      28
   22         23     21     24     23     12     18     19      20
   23          3     12     15     16      9     12     10      11
 
TOTALS
 
12HR 7-19      -    993   1261   1137    240    393    664       -
16HR 6-22      -   1245   1519   1314    297    465    823       -
18HR 6-24      -   1278   1558   1353    318    495    852       -
24HR 0-24      -   1310   1598   1405    350    548    872       -
 
 
 
 
*LOCATION   : ............................................................
*SITE NUMBER: 10302523
*FILE NUMBER:        5
*INTERVAL   :   15 MIN
*BATTERY    :    6.9 V
*RESTARTS   :        0
*CONFIG     :        0
*CHANNEL    :  1 OF  1
 
             MON    TUE    WED    THU    FRI    SAT    SUN    7-DAY
DATE    09/06/22     23     24     25     26     27     28   AVERAGE
 
START HOUR
 
    0         10      7     11     19     14     18     11      13
    1          3     11      7      9     11     28     12      12
    2          3      5      2      7      4     13      9       6
    3          3      5      5      3      6      9      4       5
    4          3      6      3      2      5      3     12       5
    5         33     29     42     25     30     11     12      26
    6        113    132    135    119    102     12     10      89
    7        213    272    270    269    195     16     16     179
    8        256    262    277    245    220     40     34     191
    9        118    127    127    123    117     41     52     101
   10         59     90     71     73     63     41     83      69
   11         68    100     88     86    113     51    153      94
   12         55    106     92     78     98     63    177      96
   13         88     92    109     86    119     94    175     109
   14        100    131    142    144    154     76    154     129
   15        233    259    259    260    236     76    166     213
   16        294    330    308    320    245     69    150     245
   17        248    257    284    242    171     76    146     203
   18        178    179    220    175    108     51    133     149
   19        112    142    129    138     86     23     92     103
   20        116    134    116    124     83     29     98     100
   21         66     77     72     81     75     26     65      66
   22         30     32     36     54     51     27     42      39
   23         12     21     29     15     38     18     26      23
 
TOTALS
 
12HR 7-19   1910   2205   2247   2101   1839    694   1439    1776
16HR 6-22   2317   2690   2699   2563   2185    784   1704    2135
18HR 6-24   2359   2743   2764   2632   2274    829   1772    2196
24HR 0-24   2414   2806   2834   2697   2344    911   1832    2263
 
 
 
 
*LOCATION   : ............................................................
*SITE NUMBER: 10302523
*FILE NUMBER:        5
*INTERVAL   :   15 MIN
*BATTERY    :    6.9 V
*RESTARTS   :        0
*CONFIG     :        0
*CHANNEL    :  1 OF  1
 
             MON    TUE    WED    THU    FRI    SAT    SUN    7-DAY
DATE    09/06/29     30     01     02     03     04     05   AVERAGE
 
START HOUR
 
    0         13     20     17     16     11     13      7      14
    1          9      9      9      8      9     16      8      10
    2          2      0      5      6      2      6      3       3
    3          4      6     10      8      7      5      6       7
    4          3      7      3     11     11      4      2       6
    5         33     35     27     34     28      4      8      24
    6        107    114    123    123     98     13     13      84
    7        247    270    231    249    195     18      9     174
    8        247    252    225    214    140     22     11     159
    9        104    135    114     89     74     40     44      86
   10         74     92     98     93     41     52     32      69
   11        112    130    114     98     30     96     67      92
   12         92    114     89    111     26     93     65      84
   13        128    109    110    111     48    120     54      97
   14        138    146    137    120     88     93     64     112
   15        272    288    285    262    172    103     58     206
   16        320    362    335    296    175     68     45     229
   17        255    228    221    249    116     72     63     172
   18        115    181    202    185    100     40     34     122
   19        108    157    133    115     65     36     56      96
   20        104    130    125    121     64     30     51      89
   21        114     97     92     71     43     19     33      67
   22         41     47     40     44     24     21     12      33
   23         32     28     33     29     18     13      5      23
 
TOTALS
 
12HR 7-19   2104   2307   2161   2077   1205    817    546    1602
16HR 6-22   2537   2805   2634   2507   1475    915    699    1939
18HR 6-24   2610   2880   2707   2580   1517    949    716    1994
24HR 0-24   2674   2957   2778   2663   1585    997    750    2058
 
 
 
 
*LOCATION   : ............................................................
*SITE NUMBER: 10302523
*FILE NUMBER:        5
*INTERVAL   :   15 MIN
*BATTERY    :    6.9 V
*RESTARTS   :        0
*CONFIG     :        0
*CHANNEL    :  1 OF  1
 
             MON    TUE    WED    THU    FRI    SAT    SUN    7-DAY
DATE    09/07/06     07     08     09     10     11     12   AVERAGE
 
START HOUR
 
    0          7      6      4      8      7     12      9       8
    1          6     12      5      9      9      5      3       7
    2          1      0      1      7      1     10      6       4
    3          1      2      1      2      0      9      4       3
    4          5      6      5      2      2      7      4       4
    5         30     59     17     16     18      3      4      21
    6         90     96     75     21     58     21      2      52
    7        188    157    117     29     98     11      5      86
    8        163    158    105     38    111     27      7      87
    9         83     84     61     25     64     57     24      57
   10         50     61     41     17     57     78     43      50
   11         92     92     49     30     68     86     59      68
   12         73     87     52     36     92    119     94      79
   13         94     81     78     58    111     83    117      89
   14        118     96     92     51    119     76    137      98
   15        163    163    157     44    136     84    133     126
   16        249    159    158     50    148     76     96     134
   17        149     72    148     46    117     71    133     105
   18        129     39    125     49     93     44    135      88
   19         98     18     83     39     86     50     80      65
   20         70     20     84     53     66     39     92      61
   21         68     25     83     40     46     18     64      49
   22         29     10     31     20     33     17     39      26
   23         21      8     13     13     21     13     15      15
 
TOTALS
 
12HR 7-19   1551   1249   1183    473   1214    812    983    1066
16HR 6-22   1877   1408   1508    626   1470    940   1221    1293
18HR 6-24   1927   1426   1552    659   1524    970   1275    1333
24HR 0-24   1977   1511   1585    703   1561   1016   1305    1380
 
 
 
 
*LOCATION   : ............................................................
*SITE NUMBER: 10302523
*FILE NUMBER:        5
*INTERVAL   :   15 MIN
*BATTERY    :    6.9 V
*RESTARTS   :        0
*CONFIG     :        0
*CHANNEL    :  1 OF  1
 
             MON    TUE    WED    THU    FRI    SAT    SUN    7-DAY
DATE    09/07/13     14     15     16     17     18     19   AVERAGE
 
START HOUR
 
    0         12     13     12      9     10     20     23      14
    1         12      5      6     16     18     10      9      11
    2          2      1      2      3      3     10     17       5
    3          2      3      1      4      4      4      5       3
    4          6      1     11      6      5      5     10       6
    5         15     16     19     15     21      5      1      13
    6         40     85     74     72     62     10     10      50
    7         48    149    151    145    133     11     24      94
    8         44    147    136    119    110     32      8      85
    9         23     80     83     69     76     61     48      63
   10          9     85     68     73    102     74     58      67
   11         15    110     62    108    105    105     82      84
   12         11    104     89    106    109    108     98      89
   13         15    101     81     94     83    119    141      91
   14         11    129    105    136    138    122    124     109
   15         51    177    189    168    160    120    115     140
   16         65    248    230    218    187    105    109     166
   17         54    155    162    174    125     83    105     123
   18         65    132    132    120     82     85    112     104
   19         41     83    100    108     63     87     66      78
   20         58     91     97    106     48     62     62      75
   21         29     65     59     63     50     41     45      50
   22         16     31     50     49     40     33     28      35
   23         10     25     16     23     37     26      5      20
 
TOTALS
 
12HR 7-19    411   1617   1488   1530   1410   1025   1024    1215
16HR 6-22    579   1941   1818   1879   1633   1225   1207    1469
18HR 6-24    605   1997   1884   1951   1710   1284   1240    1524
24HR 0-24    654   2036   1935   2004   1771   1338   1305    1578
 
 
 
 
*LOCATION   : ............................................................
*SITE NUMBER: 10302523
*FILE NUMBER:        5
*INTERVAL   :   15 MIN
*BATTERY    :    6.9 V
*RESTARTS   :        0
*CONFIG     :        0
*CHANNEL    :  1 OF  1
 
             MON    TUE    WED    THU    FRI    SAT    SUN    7-DAY
DATE    09/07/20     21     22     23     24     25     26   AVERAGE
 
START HOUR
 
    0          4     13     13     12     15      4     11      10
    1          6      5      8      5      9     11     15       8
    2          1      0      2      7      3      2     13       4
    3          4      2      2      1      4      4      6       3
    4          7      5      3     10      4      3     10       6
    5         14     22     19     20     24      6      8      16
    6         53     66     48     83     61     19     12      49
    7         98    109     76    128    103     12     11      77
    8         97    108     94    124     94     19     18      79
    9         43     69     47     90     67     37     25      54
   10         30     44     30     64     66     47     44      46
   11         39     62     52     85     70     75     56      63
   12         13     68     69     88     69     72     71      64
   13         20     69     63     84     66    102    106      73
   14         31     80     68    106    112     97    122      88
   15         72    143    132    171    160    100    124     129
   16        111    178    140    200    127     73    123     136
   17         81    111    142    162     68     70     95     104
   18         75    121     81    128     37     69    112      89
   19         69     81     74     97     23     60     96      71
   20         62     80     63     80     20     35     65      58
   21         55     53     53     57     16     32     47      45
   22         20     28     30     46      9     22     32      27
   23         20     18     14     19     11     16     25      18
 
TOTALS
 
12HR 7-19    710   1162    994   1430   1039    773    907    1002
16HR 6-22    949   1442   1232   1747   1159    919   1127    1225
18HR 6-24    989   1488   1276   1812   1179    957   1184    1269
24HR 0-24   1025   1535   1323   1867   1238    987   1247    1317
 
 
 
 
*LOCATION   : ............................................................
*SITE NUMBER: 10302523
*FILE NUMBER:        5
*INTERVAL   :   15 MIN
*BATTERY    :    6.9 V
*RESTARTS   :        0
*CONFIG     :        0
*CHANNEL    :  1 OF  1
 
             MON    TUE    WED    THU    FRI    SAT    SUN    7-DAY
DATE    09/07/27     28     29     30     31     01     02   AVERAGE
 
START HOUR
 
    0          5     15     10      9     16      7     14      11
    1          3      9      5      4      8      8      9       7
    2          5      3      7     12      4      6      6       6
    3          4      1      4      2      4      4      7       4
    4          7      7      5      5      4      5      4       5
    5         18     23     18     23     24      4     11      17
    6         85     86     61     81     52      9     10      55
    7        174    183    106    159    101      7      9     106
    8        148    179    120    191    107     16     19     111
    9         92     89     62     96     51     52     30      67
   10         90     86     43     89     81     55     54      71
   11         76     77     57    106     56     76     69      74
   12         94     85     78    136     63     80     80      88
   13         95     91     88    100     80     87     66      87
   14        118    108     94    110     68     88     85      96
   15        210    181    161    225    107     64     60     144
   16        273    238    210    270     70     66     43     167
   17        190    168    178    193     20     60     57     124
   18        128    122    113    133     33     90     35      93
   19        110    108    102    122     28     58     47      82
   20         83     72    124    107     21     41     52      71
   21         49     43     85     79     22     32     30      49
   22         33     36     43     32     14     27     25      30
   23         21     25     16     15     12     11     12      16
 
TOTALS
 
12HR 7-19   1688   1607   1310   1808    837    741    607    1228
16HR 6-22   2015   1916   1682   2197    960    881    746    1485
18HR 6-24   2069   1977   1741   2244    986    919    783    1531
24HR 0-24   2111   2035   1790   2299   1046    953    834    1581
 
 
 
 
*LOCATION   : ............................................................
*SITE NUMBER: 10302523
*FILE NUMBER:        5
*INTERVAL   :   15 MIN
*BATTERY    :    6.9 V
*RESTARTS   :        0
*CONFIG     :        0
*CHANNEL    :  1 OF  1
 
             MON    TUE    WED    THU    FRI    SAT    SUN    7-DAY
DATE    09/08/03     04     05     06     07     08     09   AVERAGE
 
START HOUR
 
    0          9      -      -      -      -      -      -       -
    1          6      -      -      -      -      -      -       -
    2          2      -      -      -      -      -      -       -
    3          5      -      -      -      -      -      -       -
    4          8      -      -      -      -      -      -       -
    5         20      -      -      -      -      -      -       -
    6         89      -      -      -      -      -      -       -
    7        200      -      -      -      -      -      -       -
    8        218      -      -      -      -      -      -       -
    9         90      -      -      -      -      -      -       -
   10         43      -      -      -      -      -      -       -
   11         64      -      -      -      -      -      -       -
   12         71      -      -      -      -      -      -       -
   13          -      -      -      -      -      -      -       -
   14          -      -      -      -      -      -      -       -
   15          -      -      -      -      -      -      -       -
   16          -      -      -      -      -      -      -       -
   17          -      -      -      -      -      -      -       -
   18          -      -      -      -      -      -      -       -
   19          -      -      -      -      -      -      -       -
   20          -      -      -      -      -      -      -       -
   21          -      -      -      -      -      -      -       -
   22          -      -      -      -      -      -      -       -
   23          -      -      -      -      -      -      -       -
 
TOTALS
 
12HR 7-19      -      -      -      -      -      -      -       -
16HR 6-22      -      -      -      -      -      -      -       -
18HR 6-24      -      -      -      -      -      -      -       -
24HR 0-24      -      -      -      -      -      -      -       -
 
