 
 
 
*LOCATION   : ............................................................
*SITE NUMBER: 10802503
*FILE NUMBER:        2
*INTERVAL   :   15 MIN
*BATTERY    :    5.9 V
*RESTARTS   :        0
*CONFIG     :        0
*CHANNEL    :  1 OF  1
 
             WED    THU    FRI    SAT    SUN    MON    TUE    7-DAY
DATE    09/06/17     18     19     20     21     22     23   AVERAGE
 
START HOUR
 
    0          -     10     15      4      6      8      3       -
    1          -     13      6      6      7      2      1       -
    2          -      7      4      5      1      3      4       -
    3          -      6      4      2      4      4      4       -
    4          -      1      2      5      3      1      3       -
    5          -     17      1      6      3     14     14       -
    6          -     53      2      9     10     59     70       -
    7          -    111     11      9      9    140    175       -
    8          -    177      8      9     12    218    258       -
    9          -    113     14     13     32    130    143       -
   10          -     64     12     28     31     84    109       -
   11         83     85     19     36     58     89     93      66
   12         95     83     13     52     89     78     94      72
   13         93    114     18     66     98    119    114      89
   14         88    127     15     71     84    131    137      93
   15        126    187     22     45     71    196    227     125
   16        223    163     26     35     70    265    301     155
   17        186    109     20     42     99    249    292     142
   18        149     91     19     35     89    196    231     116
   19        112     60     10     24     63    181    221      96
   20        108     39      9     17     67    127    178      78
   21         55     38     12     21     36     93    116      53
   22         53     17      8     18     22     40     63      32
   23         22     11     10      5      6     27     37      17
 
TOTALS
 
12HR 7-19      -   1424    197    441    742   1895   2174       -
16HR 6-22      -   1614    230    512    918   2355   2759       -
18HR 6-24      -   1642    248    535    946   2422   2859       -
24HR 0-24      -   1696    280    563    970   2454   2888       -

 















 
 
 
*LOCATION   : ............................................................
*SITE NUMBER: 10802503
*FILE NUMBER:        2
*INTERVAL   :   15 MIN
*BATTERY    :    5.9 V
*RESTARTS   :        0
*CONFIG     :        0
*CHANNEL    :  1 OF  1
 
             WED    THU    FRI    SAT    SUN    MON    TUE    7-DAY
DATE    09/06/24     25     26     27     28     29     30   AVERAGE
 
START HOUR
 
    0         13     26     22     28     23     14     13      20
    1          6     14      7     21     10      5      2       9
    2          5      5      3     16     13      2      4       7
    3          3     13      4     14      8      7      6       8
    4          3      7      9      8     12      5      6       7
    5         12     18     13     10      5     18     17      13
    6         87     68     68     12      8     55     84      55
    7        182    165    167     18     11    170    174     127
    8        274    258    213     28     30    222    236     180
    9        159    155    148     51     47    128    147     119
   10        102    108    101     49     81     86    113      91
   11        118    103    134     56     75     95    105      98
   12        117     98    131     79    138    109    119     113
   13        110    109    120    103    124    136    119     117
   14        149    120    145    149    166    126    112     138
   15        229    181    228    130    154    202    192     188
   16        315    304    250    139    145    297    304     251
   17        317    268    183     86    138    253    236     212
   18        207    219    183     68    124    140    223     166
   19        177    194    122     47    134    141    177     142
   20        157    190    103     40    117    137    128     125
   21        118     98     96     44     98     83    107      92
   22         66     71     72     32     47     36     45      53
   23         38     41     41     17     30     22     26      31
 
TOTALS
 
12HR 7-19   2279   2088   2003    956   1233   1964   2080    1800
16HR 6-22   2818   2638   2392   1099   1590   2380   2576    2213
18HR 6-24   2922   2750   2505   1148   1667   2438   2647    2297
24HR 0-24   2964   2833   2563   1245   1738   2489   2695    2361

 
 
 
 
*LOCATION   : ............................................................
*SITE NUMBER: 10802503
*FILE NUMBER:        2
*INTERVAL   :   15 MIN
*BATTERY    :    5.9 V
*RESTARTS   :        0
*CONFIG     :        0
*CHANNEL    :  1 OF  1
 
             WED    THU    FRI    SAT    SUN    MON    TUE    7-DAY
DATE    09/07/01     02     03     04     05     06     07   AVERAGE
 
START HOUR
 
    0         13   6005      0      0      0      0      0     860
    1          7   2955      0      0      0      0      0     423
    2          5   1454      0      0      0      0      0     208
    3          5      0      0      0      0      0      0       1
    4          8      0      0      0      0      0      0       1
    5         21      0      0      0      0      0      0       3
    6         97      0      0      0      0      0      0      14
    7        321      0      0      0      0      0      0      46
    8        433      0      0      0      0      0      0      62
    9        253      0      0      0      0      0      0      36
   10        275      0      0      0      0      0      0      39
   11        226      0      0      0      0      0      0      32
   12        283      0      0      0      0      0      0      40
   13        366      0      0      0      0      0      0      52
   14        325      0      0      0      0      0      0      46
   15        678      0      0      0      0      0      0      97
   16        857      0      0      0      0      0      0     122
   17        876      0      0      0      0      0      0     125
   18        715      0      0      0      0      0      0     102
   19        517      0      0      0      0      0      0      74
   20        482      0      0      0      0      0      0      69
   21        282      0      0      0      0      0      0      40
   22        173      0      0      0      0      0      0      25
   23       2242      0      0      0      0      0      0     320
 
TOTALS
 
12HR 7-19   5608      0      0      0      0      0      0     801
16HR 6-22   6986      0      0      0      0      0      0     998
18HR 6-24   9401      0      0      0      0      0      0    1343
24HR 0-24   9460  10414      0      0      0      0      0    2839

 
