 
 
 
*LOCATION   : ............................................................
*SITE NUMBER: 11802519
*FILE NUMBER:        8
*INTERVAL   :   15 MIN
*BATTERY    :    6.1 V
*RESTARTS   :        0
*CONFIG     :        0
*CHANNEL    :  1 OF  1
 
             MON    TUE    WED    THU    FRI    SAT    SUN    7-DAY
DATE    09/06/15     16     17     18     19     20     21   AVERAGE
 
START HOUR
 
    0          -      2      4      6      5      7      1       -
    1          -      1      1      0      1      3      1       -
    2          -      1      2      0      2      2      1       -
    3          -      0      3      0      1      2      0       -
    4          -      0      2      0      0      8      0       -
    5          -     11     16      9      1      3      0       -
    6          -     57     68     49      4      3     11       -
    7          -     88     85     74     10      6     14       -
    8          -     33     37     38      9      9     17       -
    9          -     21     35     39     18     15     35       -
   10          -     30     30     43     19     17     52       -
   11         13     38     47     55     25     50     70      43
   12         12     33     51     53     23     49     95      45
   13         10     61     66     75     17     52     84      52
   14         18     52     49    101     25     63     83      56
   15         45     66     85     67     27     48     90      61
   16         62     91    101     90     23     53     62      69
   17         51     89     84     57     25     43    101      64
   18         33     60     61     34     28     28     84      47
   19         25     47     73     42     16     21     88      45
   20         16     43     53     34     19     13     54      33
   21         16     31     32     16      5     13     41      22
   22          5     16     18     13     16      8     17      13
   23         10      9      4      3     17      3     10       8
 
TOTALS
 
12HR 7-19      -    662    731    726    249    433    787       -
16HR 6-22      -    840    957    867    293    483    981       -
18HR 6-24      -    865    979    883    326    494   1008       -
24HR 0-24      -    880   1007    898    336    519   1011       -
 
 
 
 
*LOCATION   : ............................................................
*SITE NUMBER: 11802519
*FILE NUMBER:        8
*INTERVAL   :   15 MIN
*BATTERY    :    6.1 V
*RESTARTS   :        0
*CONFIG     :        0
*CHANNEL    :  1 OF  1
 
             MON    TUE    WED    THU    FRI    SAT    SUN    7-DAY
DATE    09/06/22     23     24     25     26     27     28   AVERAGE
 
START HOUR
 
    0          6     10     13      2      4      5      5       6
    1          3      3      7      4      5      2      1       4
    2          3      1      4      5      3      5      7       4
    3          1      0      0      4      2      1      7       2
    4          1      2      3      1      1      1      1       1
    5         18     23     15     12     15      2      3      13
    6         63     82     82     96     62      5      6      57
    7        111    111    122    123    103     12     12      85
    8         54     58     64     40     44     15     26      43
    9         38     52     43     57     42     39     41      45
   10         54     45     64     48     48     40     89      55
   11         49     64     69     60     43     30     98      59
   12         61     68     67     63     55     28     92      62
   13         42     70     68     83     71     46    120      71
   14         93     93     82     90    103     62    125      93
   15        119    121    126    134     93     64    121     111
   16        142    146    155    153     98     49    110     122
   17        132    146    125    123    109     47    117     114
   18        115    129    123    110     88     29    113     101
   19         93    109     94    111     82     24     84      85
   20         85     89     59     79     61     32     70      68
   21         40     62     46     51     37     14     36      41
   22         15     21     25     13     18     16     27      19
   23         12     11     14     14     14     10     15      13
 
TOTALS
 
12HR 7-19   1010   1103   1108   1084    897    461   1064     961
16HR 6-22   1291   1445   1389   1421   1139    536   1260    1212
18HR 6-24   1318   1477   1428   1448   1171    562   1302    1244
24HR 0-24   1350   1516   1470   1476   1201    578   1326    1274
 
 
 
 
*LOCATION   : ............................................................
*SITE NUMBER: 11802519
*FILE NUMBER:        8
*INTERVAL   :   15 MIN
*BATTERY    :    6.1 V
*RESTARTS   :        0
*CONFIG     :        0
*CHANNEL    :  1 OF  1
 
             MON    TUE    WED    THU    FRI    SAT    SUN    7-DAY
DATE    09/06/29     30     01     02     03     04     05   AVERAGE
 
START HOUR
 
    0          4      3      1      1     12      3      0       3
    1          0      0      5      7      3      5      2       3
    2          2      1      3      7      1      0      2       2
    3          0      7      0      1      0      1      1       1
    4          1      3      1      1      3      3      1       2
    5         22     22     24     19     21      4      0      16
    6         68     85     69     76     65      8      5      54
    7         88    108    101     82     80     13      9      69
    8         51     59     47     53     42     14     16      40
    9         56     62     31     37     30     16     24      37
   10         47     62     58     65     35     54     34      51
   11         69     62     70     51     26     54     45      54
   12         50     55     41     79     24     71     43      52
   13         61     93     66     62     46     73     44      64
   14         79     86    102     71     77     89     47      79
   15        110    151    111    100     87     77     64     100
   16        125    166    130    164    108     57     32     112
   17        102    110    107    117     80     31     53      86
   18         63    104    122    103     62     40     42      77
   19         80    122    105     87     48     34     65      77
   20         79     78     64     79     45     31     27      58
   21         41     60     49     67     44     10     26      42
   22         21     35     18     27     16      9     16      20
   23          9     15     13     12      5      1      8       9
 
TOTALS
 
12HR 7-19    901   1118    986    984    697    589    453     818
16HR 6-22   1169   1463   1273   1293    899    672    576    1049
18HR 6-24   1199   1513   1304   1332    920    682    600    1079
24HR 0-24   1228   1549   1338   1368    960    698    606    1107
 
 
 
 
*LOCATION   : ............................................................
*SITE NUMBER: 11802519
*FILE NUMBER:        8
*INTERVAL   :   15 MIN
*BATTERY    :    6.1 V
*RESTARTS   :        0
*CONFIG     :        0
*CHANNEL    :  1 OF  1
 
             MON    TUE    WED    THU    FRI    SAT    SUN    7-DAY
DATE    09/07/06     07     08     09     10     11     12   AVERAGE
 
START HOUR
 
    0          2      2      2      8      4      4      0       3
    1          4      6      3      4      0      1      3       3
    2          1      1      2      1      2      0      0       1
    3          3      2      1      2      2      3      3       2
    4          3      1      2      2      5      4      2       3
    5          6      9      7     10      4      0      1       5
    6         56     58     37     21     36      6      4      31
    7         76     71     52     22     50     10      3      41
    8         38     34     32      8     20     25     14      24
    9         35     41     19     11     28     55     27      31
   10         38     46     47     15     40     68     42      42
   11         58     63     29     19     54     69     56      50
   12         50     50     27     31     55     70    100      55
   13         65     52     41     37     64     82     78      60
   14         71     33     50     33     61     69     88      58
   15        106     65     85     29     71     57     74      70
   16        104     72     97     34     90     56     91      78
   17        101     25     87     25     64     39     82      60
   18         77     22     83     46     57     49     86      60
   19         69      6     64     43     45     37     68      47
   20         42     14     59     35     38     28     54      39
   21         40     12     42     31     26      6     36      28
   22         18      9      9     14     10     18     28      15
   23          7      2     10      5      7      4     10       6
 
TOTALS
 
12HR 7-19    819    574    649    310    654    649    741     628
16HR 6-22   1026    664    851    440    799    726    903     773
18HR 6-24   1051    675    870    459    816    748    941     794
24HR 0-24   1070    696    887    486    833    760    950     812
 
 
 
 
*LOCATION   : ............................................................
*SITE NUMBER: 11802519
*FILE NUMBER:        8
*INTERVAL   :   15 MIN
*BATTERY    :    6.1 V
*RESTARTS   :        0
*CONFIG     :        0
*CHANNEL    :  1 OF  1
 
             MON    TUE    WED    THU    FRI    SAT    SUN    7-DAY
DATE    09/07/13     14     15     16     17     18     19   AVERAGE
 
START HOUR
 
    0          0      9      2      3      1      3      3       3
    1          0      0      7      6      0      9      6       4
    2          1      2      1      4      0      0      2       1
    3          0      3      3      1      1      0      2       1
    4          3      0      0      7      4      3      0       2
    5          9     13     13     12     13      5      2      10
    6         22     43     50     40     40      8      7      30
    7         30     68     62     74     63     20     13      47
    8         10     41     49     24     35     23     16      28
    9          6     48     40     38     48     36     41      37
   10          5     61     51     50     50     55     53      46
   11         10     52     69     73     47     62     75      55
   12          8     74     62     54     67    100    100      66
   13         14     64     56     69     65    104     80      65
   14         10     68     87     78     72     77    112      72
   15         29    117     87     93     78     92     91      84
   16         50     81    107    104     83     75     90      84
   17         62     60    101     98     67     69     72      76
   18         43     74     89     78     61     69     77      70
   19         53     72     86     76     42     30     68      61
   20         33     50     63     47     36     59     41      47
   21         17     38     47     36     38     23     29      33
   22         12     22     34     20      8     14     16      18
   23          8     10      8     11      3      6      4       7
 
TOTALS
 
12HR 7-19    277    808    860    833    736    782    820     731
16HR 6-22    402   1011   1106   1032    892    902    965     901
18HR 6-24    422   1043   1148   1063    903    922    985     927
24HR 0-24    435   1070   1174   1096    922    942   1000     948
 
 
 
 
*LOCATION   : ............................................................
*SITE NUMBER: 11802519
*FILE NUMBER:        8
*INTERVAL   :   15 MIN
*BATTERY    :    6.1 V
*RESTARTS   :        0
*CONFIG     :        0
*CHANNEL    :  1 OF  1
 
             MON    TUE    WED    THU    FRI    SAT    SUN    7-DAY
DATE    09/07/20     21     22     23     24     25     26   AVERAGE
 
START HOUR
 
    0          0      2      2      6      7      6      4       4
    1          1      1      5      3      4      2      6       3
    2          0      4      0      0      0      2      1       1
    3          0      0      3      6      0      1      2       2
    4          1      0      0      3      0      2      4       1
    5         10      9     10     12     10      1      4       8
    6         32     36     31     54     38     10      7      30
    7         57     47     33     66     43      6      8      37
    8         21     38     26     35     39     15     28      29
    9         14     47     25     38     44     32     27      32
   10         22     38     21     47     49     35     41      36
   11         37     46     46     58     61     64     91      58
   12         18     52     50     72     61     60     83      57
   13         17     42     51     72     70     64     79      56
   14         24     53     59     68     63     89     80      62
   15         37     75     96     84     70     84    102      78
   16         41     92     75    107     49     82     87      76
   17         50     72     71     70     51     62    116      70
   18         39     48     68     88     23     46     91      58
   19         50     52     63     72      8     47     83      54
   20         42     40     48     62     10     40     47      41
   21         38     33     37     22     13     28     56      32
   22         22     21     21     21      5     15     20      18
   23          7      7      6     11      4      5     10       7
 
TOTALS
 
12HR 7-19    377    650    621    805    623    639    833     650
16HR 6-22    539    811    800   1015    692    764   1026     807
18HR 6-24    568    839    827   1047    701    784   1056     832
24HR 0-24    580    855    847   1077    722    798   1077     851
 
 
 
 
*LOCATION   : ............................................................
*SITE NUMBER: 11802519
*FILE NUMBER:        8
*INTERVAL   :   15 MIN
*BATTERY    :    6.1 V
*RESTARTS   :        0
*CONFIG     :        0
*CHANNEL    :  1 OF  1
 
             MON    TUE    WED    THU    FRI    SAT    SUN    7-DAY
DATE    09/07/27     28     29     30     31     01     02   AVERAGE
 
START HOUR
 
    0          1      6      4      9     10      4      3       5
    1          2      2      0      4      7      1      1       2
    2          2      0      2      4      1      1      6       2
    3          2      0      1      4      5      0      1       2
    4          3      0      0      2      3      0      2       1
    5         16     12     10     14      7      4      1       9
    6         48     49     39     44     38      6     10      33
    7         57     69     51     69     43     13     12      45
    8         43     40     19     37     23     28     16      29
    9         59     45     24     39     26     26     57      39
   10         42     54     36     41     42     51     63      47
   11         56     71     46     55     32     65     49      53
   12         63     56     55     69     40     47     34      52
   13         68     62     64     57     40     56     52      57
   14         59     63     64     83     44     63     51      61
   15        105     91     81     97     66     58     49      78
   16        107    103     97    103     30     56     59      79
   17        100     82     98     87     21     61     26      68
   18         92     68    101    105     14     59     32      67
   19         88     50     78    106     16     48     56      63
   20         63     50     75     78     16     43     45      53
   21         43     34     47     57     16     30     23      36
   22         20      7     18     22      6      6     15      13
   23         12      4     26     11      7      3      8      10
 
TOTALS
 
12HR 7-19    851    804    736    842    421    583    500     677
16HR 6-22   1093    987    975   1127    507    710    634     862
18HR 6-24   1125    998   1019   1160    520    719    657     885
24HR 0-24   1151   1018   1036   1197    553    729    671     908
 
 
 
 
*LOCATION   : ............................................................
*SITE NUMBER: 11802519
*FILE NUMBER:        8
*INTERVAL   :   15 MIN
*BATTERY    :    6.1 V
*RESTARTS   :        0
*CONFIG     :        0
*CHANNEL    :  1 OF  1
 
             MON    TUE    WED    THU    FRI    SAT    SUN    7-DAY
DATE    09/08/03     04     05     06     07     08     09   AVERAGE
 
START HOUR
 
    0          6      6      -      -      -      -      -       -
    1          1      2      -      -      -      -      -       -
    2          0      3      -      -      -      -      -       -
    3          2      0      -      -      -      -      -       -
    4          1      2      -      -      -      -      -       -
    5         10     14      -      -      -      -      -       -
    6         63     67      -      -      -      -      -       -
    7         71     96      -      -      -      -      -       -
    8         49     66      -      -      -      -      -       -
    9         31      -      -      -      -      -      -       -
   10         34      -      -      -      -      -      -       -
   11         46      -      -      -      -      -      -       -
   12         73      -      -      -      -      -      -       -
   13         66      -      -      -      -      -      -       -
   14         62      -      -      -      -      -      -       -
   15        105      -      -      -      -      -      -       -
   16        129      -      -      -      -      -      -       -
   17         98      -      -      -      -      -      -       -
   18         68      -      -      -      -      -      -       -
   19        101      -      -      -      -      -      -       -
   20         72      -      -      -      -      -      -       -
   21         50      -      -      -      -      -      -       -
   22         20      -      -      -      -      -      -       -
   23          6      -      -      -      -      -      -       -
 
TOTALS
 
12HR 7-19    832      -      -      -      -      -      -       -
16HR 6-22   1118      -      -      -      -      -      -       -
18HR 6-24   1144      -      -      -      -      -      -       -
24HR 0-24   1164      -      -      -      -      -      -       -
 
