 
 
 
*LOCATION   : ............................................................
*SITE NUMBER: 12002520
*FILE NUMBER:        1
*INTERVAL   :   15 MIN
*BATTERY    :    6.3 V
*RESTARTS   :        0
*CONFIG     :        0
*CHANNEL    :  1 OF  1
 
             TUE    WED    THU    FRI    SAT    SUN    MON    7-DAY
DATE    09/06/16     17     18     19     20     21     22   AVERAGE
 
START HOUR
 
    0          -      5      9      3      3      2      1       -
    1          -      2      6      2      0      0      2       -
    2          -      3      3      1      0      0      1       -
    3          -      0      2      0      1      0      0       -
    4          -      1      2      0      2      0      3       -
    5          -     10      7      1      0      1      9       -
    6          -     42     33      9      5      6     47       -
    7          -    146    112      4      8     10    157       -
    8          -    156    149     11      6      9    198       -
    9          -     75     65     15     10     27     75       -
   10         42     43     37     11     18     20     58      33
   11         45     38     55     24     31     53     59      44
   12         43     39     65     12     36     61     66      46
   13         64     33     61      7     68     63     66      52
   14         49     69     89     15     53     74     75      61
   15         92     82    124     14     44     45    134      76
   16        136    142    122     17     42     46    202     101
   17        137    142     59     21     43     62    161      89
   18         96     98     65     20     31     48    149      72
   19         87     82     32     12     19     33     89      51
   20         59     74     28      9      9     39     70      41
   21         48     49     21      6      8     20     41      28
   22         20     56     13     12     11     14     25      22
   23          9     14      3      3      5      3      5       6
 
TOTALS
 
12HR 7-19      -   1063   1003    171    390    518   1400       -
16HR 6-22      -   1310   1117    207    431    616   1647       -
18HR 6-24      -   1380   1133    222    447    633   1677       -
24HR 0-24      -   1401   1162    229    453    636   1693       -
 
 
 
 
*LOCATION   : ............................................................
*SITE NUMBER: 12002520
*FILE NUMBER:        1
*INTERVAL   :   15 MIN
*BATTERY    :    6.3 V
*RESTARTS   :        0
*CONFIG     :        0
*CHANNEL    :  1 OF  1
 
             TUE    WED    THU    FRI    SAT    SUN    MON    7-DAY
DATE    09/06/23     24     25     26     27     28     29   AVERAGE
 
START HOUR
 
    0          1      7      5     13     10      3      4       6
    1          2      0      7      2      4      5      0       3
    2          1      3      2      6      6      2      1       3
    3          0      2      2      0      2      3      1       1
    4          4      1      3      2      1      3      1       2
    5          8     10     11     12      3      4      7       8
    6         56     62     56     58     14      6     65      45
    7        189    182    169    172     14      6    180     130
    8        224    219    213    183     25     17    182     152
    9        123     95    104     85     36     34     87      81
   10         86     65     90     63     38     46     62      64
   11         58     81     87     67     37     78     74      69
   12         54     78     56     62     52     99     63      66
   13         65     79     75     59     47     88     72      69
   14         94     73     95    105     85     92     91      91
   15        129    152    132    152     54    100    134     122
   16        224    226    172    171     72    104    216     169
   17        206    193    170     99     49     90    178     141
   18        143    158    116     85     41     99    101     106
   19        112    115     93     60     30     65     87      80
   20        104     91     80     46     16     54     69      66
   21         68     55     47     46     14     41     39      44
   22         27     38     24     22      7     24     22      23
   23         16     16     16     11     11      9     12      13
 
TOTALS
 
12HR 7-19   1595   1601   1479   1303    550    853   1440    1260
16HR 6-22   1935   1924   1755   1513    624   1019   1700    1496
18HR 6-24   1978   1978   1795   1546    642   1052   1734    1532
24HR 0-24   1994   2001   1825   1581    668   1072   1748    1556
 
 
 
 
*LOCATION   : ............................................................
*SITE NUMBER: 12002520
*FILE NUMBER:        1
*INTERVAL   :   15 MIN
*BATTERY    :    6.3 V
*RESTARTS   :        0
*CONFIG     :        0
*CHANNEL    :  1 OF  1
 
             TUE    WED    THU    FRI    SAT    SUN    MON    7-DAY
DATE    09/06/30     01     02     03     04     05     06   AVERAGE
 
START HOUR
 
    0          2      2      4      8      8      1      2       4
    1          3      2      7      5      4      1      1       3
    2          2      0      3      0      1      4      1       2
    3          0      2      1      2      2      1      2       1
    4          1      2      1      3      0      2      1       1
    5          9      9      9      3      2      3      7       6
    6         65     51     66     56     10      4     40      42
    7        169    187    155    135     20      6    136     115
    8        173    183    184    134     17      6    119     117
    9        100     95     78     63     27     15     69      64
   10         64     66     64     50     25     39     42      50
   11         57     67     65     38     49     35     58      53
   12         77     75     84     41     58     49     58      63
   13         65     75     65     34     73     44     56      59
   14         73     72    100     67     69     52     71      72
   15        159    140    142    125     54     47     89     108
   16        200    198    179    123     55     41    153     136
   17        147    154    150    104     47     43    153     114
   18        145    124    114     86     47     42    101      94
   19         96     94     99     67     22     32     95      72
   20         82     85     75     54     24     33     58      59
   21         57     45     45     20     10     27     45      36
   22         24     27     27     26      8      9     20      20
   23         12      8      8     12      5      7      8       9
 
TOTALS
 
12HR 7-19   1429   1436   1380   1000    541    419   1105    1044
16HR 6-22   1729   1711   1665   1197    607    515   1343    1252
18HR 6-24   1765   1746   1700   1235    620    531   1371    1281
24HR 0-24   1782   1763   1725   1256    637    543   1385    1299
 
 
 
 
*LOCATION   : ............................................................
*SITE NUMBER: 12002520
*FILE NUMBER:        1
*INTERVAL   :   15 MIN
*BATTERY    :    6.3 V
*RESTARTS   :        0
*CONFIG     :        0
*CHANNEL    :  1 OF  1
 
             TUE    WED    THU    FRI    SAT    SUN    MON    7-DAY
DATE    09/07/07     08     09     10     11     12     13   AVERAGE
 
START HOUR
 
    0          2      2      5      1      3      3      4       3
    1          1      0      3      1      1      0      0       1
    2          2      0      1      2      4      5      0       2
    3          1      0      0      0      1      0      1       0
    4          2      2      2      2      2      2      3       2
    5          9      5      5      3      1      0      6       4
    6         57     38     20     34      8      1     22      26
    7        139     93     43     90     15      3     41      61
    8        117     83     28     70     16      9     39      52
    9         68     48     20     48     26     11     19      34
   10         65     37     20     53     67     19     10      39
   11         71     55     21     62     76     33     12      47
   12         73     39     35     68     72     67     10      52
   13         58     49     28     54     60     76      5      47
   14         79     55     51     86     74     66     13      61
   15        105     95     38    107     57     66     30      71
   16         98    135     38    105     60     83     44      80
   17         79    124     38     82     37    114     54      75
   18         43     81     48     64     31     57     43      52
   19         24     87     47     51     34     61     56      51
   20         16     68     35     32     18     51     32      36
   21          5     42     25     34     10     44     19      26
   22          8     10      7     21      3     23     17      13
   23          4     10      3     10      2      9      5       6
 
TOTALS
 
12HR 7-19    995    894    408    889    591    604    320     672
16HR 6-22   1097   1129    535   1040    661    761    449     810
18HR 6-24   1109   1149    545   1071    666    793    471     829
24HR 0-24   1126   1158    561   1080    678    803    485     842
 
 
 
 
*LOCATION   : ............................................................
*SITE NUMBER: 12002520
*FILE NUMBER:        1
*INTERVAL   :   15 MIN
*BATTERY    :    6.3 V
*RESTARTS   :        0
*CONFIG     :        0
*CHANNEL    :  1 OF  1
 
             TUE    WED    THU    FRI    SAT    SUN    MON    7-DAY
DATE    09/07/14     15     16     17     18     19     20   AVERAGE
 
START HOUR
 
    0          3      5      1      4      4      7      2       4
    1          1      3      1      2      4     10      0       3
    2          0      1      1      4      3      2      3       2
    3          2      2      2      1      4      3      1       2
    4          2      1      1      4      0      0      1       1
    5          8      6     10      6      1      0      3       5
    6         47     48     35     44     12      4     33      32
    7        115    111     97     85     14     10     61      70
    8        123    114    119     75     19      8     73      76
    9         58     59     55     66     31     21     39      47
   10         66     36     45     53     68     43     34      49
   11         62     47     70     64     56     57     33      56
   12         81     74     82     62     77     57     14      64
   13         66     43     66     69     85     59     22      59
   14         77     78     86     70     67     90     26      71
   15        119    117    101     89     70     81     51      90
   16        158    157    134    107     68     74     84     112
   17        131    140    109     91     32     46     75      89
   18        104    109    127     57     39     61     58      79
   19         58     89     61     41     31     48     51      54
   20         64     73     52     41     22     43     28      46
   21         37     45     42     33     16     18     22      30
   22         20     16     13      8     19      9      7      13
   23          7     12     10      5      4      5      4       7
 
TOTALS
 
12HR 7-19   1160   1085   1091    888    626    607    570     861
16HR 6-22   1366   1340   1281   1047    707    720    704    1024
18HR 6-24   1393   1368   1304   1060    730    734    715    1043
24HR 0-24   1409   1386   1320   1081    746    756    725    1060
 
 
 
 
*LOCATION   : ............................................................
*SITE NUMBER: 12002520
*FILE NUMBER:        1
*INTERVAL   :   15 MIN
*BATTERY    :    6.3 V
*RESTARTS   :        0
*CONFIG     :        0
*CHANNEL    :  1 OF  1
 
             TUE    WED    THU    FRI    SAT    SUN    MON    7-DAY
DATE    09/07/21     22     23     24     25     26     27   AVERAGE
 
START HOUR
 
    0          1      1      2      6      1      7      3       3
    1          1      0      1      2      0      5      2       2
    2          3      2      0      5      1      2      0       2
    3          2      0      0      2      1      1      0       1
    4          2      1      1      2      0      4      1       2
    5          7      8      9      8      2      4      7       6
    6         32     27     39     32      7      5     31      25
    7         97     54     88     68      6      7    120      63
    8         90     71    108     86     16     14    124      73
    9         54     52     71     47     35     18     50      47
   10         61     42     63     51     41     26     62      49
   11         56     36     60     47     60     37     75      53
   12         48     52     60     57     80     63     82      63
   13         61     53     58     62     66     87     64      64
   14         79     56     60     74     62     76     93      71
   15         82     76    108     86     64     74    144      91
   16        123     81    150     85     69     68    169     106
   17         91     97     97     52     54     86    130      87
   18         84     90     83     28     60     83    103      76
   19         77     76     88     15     31     43     76      58
   20         61     54     61      9     33     53     68      48
   21         26     35     33     10     15     28     33      26
   22         12     11     23      4     11     13     26      14
   23         10      2     11      5     10      9     13       9
 
TOTALS
 
12HR 7-19    926    760   1006    743    613    639   1216     843
16HR 6-22   1122    952   1227    809    699    768   1424    1000
18HR 6-24   1144    965   1261    818    720    790   1463    1023
24HR 0-24   1160    977   1274    843    725    813   1476    1038
 
 
 
 
*LOCATION   : ............................................................
*SITE NUMBER: 12002520
*FILE NUMBER:        1
*INTERVAL   :   15 MIN
*BATTERY    :    6.3 V
*RESTARTS   :        0
*CONFIG     :        0
*CHANNEL    :  1 OF  1
 
             TUE    WED    THU    FRI    SAT    SUN    MON    7-DAY
DATE    09/07/28     29     30     31     01     02     03   AVERAGE
 
START HOUR
 
    0          1      7      4      4      2      4      1       3
    1          2      2      2      2      4      6      2       3
    2          3      1      2      1      0      7      0       2
    3          1      0      0      3      0      5      0       1
    4          1      3      6      2      0      3      1       2
    5         11      8     10      7      4      0     11       7
    6         37     30     31     23     15      5     51      27
    7        112     69    107     63     13      6    159      76
    8        127     93    114     69     14      9    165      84
    9         85     53     80     42     23     26     82      56
   10         53     43     63     49     29     32      -       -
   11         69     43     65     60     47     51      -       -
   12         65     44     58     61     71     57      -       -
   13         64     57     60     51     53     59      -       -
   14         81     69     82     65     65     59      -       -
   15        121     79    120     65     55     57      -       -
   16        149    137    155     55     44     52      -       -
   17        143    120    138     29     42     31      -       -
   18         90     77    107     23     41     27      -       -
   19         78     81     81     21     28     40      -       -
   20         44     69     63     16     33     31      -       -
   21         20     47     39     12     15     22      -       -
   22         18     13     21      6     10     11      -       -
   23          4      5      5      2      6      5      -       -
 
TOTALS
 
12HR 7-19   1159    884   1149    632    497    466      -       -
16HR 6-22   1338   1111   1363    704    588    564      -       -
18HR 6-24   1360   1129   1389    712    604    580      -       -
24HR 0-24   1379   1150   1413    731    614    605      -       -
 
