 
 
 
*LOCATION   : ............................................................
*SITE NUMBER: 11201913
*FILE NUMBER:        1
*INTERVAL   :   15 MIN
*BATTERY    :    6.4 V
*RESTARTS   :        0
*CONFIG     :        0
*CHANNEL    :  1 OF  1
 
             MON    TUE    WED    THU    FRI    SAT    SUN    7-DAY
DATE    09/05/04     05     06     07     08     09     10   AVERAGE
 
START HOUR
 
    0          -      0      0      0      2      6      2       -
    1          -      0      0      0      0      2      2       -
    2          -      0      0      0      0      0      1       -
    3          -      0      0      0      0      0      0       -
    4          -      0      0      0      1      0      0       -
    5          -      0      0      0      7      1      2       -
    6          -      0      0      0     58      5      3       -
    7          -      0      0      0     91     13      7       -
    8          -      0      0      0     68     16     15       -
    9          -      0      0      0     54     21     32       -
   10          -      0      0      0     34     13     77       -
   11          -      0      0      0     42      9    100       -
   12          -      0      0      0     45     12     87       -
   13          -      0      0      1     60     13    112       -
   14          -      0      0     74     72     10     88       -
   15          0      0      0    113     99     13     65      41
   16          0      0      0    125    116     14     87      49
   17          0      0      0     83     77     29    122      44
   18          0      0      0     80     80     27    107      42
   19          0      0      0     66     72     26     69      33
   20          0      0      0     56     39     18     41      22
   21          0      0      0     34     22     11     22      13
   22          0      0      0      7      8      2      8       4
   23          0      0      0      4      4      3      6       2
 
TOTALS
 
12HR 7-19      -      0      0    476    838    190    899       -
16HR 6-22      -      0      0    632   1029    250   1034       -
18HR 6-24      -      0      0    643   1041    255   1048       -
24HR 0-24      -      0      0    643   1051    264   1055       -
 
 
 
 
*LOCATION   : ............................................................
*SITE NUMBER: 11201913
*FILE NUMBER:        1
*INTERVAL   :   15 MIN
*BATTERY    :    6.4 V
*RESTARTS   :        0
*CONFIG     :        0
*CHANNEL    :  1 OF  1
 
             MON    TUE    WED    THU    FRI    SAT    SUN    7-DAY
DATE    09/05/11     12     13     14     15     16     17   AVERAGE
 
START HOUR
 
    0          0      1      1      8      1      3      3       2
    1          0      2      0      4      3      2     10       3
    2          1      0      0      0      0      2      0       0
    3          0      0      1      0      1      1      0       0
    4          4      2      1      1      2      0      1       2
    5         12      9     12     12     13      5      2       9
    6         41     61     76     57     34      4      8      40
    7         99     97    102     98     82      7      6      70
    8         74     73     82     85     56     12     11      56
    9         34     38     47     29     30     36     35      36
   10         28     26     43     26     20     54     59      37
   11         24     44     43     33     34     79    138      56
   12         25     39     52     29     38     85    134      57
   13         46     44     49     32     38     97    117      60
   14         28     55     44     41     60     83    132      63
   15         79     90     95     62    116     77    126      92
   16         90    122    123    105    113     85    110     107
   17         62     98     94     77     75     57    111      82
   18         37     99     69     51     49     62    100      67
   19         38     77     74     51     58     39     74      59
   20         32     44     62     32     38     33     49      41
   21         13     24     31     25     23     22     19      22
   22          5      9      7      6     13      7     13       9
   23          3      3      2      8     11      9      5       6
 
TOTALS
 
12HR 7-19    626    825    843    668    711    734   1079     784
16HR 6-22    750   1031   1086    833    864    832   1229     946
18HR 6-24    758   1043   1095    847    888    848   1247     961
24HR 0-24    775   1057   1110    872    908    861   1263     978
 
 
 
 
*LOCATION   : ............................................................
*SITE NUMBER: 11201913
*FILE NUMBER:        1
*INTERVAL   :   15 MIN
*BATTERY    :    6.4 V
*RESTARTS   :        0
*CONFIG     :        0
*CHANNEL    :  1 OF  1
 
             MON    TUE    WED    THU    FRI    SAT    SUN    7-DAY
DATE    09/05/18     19     20     21     22     23     24   AVERAGE
 
START HOUR
 
    0          3      0      3      5      3      1      2       2
    1          1      1      0      1      0      0      1       1
    2          0      0      0      1      1      0      1       0
    3          1      0      1      1      0      2      3       1
    4          2      4      2      1      1      0      1       2
    5         15      6     14      1     13      3      1       8
    6         61     47     52      9     35      5     10      31
    7        124     92     99      5     55     13      9      57
    8         90     65     75      5     77      9      7      47
    9         44     32     46     16     59     12     37      35
   10         37     14     29     34     50     19     86      38
   11         51     23     37     69     39     35    101      51
   12         48     34     42     88     67     34    127      63
   13         58     33     41     89     68     19    147      65
   14         69     32     57     79     69     33    132      67
   15        125     85     94     80     72     42    106      86
   16        172    112     97    103    101     37     78     100
   17        120     78     91     67     53     37    118      81
   18        122     88     73     61     40     53     88      75
   19         79     53     62     45     29     38     65      53
   20         66     38     67     31     26     29     58      45
   21         35     25     32     22     15     19     25      25
   22          6      8     14     11      5     14     14      10
   23          3      4      7      5      2      2      6       4
 
TOTALS
 
12HR 7-19   1060    688    781    696    750    343   1036     765
16HR 6-22   1301    851    994    803    855    434   1194     919
18HR 6-24   1310    863   1015    819    862    450   1214     933
24HR 0-24   1332    874   1035    829    880    456   1223     947
 
 
 
 
*LOCATION   : ............................................................
*SITE NUMBER: 11201913
*FILE NUMBER:        1
*INTERVAL   :   15 MIN
*BATTERY    :    6.4 V
*RESTARTS   :        0
*CONFIG     :        0
*CHANNEL    :  1 OF  1
 
             MON    TUE    WED    THU    FRI    SAT    SUN    7-DAY
DATE    09/05/25     26     27     28     29     30     31   AVERAGE
 
START HOUR
 
    0          1      4      4      4      -      -      -       -
    1          1      0      0      0      -      -      -       -
    2          1      1      1      0      -      -      -       -
    3          0      0      2      0      -      -      -       -
    4          1      1      3      2      -      -      -       -
    5         15     21     14     13      -      -      -       -
    6         72     87     61     68      -      -      -       -
    7        126    138     87    119      -      -      -       -
    8        100    101     72     78      -      -      -       -
    9         62     61     25     38      -      -      -       -
   10         40     63     33     44      -      -      -       -
   11         63     51     26     46      -      -      -       -
   12         66     71     17     55      -      -      -       -
   13         86     69     20      -      -      -      -       -
   14         84     78     19      -      -      -      -       -
   15        136    139     74      -      -      -      -       -
   16        175    160     80      -      -      -      -       -
   17        155    138     52      -      -      -      -       -
   18        133    116     38      -      -      -      -       -
   19        103     93     19      -      -      -      -       -
   20        108     69     35      -      -      -      -       -
   21         50     44     23      -      -      -      -       -
   22         18     15      5      -      -      -      -       -
   23          6      8      4      -      -      -      -       -
 
TOTALS
 
12HR 7-19   1226   1185    543      -      -      -      -       -
16HR 6-22   1559   1478    681      -      -      -      -       -
18HR 6-24   1583   1501    690      -      -      -      -       -
24HR 0-24   1602   1528    714      -      -      -      -       -
 
