 
 
 
*LOCATION   : ............................................................
*SITE NUMBER: 11601901
*FILE NUMBER:        3
*INTERVAL   :   15 MIN
*BATTERY    :    6.4 V
*RESTARTS   :        0
*CONFIG     :        0
*CHANNEL    :  1 OF  1
 
             TUE    WED    THU    FRI    SAT    SUN    MON    7-DAY
DATE    09/05/05     06     07     08     09     10     11   AVERAGE
 
START HOUR
 
    0          -      1      5      2      4      1      2       -
    1          -      0      1      0      2      1      1       -
    2          -      1      2      3      1      3      1       -
    3          -      1      1      1      0      1      1       -
    4          -      2      1      1      0      1      2       -
    5          -     12     16     10      1      3     16       -
    6          -     18     47     39      9      8     46       -
    7          -     67     94     77     13      5     79       -
    8          -     56     88     95     36      8     92       -
    9          -     28     51     61     35     11     48       -
   10          -     32     56     78     33     23     49       -
   11          -     49     66     74     14     38     51       -
   12          -     25     70     81     26     59     59       -
   13          -     65     84    115     46     76     60       -
   14          -     59    106     94     56     50     71       -
   15        111     93    123    124     71     43    114      97
   16        147    114    112    135     77     47     99     104
   17        118     79    120     91     72     58    100      91
   18        110     83    117     97     26     42     52      75
   19         67     73     92     72     10     48     58      60
   20         57     65     67     56     13     34     41      48
   21         18     21     28     21     14     19     21      20
   22          9      8     15     12     14      9      9      11
   23          4      3      7      5      1      2      0       3
 
TOTALS
 
12HR 7-19      -    750   1087   1122    505    460    874       -
16HR 6-22      -    927   1321   1310    551    569   1040       -
18HR 6-24      -    938   1343   1327    566    580   1049       -
24HR 0-24      -    955   1369   1344    574    590   1072       -
 
 
 
 
*LOCATION   : ............................................................
*SITE NUMBER: 11601901
*FILE NUMBER:        3
*INTERVAL   :   15 MIN
*BATTERY    :    6.4 V
*RESTARTS   :        0
*CONFIG     :        0
*CHANNEL    :  1 OF  1
 
             TUE    WED    THU    FRI    SAT    SUN    MON    7-DAY
DATE    09/05/12     13     14     15     16     17     18   AVERAGE
 
START HOUR
 
    0          0      0      5      2      6      5      3       3
    1          1      2      3      1      3      7      1       3
    2          4      1      2      2      4      4      1       3
    3          1      0      1      0      1      1      1       1
    4          3      1      3      2      2      2      5       3
    5         19     21     16     14      3      2     13      13
    6         45     47     43     46      7      8     52      35
    7         93    120     92     89     19      7    103      75
    8        103     91    107     75     34      6    105      74
    9         75     52     47     48     49     28     72      53
   10         64     41     47     43     84     33     66      54
   11         68     42     50     61     82     49     64      59
   12         58     72     66     51    119    136     73      82
   13         72     72     65     86     97    106    101      86
   14         84    106     70     99    104    101     82      92
   15        140    113    101    114    102     95    141     115
   16        161    129    116    114     95    103    158     125
   17        140     94     96     82     97     75    142     104
   18        114     88     86     83     58     89     98      88
   19         76     71     53     72     30     62     77      63
   20         51     67     50     29     19     51     52      46
   21         34     32     19     20     16     23     25      24
   22         17     11     15     17      9      6      8      12
   23          0      1      2      2      3      4      5       2
 
TOTALS
 
12HR 7-19   1172   1020    943    945    940    828   1205    1008
16HR 6-22   1378   1237   1108   1112   1012    972   1411    1176
18HR 6-24   1395   1249   1125   1131   1024    982   1424    1190
24HR 0-24   1423   1274   1155   1152   1043   1003   1448    1214
 
 
 
 
*LOCATION   : ............................................................
*SITE NUMBER: 11601901
*FILE NUMBER:        3
*INTERVAL   :   15 MIN
*BATTERY    :    6.4 V
*RESTARTS   :        0
*CONFIG     :        0
*CHANNEL    :  1 OF  1
 
             TUE    WED    THU    FRI    SAT    SUN    MON    7-DAY
DATE    09/05/19     20     21     22     23     24     25   AVERAGE
 
START HOUR
 
    0          1      4      8      2      5      2      1       3
    1          0      1      4      5      1      2      3       2
    2          1      4      4      1      3      5      2       3
    3          1      0      0      0      2      1      1       1
    4          2      1      1      3      0      5      2       2
    5         10     10      3      9      5      4     19       9
    6         50     52      7     32      8     12     63      32
    7         86     99      6     58     10     11    126      57
    8         90     91      8     46     20     12    100      52
    9         41     58     20     57     32     26     91      46
   10         42     78     23     66     40     44     62      51
   11         58     76     33     93     63     53     71      64
   12         45     92     34     83     63     91     75      69
   13         51     80     43    116     54     92     70      72
   14         75     97     42    120     65    110     95      86
   15         80    117     55    106     53    100    134      92
   16        129    107     52     97     63     72    180     100
   17        121    103     35     82     50     89    157      91
   18         93    106     48     54     29     61    148      77
   19         76     79     29     41     15     58    100      57
   20         53     58     22     21     19     43     84      43
   21         37     24     19     17     13     33     33      25
   22          6     15     15     11      8     17     16      13
   23          5      5      7      2      3      8      5       5
 
TOTALS
 
12HR 7-19    911   1104    399    978    542    761   1309     858
16HR 6-22   1127   1317    476   1089    597    907   1589    1015
18HR 6-24   1138   1337    498   1102    608    932   1610    1032
24HR 0-24   1153   1357    518   1122    624    951   1638    1052
 
 
 
 
*LOCATION   : ............................................................
*SITE NUMBER: 11601901
*FILE NUMBER:        3
*INTERVAL   :   15 MIN
*BATTERY    :    6.4 V
*RESTARTS   :        0
*CONFIG     :        0
*CHANNEL    :  1 OF  1
 
             TUE    WED    THU    FRI    SAT    SUN    MON    7-DAY
DATE    09/05/26     27     28     29     30     31     01   AVERAGE
 
START HOUR
 
    0          4      2      0      -      -      -      -       -
    1          0      3      2      -      -      -      -       -
    2          1      1      2      -      -      -      -       -
    3          1      1      0      -      -      -      -       -
    4          1      0      1      -      -      -      -       -
    5         19     14     16      -      -      -      -       -
    6         64     44     52      -      -      -      -       -
    7        122     88    106      -      -      -      -       -
    8        104     91    100      -      -      -      -       -
    9         70     51     70      -      -      -      -       -
   10         90     61     73      -      -      -      -       -
   11         71     39     53      -      -      -      -       -
   12         75     30     68      -      -      -      -       -
   13         80     29      -      -      -      -      -       -
   14         84     53      -      -      -      -      -       -
   15        145     80      -      -      -      -      -       -
   16        174    108      -      -      -      -      -       -
   17        145     78      -      -      -      -      -       -
   18         91     65      -      -      -      -      -       -
   19         83     53      -      -      -      -      -       -
   20         52     40      -      -      -      -      -       -
   21         31     28      -      -      -      -      -       -
   22         16      8      -      -      -      -      -       -
   23          5      4      -      -      -      -      -       -
 
TOTALS
 
12HR 7-19   1251    773      -      -      -      -      -       -
16HR 6-22   1481    938      -      -      -      -      -       -
18HR 6-24   1502    950      -      -      -      -      -       -
24HR 0-24   1528    971      -      -      -      -      -       -
 
