*LOCATION	: ..	........	.......	.......	.......	.......	.......	...............
*SITE NUMB	ER: 11	701909						
*FILE NUMB	ER:	10						
*INTERVAL	:	15 MIN						
*BATTERY	:	6.1 V						
*RESTARTS	:	0						
*CONFIG	:	12						
*CHANNEL	:  1	OF  2						
								
	TUE	WED	THU	FRI	SAT	SUN	MON	7-DAY
DATE    09	/05/05	6	7	8	9	10	11	AVERAGE
								
START HOUR								
								
0	-	13	20	18	27	27	34	-
1	-	10	9	9	26	20	24	-
2	-	1	4	6	10	16	8	-
3	-	1	3	4	10	9	7	-
4	-	1	3	2	6	16	1	-
5	-	18	20	21	11	4	5	-
6	-	90	84	94	27	16	4	-
7	-	269	258	278	38	26	26	-
8	-	392	340	400	74	37	98	-
9	-	241	215	260	88	60	256	-
10	163	170	174	189	84	95	376	-
11	158	165	166	208	78	123	227	-
12	193	161	180	182	92	179	158	148
13	189	145	168	183	104	149	157	151
14	182	153	204	242	145	177	153	163
15	261	203	233	289	123	152	148	155
16	326	266	334	341	123	144	152	179
17	331	296	307	285	102	151	150	214
18	249	180	220	187	74	150	145	262
19	176	139	171	161	59	135	130	248
20	139	139	143	98	62	91	150	182
21	97	86	89	78	47	50	80	145
22	51	42	48	50	42	39	40	114
23	22	26	30	40	44	16	51	71
								
TOTALS								
								
12HR 7-19	-	2273	2376	2687	987	1162	2285	-
16HR 6-22	-	2889	3077	3322	1228	1614	2942	-
18HR 6-24	-	3114	3309	3498	1337	1755	3120	-
24HR 0-24	2464	3139	3345	3535	1410	1827	2580	-
								
								
								
								
*LOCATION	: ..	........	.......	.......	.......	.......	.......	...............
*SITE NUMB	ER: 11	701909						
*FILE NUMB	ER:	10						
*INTERVAL	:	15 MIN						
*BATTERY	:	6.1 V						
*RESTARTS	:	0						
*CONFIG	:	12						
*CHANNEL	:  1	OF  2						
								
	TUE	WED	THU	FRI	SAT	SUN	MON	7-DAY
DATE    09	/05/12	13	14	15	16	17	18	AVERAGE
								
START HOUR								
								
0	15	15	19	17	34	26	9	42
1	10	12	12	8	29	36	7	29
2	0	2	5	2	15	25	2	19
3	2	1	0	4	14	15	1	16
4	1	5	6	6	16	15	5	7
5	23	19	20	23	11	6	23	5
6	99	102	99	89	26	15	111	8
7	264	269	255	241	44	27	288	18
8	393	415	388	370	83	38	439	77
9	248	236	256	225	125	60	277	198
10	155	194	170	184	135	116	169	304
11	171	182	179	145	212	168	171	204
12	203	188	189	177	205	204	157	160
13	161	194	183	172	201	235	189	175
14	169	208	180	215	185	196	200	189
15	237	243	235	249	186	205	262	191
16	360	345	302	343	156	216	347	193
17	326	309	296	262	162	192	379	231
18	254	271	225	214	136	166	273	296
19	187	158	156	143	110	147	205	275
20	181	135	135	106	67	123	144	220
21	99	96	99	93	67	68	90	158
22	44	43	40	52	31	43	57	127
23	22	26	30	52	33	26	27	87
								
TOTALS								
								
12HR 7-19	2483	2595	2456	2433	1569	1486	2633	2236
16HR 6-22	3251	3338	3139	3058	1993	2006	3495	2897
18HR 6-24	3531	3569	3373	3257	2127	2197	3729	3112
24HR 0-24	3624	3668	3479	3392	2283	2368	3832	3231
								
								
								
								
*LOCATION	: ..	........	.......	.......	.......	.......	.......	...............
*SITE NUMB	ER: 11	701909						
*FILE NUMB	ER:	10						
*INTERVAL	:	15 MIN						
*BATTERY	:	6.1 V						
*RESTARTS	:	0						
*CONFIG	:	12						
*CHANNEL	:  1	OF  2						
								
	TUE	WED	THU	FRI	SAT	SUN	MON	7-DAY
DATE    09	/05/19	20	21	22	23	24	25	AVERAGE
								
START HOUR								
								
0	11	15	41	16	25	34	65	47
1	12	8	18	7	23	19	41	33
2	4	4	24	2	7	14	12	22
3	2	1	20	4	8	26	4	13
4	4	6	6	4	8	5	4	8
5	20	25	5	15	6	3	3	9
6	109	99	21	74	22	15	6	6
7	273	237	32	171	28	26	20	13
8	422	409	40	261	30	49	108	64
9	258	226	69	198	81	73	304	153
10	154	188	83	166	108	113	439	236
11	171	192	100	166	107	188	293	171
12	185	187	139	163	82	194	190	143
13	165	194	138	172	88	211	197	160
14	173	211	142	192	86	246	178	161
15	211	274	155	259	92	183	221	170
16	307	337	152	276	104	182	206	179
17	303	295	151	224	108	161	303	211
18	245	213	115	143	80	134	405	252
19	236	138	104	132	69	140	391	233
20	168	139	85	93	67	95	320	179
21	111	93	57	80	77	71	242	152
22	49	62	40	49	33	42	242	127
23	40	48	29	30	34	23	154	92
								
TOTALS								
								
12HR 7-19	2448	2579	1076	2113	834	1483	2864	1914
16HR 6-22	3236	3231	1452	2616	1099	1923	3823	2483
18HR 6-24	3515	3463	1594	2789	1243	2089	4219	2702
24HR 0-24	3633	3601	1766	2897	1373	2247	4348	2835
								
								
								
								
*LOCATION	: ..	........	.......	.......	.......	.......	.......	...............
*SITE NUMB	ER: 11	701909						
*FILE NUMB	ER:	10						
*INTERVAL	:	15 MIN						
*BATTERY	:	6.1 V						
*RESTARTS	:	0						
*CONFIG	:	12						
*CHANNEL	:  1	OF  2						
								
	TUE	WED	THU	FRI	SAT	SUN	MON	7-DAY
DATE    09	/05/26	27	28	29	30	31	1	AVERAGE
								
START HOUR								
								
0	17	18	18	28	32	40	18	58
1	10	8	15	14	24	22	5	40
2	4	1	6	6	18	20	4	24
3	0	1	8	4	15	21	2	14
4	6	6	8	3	17	16	7	8
5	23	21	26	23	20	13	31	7
6	122	102	121	105	28	17	115	9
7	321	237	265	265	49	23	330	22
8	454	408	400	355	80	53	470	87
9	264	238	289	279	137	142	277	213
10	213	177	209	201	168	374	237	317
11	207	146	192	190	208	201	233	232
12	200	150	202	196	217	287	197	226
13	212	301	213	222	205	270	-	197
14	220	158	193	230	233	277	-	207
15	315	232	222	305	195	264	-	-
16	434	319	338	392	201	272	-	-
17	414	286	300	351	201	236	-	-
18	326	212	240	237	162	212	-	-
19	250	173	184	166	133	222	-	-
20	200	118	176	146	106	177	-	-
21	145	79	111	107	97	129	-	-
22	67	38	53	55	64	63		-
23	47	31	35	46	48	29		-
								
TOTALS								
								
12HR 7-19	2985	2489	2670	2763	1741	2193	-	-
16HR 6-22	3981	3166	3402	3520	2254	2879	-	-
18HR 6-24	4326	3363	3689	3773	2457	3185	-	-
24HR 0-24	4471	3460	3824	3926	2658	3380	1926	-
								
								
								
								
*LOCATION	: ..	........	.......	.......	.......	.......	.......	...............
*SITE NUMB	ER: 11	701909						
*FILE NUMB	ER:	10						
*INTERVAL	:	15 MIN						
*BATTERY	:	6.1 V						
*RESTARTS	:	0						
*CONFIG	:	12						
*CHANNEL	:  2	OF  2						
								
	TUE	WED	THU	FRI	SAT	SUN	MON	7-DAY
DATE    09	/05/05	6	7	8	9	10	11	AVERAGE
								
START HOUR								
								
0	-	2	4	4	10	6	5	-
1	-	2	2	3	9	2	1	-
2	-	1	2	1	4	0	1	-
3	-	1	1	0	1	1	2	-
4	-	1	0	1	3	3	0	-
5	-	7	3	4	2	0	5	-
6	-	35	39	41	8	8	49	-
7	-	89	139	123	7	3	127	-
8	-	120	158	157	14	18	171	-
9	-	69	87	84	17	21	72	-
10	41	23	42	45	7	46	43	-
11	43	22	37	48	11	64	19	-
12	39	30	40	57	9	84	44	35
13	42	30	48	57	21	71	44	35
14	55	31	57	81	18	79	25	43
15	105	77	103	135	26	73	67	45
16	162	116	143	146	16	53	131	49
17	148	135	151	119	25	70	106	84
18	109	78	119	77	25	63	91	110
19	79	78	74	46	20	51	47	108
20	75	55	61	55	17	56	50	80
21	42	31	50	36	8	26	36	56
22	12	19	15	16	8	9	13	53
23	4	6	9	14	8	5	3	33
								
TOTALS								
								
12HR 7-19	-	649	896	978	156	520	797	-
16HR 6-22	-	941	1240	1221	229	707	1041	-
18HR 6-24	-	1027	1351	1312	254	789	1127	-
24HR 0-24	956	1058	1384	1350	294	812	1152	-
								
								
								
								
*LOCATION	: ..	........	.......	.......	.......	.......	.......	...............
*SITE NUMB	ER: 11	701909						
*FILE NUMB	ER:	10						
*INTERVAL	:	15 MIN						
*BATTERY	:	6.1 V						
*RESTARTS	:	0						
*CONFIG	:	12						
*CHANNEL	:  2	OF  2						
								
	TUE	WED	THU	FRI	SAT	SUN	MON	7-DAY
DATE    09	/05/12	13	14	15	16	17	18	AVERAGE
								
START HOUR								
								
0	3	6	3	8	10	14	2	17
1	0	4	3	1	8	12	1	9
2	0	0	0	0	5	2	0	7
3	0	1	1	3	3	4	1	4
4	0	1	0	0	2	3	0	1
5	9	10	8	4	0	3	9	2
6	43	53	49	46	7	4	56	1
7	153	163	152	119	6	6	168	6
8	175	184	171	146	24	15	206	37
9	91	106	98	81	43	26	112	110
10	42	52	42	41	52	40	55	132
11	39	45	27	41	63	63	53	80
12	47	46	40	30	68	80	65	46
13	40	45	46	42	68	92	37	47
14	65	52	47	58	81	106	58	54
15	118	103	73	95	52	84	117	53
16	169	176	145	154	50	77	183	67
17	133	168	140	114	59	85	183	92
18	130	100	87	64	50	62	149	136
19	93	75	51	56	33	61	129	126
20	95	75	69	40	35	52	77	92
21	50	37	32	31	23	40	62	71
22	21	24	17	21	11	14	26	63
23	8	9	11	13	9	9	7	39
								
TOTALS								
								
12HR 7-19	991	1035	898	857	514	596	1119	859
16HR 6-22	1347	1379	1176	1091	658	807	1580	1148
18HR 6-24	1492	1491	1277	1162	716	899	1719	1251
24HR 0-24	1524	1535	1312	1208	762	954	1756	1291
								
								
								
								
*LOCATION	: ..	........	.......	.......	.......	.......	.......	...............
*SITE NUMB	ER: 11	701909						
*FILE NUMB	ER:	10						
*INTERVAL	:	15 MIN						
*BATTERY	:	6.1 V						
*RESTARTS	:	0						
*CONFIG	:	12						
*CHANNEL	:  2	OF  2						
								
	TUE	WED	THU	FRI	SAT	SUN	MON	7-DAY
DATE    09	/05/19	20	21	22	23	24	25	AVERAGE
								
START HOUR								
								
0	2	2	10	5	7	1	1	18
1	1	2	7	2	3	9	4	11
2	4	0	8	0	4	4	3	4
3	1	1	6	0	1	1	0	4
4	0	0	4	0	1	2	1	3
5	8	9	5	11	3	1	5	1
6	50	40	5	38	5	6	65	1
7	149	153	9	98	4	7	169	6
8	167	190	13	121	5	11	226	30
9	77	84	11	70	6	17	125	84
10	37	51	22	54	20	49	54	105
11	28	51	42	55	18	91	48	56
12	44	48	52	53	29	86	55	41
13	32	35	47	57	20	102	58	48
14	46	42	56	64	15	105	74	52
15	80	114	73	98	22	89	116	50
16	152	161	57	104	20	74	207	57
17	150	141	58	82	32	63	210	85
18	112	91	49	47	26	87	169	111
19	83	78	44	29	15	55	122	105
20	76	47	33	35	25	45	101	83
21	67	51	15	15	23	42	67	61
22	21	18	20	10	11	19	26	52
23	6	17	11	11	15	8	16	40
								
TOTALS								
								
12HR 7-19	870	978	392	823	167	638	1202	724
16HR 6-22	1215	1288	547	981	241	845	1704	974
18HR 6-24	1358	1386	595	1031	289	932	1872	1066
24HR 0-24	1393	1426	657	1059	330	974	1922	1107
								
								
								
								
*LOCATION	: ..	........	.......	.......	.......	.......	.......	...............
*SITE NUMB	ER: 11	701909						
*FILE NUMB	ER:	10						
*INTERVAL	:	15 MIN						
*BATTERY	:	6.1 V						
*RESTARTS	:	0						
*CONFIG	:	12						
*CHANNEL	:  2	OF  2						
								
	TUE	WED	THU	FRI	SAT	SUN	MON	7-DAY
DATE    09	/05/26	27	28	29	30	31	1	AVERAGE
								
START HOUR								
								
0	8	3	4	4	9	11	4	27
1	2	0	5	10	14	8	0	12
2	1	0	1	1	6	11	0	6
3	1	0	2	2	5	11	0	6
4	1	1	1	1	2	7	1	3
5	12	9	9	9	3	8	12	3
6	68	49	54	55	13	7	64	2
7	206	132	146	148	18	5	202	9
8	250	180	199	203	22	15	257	44
9	121	91	102	103	50	39	139	122
10	56	47	68	56	52	75	66	161
11	52	35	47	63	85	99	54	92
12	58	31	47	61	107	104	76	60
13	55	23	44	75	84	126	-	62
14	60	24	61	75	92	123	-	69
15	129	73	112	136	89	120	-	-
16	220	142	151	184	51	114	-	-
17	179	105	169	153	59	107	-	-
18	150	70	104	114	62	83	-	-
19	132	43	88	81	45	89	-	-
20	89	55	69	70	38	73	-	-
21	71	42	62	50	25	49	-	-
22	34	25	23	23	20	41		-
23	12	11	11	13	12	8		-
								
TOTALS								
								
12HR 7-19	1287	836	1040	1168	666	835	-	-
16HR 6-22	1749	1055	1402	1517	834	1121	-	-
18HR 6-24	1909	1152	1533	1637	897	1243	-	-
24HR 0-24	1967	1191	1579	1690	963	1333	875	-
								
								
