 
 
 
*LOCATION   : ............................................................
*SITE NUMBER: 12001820
*FILE NUMBER:        4
*INTERVAL   :   15 MIN
*BATTERY    :    6.3 V
*RESTARTS   :        0
*CONFIG     :        0
*CHANNEL    :  1 OF  1
 
             TUE    WED    THU    FRI    SAT    SUN    MON    7-DAY
DATE    09/04/28     29     30     01     02     03     04   AVERAGE
 
START HOUR
 
    0          -      2      4      5      4      6      0       -
    1          -      0      1      1      0      3      0       -
    2          -      1      0      2      1      0      0       -
    3          -      0      0      3      2      1      1       -
    4          -      1      1      2      1      1      2       -
    5          -     12      7      1      0      0      9       -
    6          -     46     35      3      3      6     49       -
    7          -    162    133      6     12      5    185       -
    8          -    134    115      6     12     10    186       -
    9          -     60     31     11     20     25     54       -
   10          -     29     33     19     43     53     54       -
   11         48     27     33     32     56     72     39      44
   12         41     39     48     49     56     94     36      52
   13         48     36     53     73     91     89     41      62
   14         32     61     84     34     84     97     61      65
   15        100     96    119     68     84     76    112      94
   16        138    133    110     29     63     88    166     104
   17        134    114     45     28     60     66    130      82
   18         98     81     31     32     55     59     91      64
   19         63     49     27     25     34     43     78      46
   20         42     33     11     19     22     41     38      29
   21         25     31      9     10     23     14     23      19
   22         13     20      8      4      9      9      4      10
   23          4      4      9      6      8      3      5       6
 
TOTALS
 
12HR 7-19      -    972    835    387    636    734   1155       -
16HR 6-22      -   1131    917    444    718    838   1343       -
18HR 6-24      -   1155    934    454    735    850   1352       -
24HR 0-24      -   1171    947    468    743    861   1364       -
 
 
 
 
*LOCATION   : ............................................................
*SITE NUMBER: 12001820
*FILE NUMBER:        4
*INTERVAL   :   15 MIN
*BATTERY    :    6.3 V
*RESTARTS   :        0
*CONFIG     :        0
*CHANNEL    :  1 OF  1
 
             TUE    WED    THU    FRI    SAT    SUN    MON    7-DAY
DATE    09/05/05     06     07     08     09     10     11   AVERAGE
 
START HOUR
 
    0          2      2      4      9      2      2      3       3
    1          0      0      2      1      1      1      2       1
    2          0      0      0      1      0      1      0       0
    3          0      0      0      0      1      2      0       0
    4          1      1      1      1      0      0      2       1
    5          8      9      8     10      2      0     11       7
    6         54     34     64     45      6      7     51      37
    7        172    128    176    142     13     11    174     117
    8        185    110    161    165     22     11    164     117
    9         71     48     79     65     24     22     63      53
   10         39     25     44     46      8     59     33      36
   11         41     15     32     43      4     60     39      33
   12         31     26     47     62     15     93     33      44
   13         39     23     42     62     18     73     37      42
   14         66     46     66     82     39     77     43      60
   15        113     90    111    136     28     53     83      88
   16        165    121    152    150     11     54    142     114
   17        143    111    126    135     47     63    110     105
   18        123     95    114     91     36     47     71      82
   19         89     60     83     70     19     46     59      61
   20         51     51     66     35     21     34     34      42
   21         34     22     38     17     13     20     32      25
   22         10      9     17     10      3      3     18      10
   23          2      9      8     14      3      3      4       6
 
TOTALS
 
12HR 7-19   1188    838   1150   1179    265    623    992     891
16HR 6-22   1416   1005   1401   1346    324    730   1168    1056
18HR 6-24   1428   1023   1426   1370    330    736   1190    1072
24HR 0-24   1439   1035   1441   1392    336    742   1208    1085
 
 
 
 
*LOCATION   : ............................................................
*SITE NUMBER: 12001820
*FILE NUMBER:        4
*INTERVAL   :   15 MIN
*BATTERY    :    6.3 V
*RESTARTS   :        0
*CONFIG     :        0
*CHANNEL    :  1 OF  1
 
             TUE    WED    THU    FRI    SAT    SUN    MON    7-DAY
DATE    09/05/12     13     14     15     16     17     18   AVERAGE
 
START HOUR
 
    0          0      4      3      2      2      7      3       3
    1          1      1      1      1      1      6      0       2
    2          0      0      0      2      1      2      1       1
    3          0      2      1      0      1      5      1       1
    4          2      2      3      2      0      1      3       2
    5          7      8      8      4      2      1     11       6
    6         60     64     55     35     11      5     62      42
    7        179    181    164    140      6      6    213     127
    8        175    190    175    148     27     10    236     137
    9         71     81     70     62     40     24     98      64
   10         48     65     45     36     50     55     56      51
   11         43     44     34     45     56     92     53      52
   12         57     47     39     35     79     82     54      56
   13         43     46     43     42     76     95     48      56
   14         55     66     56     58     72    106     57      67
   15        114    131     96    105     68     87    146     107
   16        159    189    163    134     73     81    213     145
   17        156    135    110    106     47     77    190     117
   18        115    107    109     80     39     65    161      97
   19         86     87     62     50     25     50    106      67
   20         68     78     70     38     25     42     62      55
   21         60     38     40     23     12     16     32      32
   22         14     24     10     10      6      7     14      12
   23          2      5      7      8      8      2      5       5
 
TOTALS
 
12HR 7-19   1215   1282   1104    991    633    780   1525    1076
16HR 6-22   1489   1549   1331   1137    706    893   1787    1270
18HR 6-24   1505   1578   1348   1155    720    902   1806    1288
24HR 0-24   1515   1595   1364   1166    727    924   1825    1302
 
 
 
 
*LOCATION   : ............................................................
*SITE NUMBER: 12001820
*FILE NUMBER:        4
*INTERVAL   :   15 MIN
*BATTERY    :    6.3 V
*RESTARTS   :        0
*CONFIG     :        0
*CHANNEL    :  1 OF  1
 
             TUE    WED    THU    FRI    SAT    SUN    MON    7-DAY
DATE    09/05/19     20     21     22     23     24     25   AVERAGE
 
START HOUR
 
    0          0      1      4      2      2      2      1       2
    1          1      1      3      1      1      3      4       2
    2          1      2      3      4      1      3      1       2
    3          0      2      1      2      1      0      0       1
    4          1      1      1      1      0      0      2       1
    5          6      6      2      7      2      3     16       6
    6         52     52     10     38      6      8     60      32
    7        157    181      7     93      7     14    227      98
    8        171    173      7    115      6     15    238     104
    9         73     75     25     65     16     16    103      53
   10         39     58     49     46     24     47     63      47
   11         39     42     51     46     31     94     58      52
   12         34     47     66     55     30    108     65      58
   13         37     43     59     59     21    108     67      56
   14         47     66     68     68     27    132     67      68
   15         98    119     51    100     22    105    150      92
   16        160    142     56     92     26     80    226     112
   17        123    134     70     83     27     77    202     102
   18         89     93     50     51     22     64    159      75
   19         90     63     45     28     26     55    127      62
   20         59     39     40     28     19     57    115      51
   21         29     31     16     14     16     33     65      29
   22         19     12      8      9      9      7     25      13
   23          1      4      4      2      6      4      9       4
 
TOTALS
 
12HR 7-19   1067   1173    559    873    259    860   1625     917
16HR 6-22   1297   1358    670    981    326   1013   1992    1091
18HR 6-24   1317   1374    682    992    341   1024   2026    1108
24HR 0-24   1326   1387    696   1009    348   1035   2050    1122
 
 
 
 
*LOCATION   : ............................................................
*SITE NUMBER: 12001820
*FILE NUMBER:        4
*INTERVAL   :   15 MIN
*BATTERY    :    6.3 V
*RESTARTS   :        0
*CONFIG     :        0
*CHANNEL    :  1 OF  1
 
             TUE    WED    THU    FRI    SAT    SUN    MON    7-DAY
DATE    09/05/26     27     28     29     30     31     01   AVERAGE
 
START HOUR
 
    0          4      2      3      -      -      -      -       -
    1          1      3      2      -      -      -      -       -
    2          0      0      0      -      -      -      -       -
    3          0      1      0      -      -      -      -       -
    4          2      3      2      -      -      -      -       -
    5         12     12     12      -      -      -      -       -
    6         78     59     62      -      -      -      -       -
    7        236    170    183      -      -      -      -       -
    8        244    148    215      -      -      -      -       -
    9         93     82     76      -      -      -      -       -
   10         65     44      -      -      -      -      -       -
   11         67     37      -      -      -      -      -       -
   12         70     28      -      -      -      -      -       -
   13         60     26      -      -      -      -      -       -
   14         82     31      -      -      -      -      -       -
   15        139     99      -      -      -      -      -       -
   16        242    110      -      -      -      -      -       -
   17        216    118      -      -      -      -      -       -
   18        133     79      -      -      -      -      -       -
   19        115     45      -      -      -      -      -       -
   20         98     49      -      -      -      -      -       -
   21         56     26      -      -      -      -      -       -
   22         24      9      -      -      -      -      -       -
   23         11      4      -      -      -      -      -       -
 
TOTALS
 
12HR 7-19   1647    972      -      -      -      -      -       -
16HR 6-22   1994   1151      -      -      -      -      -       -
18HR 6-24   2029   1164      -      -      -      -      -       -
24HR 0-24   2048   1185      -      -      -      -      -       -
 
