*LOCATION	: ..	........	.......	.......	.......	.......	.......	...............
*SITE NUMB	ER: 10	702636						
*FILE NUMB	ER:	2						
*INTERVAL	:	15 MIN						
*BATTERY	:	6.0 V						
*RESTARTS	:	0						
*CONFIG	:	0						
*CHANNEL	:  1	OF  1						

	WED	THU	FRI	SAT	SUN	MON	TUE	7-DAY
DATE    05	/06/29	30	1	2	3	4	5	AVERAGE

START HOUR								

0	-	2	8	10	18	14	23	-
1	-	5	10	13	18	11	4	-
2	-	2	7	11	16	2	3	-
3	-	7	6	14	14	5	4	-
4	-	2	0	3	11	6	7	-
5	-	12	9	3	9	8	10	-
6	-	34	44	16	9	47	49	-
7	-	110	115	15	6	157	195	-
8	-	160	156	26	12	207	245	-
9	-	94	106	50	36	118	114	-
10	-	59	68	63	56	73	90	-
11	-	71	65	88	92	98	104	-
12	29	72	66	100	94	86	115	80
13	34	52	83	85	126	123	112	88
14	42	53	121	135	82	125	138	99
15	114	111	138	115	99	180	198	136
16	157	148	191	91	86	309	284	181
17	161	136	140	83	100	246	231	157
18	134	92	82	73	115	189	170	122
19	62	84	58	66	90	164	169	99
20	60	59	72	50	72	139	121	82
21	62	43	59	34	46	108	92	63
22	24	22	35	42	38	52	48	37
23	14	17	27	77	15	30	33	30

TOTALS								

12HR 7-19	-	1158	1331	924	904	1911	1996	-
16HR 6-22	-	1378	1564	1090	1121	2369	2427	-
18HR 6-24	-	1417	1626	1209	1174	2451	2508	-
24HR 0-24	893	1447	1666	1263	1260	2497	2559	-
								



*LOCATION	: ..	........	.......	.......	.......	.......	.......	...............
*SITE NUMB	ER: 10	702636						
*FILE NUMB	ER:	2						
*INTERVAL	:	15 MIN						
*BATTERY	:	6.0 V						
*RESTARTS	:	0						
*CONFIG	:	0						
*CHANNEL	:  1	OF  1						

	WED	THU	FRI	SAT	SUN	MON	TUE	7-DAY
DATE    05	/07/06	7	8	9	10	11	12	AVERAGE

START HOUR								

0	23	21	12	13	20	11	13	16
1	9	13	8	14	23	7	8	12
2	5	8	7	17	12	4	3	8
3	8	12	7	18	11	4	3	9
4	9	7	3	9	6	6	5	6
5	5	11	8	6	7	14	16	10
6	57	52	50	16	14	46	54	41
7	179	137	135	12	19	125	135	106
8	217	204	160	26	18	166	207	143
9	121	90	108	40	48	128	133	95
10	83	63	83	59	65	106	93	79
11	94	69	84	94	79	106	96	89
12	90	80	82	96	78	116	108	93
13	102	89	107	99	114	116	121	107
14	94	115	134	103	95	133	134	115
15	179	186	178	92	85	172	193	155
16	280	234	205	96	90	231	249	198
17	235	201	158	66	91	187	220	165
18	164	141	103	83	112	170	151	132
19	143	123	88	54	98	138	136	111
20	99	105	75	70	59	97	100	86
21	69	44	65	44	52	85	93	65
22	39	47	42	51	42	54	64	48
23	36	22	35	29	20	30	33	29

TOTALS								

12HR 7-19	1838	1609	1537	866	894	1756	1840	1477
16HR 6-22	2206	1933	1815	1050	1117	2122	2223	1781
18HR 6-24	2281	2002	1892	1130	1179	2206	2320	1859
24HR 0-24	2340	2074	1937	1207	1258	2252	2368	1919
								



*LOCATION	: ..	........	.......	.......	.......	.......	.......	...............
*SITE NUMB	ER: 10	702636						
*FILE NUMB	ER:	2						
*INTERVAL	:	15 MIN						
*BATTERY	:	6.0 V						
*RESTARTS	:	0						
*CONFIG	:	0						
*CHANNEL	:  1	OF  1						

	WED	THU	FRI	SAT	SUN	MON	TUE	7-DAY
DATE    05	/07/13	14	15	16	17	18	19	AVERAGE

START HOUR								

0	13	9	21	17	18	11	12	14
1	10	10	10	15	22	5	8	11
2	3	11	10	16	16	5	4	9
3	4	7	7	12	11	5	4	7
4	3	10	7	8	8	0	1	5
5	22	14	9	13	4	10	16	13
6	50	56	39	28	12	45	43	39
7	168	134	103	19	14	106	134	97
8	190	176	147	36	18	181	148	128
9	128	91	100	41	32	90	55	77
10	107	72	90	56	32	64	25	64
11	109	100	98	94	50	75	47	82
12	94	110	110	85	54	97	45	85
13	99	100	107	109	59	108	74	94
14	129	123	109	102	68	104	90	104
15	220	197	171	89	112	160	147	157
16	274	206	193	79	90	228	181	179
17	197	212	136	88	103	180	152	153
18	159	144	119	67	72	173	125	123
19	108	125	105	55	68	111	84	94
20	117	119	82	44	52	85	79	83
21	90	79	71	33	41	64	61	63
22	74	54	36	27	27	38	31	41
23	38	33	34	22	17	15	17	25

TOTALS								

12HR 7-19	1874	1665	1483	865	704	1566	1223	1340
16HR 6-22	2239	2044	1780	1025	877	1871	1490	1618
18HR 6-24	2351	2131	1850	1074	921	1924	1538	1684
24HR 0-24	2406	2192	1914	1155	1000	1960	1583	1744
								



*LOCATION	: ..	........	.......	.......	.......	.......	.......	...............
*SITE NUMB	ER: 10	702636						
*FILE NUMB	ER:	2						
*INTERVAL	:	15 MIN						
*BATTERY	:	6.0 V						
*RESTARTS	:	0						
*CONFIG	:	0						
*CHANNEL	:  1	OF  1						

	WED	THU	FRI	SAT	SUN	MON	TUE	7-DAY
DATE    05	/07/20	21	22	23	24	25	26	AVERAGE

START HOUR								

0	12	12	11	19	9	2	2	10
1	7	5	11	8	6	4	4	6
2	2	7	4	10	5	2	2	5
3	3	2	0	9	6	2	0	3
4	4	4	6	8	1	2	1	4
5	7	11	13	5	2	14	19	10
6	45	40	29	13	7	30	38	29
7	121	104	88	9	8	106	122	80
8	154	170	108	21	9	171	187	117
9	100	106	60	35	3	97	111	73
10	72	74	39	47	14	58	76	54
11	102	100	46	51	36	73	109	74
12	88	103	66	65	50	81	102	79
13	84	117	70	76	61	97	110	88
14	79	123	46	83	81	97	121	90
15	120	185	67	72	65	171	188	124
16	186	207	72	79	72	204	139	137
17	165	200	56	69	75	171	121	122
18	133	138	53	83	75	129	110	103
19	79	128	60	47	68	99	76	80
20	85	103	47	40	75	61	72	69
21	60	83	28	14	54	53	48	49
22	21	47	27	25	38	30	23	30
23	22	28	16	23	14	21	8	19

TOTALS								

12HR 7-19	1404	1627	771	690	549	1455	1496	1142
16HR 6-22	1673	1981	935	804	753	1698	1730	1368
18HR 6-24	1716	2056	978	852	805	1749	1761	1417
24HR 0-24	1751	2097	1023	911	834	1775	1789	1454
								



*LOCATION	: ..	........	.......	.......	.......	.......	.......	...............
*SITE NUMB	ER: 10	702636						
*FILE NUMB	ER:	2						
*INTERVAL	:	15 MIN						
*BATTERY	:	6.0 V						
*RESTARTS	:	0						
*CONFIG	:	0						
*CHANNEL	:  1	OF  1						

	WED	THU	FRI	SAT	SUN	MON	TUE	7-DAY
DATE    05	/07/27	28	29	30	31	1	2	AVERAGE

START HOUR								

0	8	13	17	18	13	5	-	-
1	7	12	9	11	18	2	-	-
2	1	12	6	13	13	2	-	-
3	2	8	7	13	6	2	-	-
4	1	9	3	7	12	4	-	-
5	12	21	16	8	11	13	-	-
6	21	28	42	17	4	39	-	-
7	53	117	117	17	14	129	-	-
8	96	172	144	44	14	204	-	-
9	85	112	87	43	17	111	-	-
10	45	79	62	52	26	-	-	-
11	39	94	103	69	65	-	-	-
12	54	101	123	97	71	-	-	-
13	70	107	107	101	105	-	-	-
14	94	127	148	104	91	-	-	-
15	174	173	172	104	83	-	-	-
16	168	218	182	85	82	-	-	-
17	155	186	139	84	99	-	-	-
18	146	120	125	85	92	-	-	-
19	133	91	81	56	57	-	-	-
20	80	71	66	41	54	-	-	-
21	77	64	45	29	43	-	-	-
22	39	41	35	29	24	-	-	-
23	18	18	19	22	10	-	-	-

TOTALS								

12HR 7-19	1179	1606	1509	885	759	-	-	-
16HR 6-22	1490	1860	1743	1028	917	-	-	-
18HR 6-24	1547	1919	1797	1079	951	-	-	-
24HR 0-24	1578	1994	1855	1149	1024	511	-	-
								
								
