*LOCATION	: ..	........	.......	.......	.......	.......	.......	...............
*SITE NUMB	ER: 11	502618						
*FILE NUMB	ER:	1						
*INTERVAL	:	15 MIN						
*BATTERY	:	6.5 V						
*RESTARTS	:	0						
*CONFIG	:	0						
*CHANNEL	:  1	OF  1						

	WED	THU	FRI	SAT	SUN	MON	TUE	7-DAY
DATE    05	/06/29	30	1	2	3	4	5	AVERAGE

START HOUR								

0	-	14	13	34	26	10	13	-
1	-	6	6	13	18	12	6	-
2	-	4	7	22	14	6	5	-
3	-	5	5	12	31	6	0	-
4	-	7	6	4	8	6	1	-
5	-	8	7	5	7	15	9	-
6	-	46	55	8	8	46	46	-
7	-	75	102	17	13	100	129	-
8	-	132	166	24	12	160	150	-
9	-	131	104	45	95	130	146	-
10	-	73	96	68	175	91	122	-
11	20	110	104	98	93	133	126	98
12	49	80	121	111	90	139	136	268
13	40	78	104	127	100	100	150	499
14	49	60	128	138	150	150	151	729
15	112	92	130	125	150	204	209	367
16	166	164	169	160	97	220	272	307
17	160	127	116	99	95	249	219	152
18	109	95	72	85	87	181	165	225
19	63	79	45	47	90	127	151	256
20	51	56	63	53	56	123	110	73
21	34	39	49	51	52	50	88	256
22	41	28	31	47	27	53	62	41
23	15	29	24	26	16	27	25	632

TOTALS								

12HR 7-19	-	1217	1412	2906	4750	8394	3733	-
16HR 6-22	-	1437	1624	3065	6147	10168	4128	-
18HR 6-24	-	1494	1679	3138	6190	10248	8480	-
24HR 0-24	909	1538	1723	1419	1510	2338	2491	-
								



*LOCATION	: ..	........	.......	.......	.......	.......	.......	...............
*SITE NUMB	ER: 11	502618						
*FILE NUMB	ER:	1						
*INTERVAL	:	15 MIN						
*BATTERY	:	6.5 V						
*RESTARTS	:	0						
*CONFIG	:	0						
*CHANNEL	:  1	OF  1						

	WED	THU	FRI	SAT	SUN	MON	TUE	7-DAY
DATE    05	/07/06	7	8	9	10	11	12	AVERAGE

START HOUR								

0	15	20	15	29	15	15	15	1293
1	10	14	8	17	23	10	10	337
2	8	15	5	14	21	5	3	42
3	3	9	4	25	12	10	8	10
4	3	8	4	10	6	4	3	5
5	9	8	10	2	5	15	10	8
6	50	52	52	10	7	48	53	39
7	100	95	104	20	11	90	108	705
8	160	160	158	25	25	170	190	398
9	131	110	120	40	42	130	140	525
10	104	57	80	82	72	105	100	268
11	136	83	113	94	77	160	126	113
12	137	92	90	115	76	120	108	407
13	118	108	136	142	93	105	154	122
14	110	110	113	103	91	132	159	117
15	184	169	150	74	95	225	198	570
16	271	250	221	93	74	233	247	305
17	215	223	177	77	92	174	200	199
18	167	146	140	71	100	175	152	265
19	123	118	80	55	101	125	151	108
20	90	72	74	64	69	84	80	140
21	79	53	60	53	63	88	68	66
22	40	45	35	50	55	48	50	1058
23	25	27	30	34	80	23	25	1273

TOTALS								

12HR 7-19	4448	2351	9275	1389	1895	4637	3968	3995
16HR 6-22	4790	2646	9541	1571	2135	4982	4765	4347
18HR 6-24	7383	2718	9606	2124	2270	5053	17591	6678
24HR 0-24	2288	2044	1979	1299	1305	2294	2358	8374
								



*LOCATION	: ..	........	.......	.......	.......	.......	.......	...............
*SITE NUMB	ER: 11	502618						
*FILE NUMB	ER:	1						
*INTERVAL	:	15 MIN						
*BATTERY	:	6.5 V						
*RESTARTS	:	0						
*CONFIG	:	0						
*CHANNEL	:  1	OF  1						

	WED	THU	FRI	SAT	SUN	MON	TUE	7-DAY
DATE    05	/07/13	14	15	16	17	18	19	AVERAGE

START HOUR								

0	10	20	22	21	12	10	11	20
1	12	20	20	19	21	4	9	15
2	4	10	12	15	22	4	4	10
3	6	8	6	12	19	4	8	9
4	3	10	5	9	9	1	2	6
5	8	7	11	3	5	7	7	7
6	76	50	46	7	8	49	49	41
7	120	103	85	19	10	88	100	105
8	169	174	127	29	14	158	140	116
9	119	120	120	120	40	100	44	328
10	96	100	93	62	58	83	30	1096
11	115	90	107	98	99	100	45	1301
12	111	110	139	115	84	136	72	496
13	119	120	120	120	90	124	81	1435
14	119	110	110	100	100	100	91	583
15	207	179	176	96	76	150	136	334
16	253	244	193	72	79	227	165	176
17	189	208	158	75	73	191	149	149
18	135	154	107	67	68	135	94	109
19	100	106	100	70	60	130	73	364
20	104	100	80	100	50	150	65	1111
21	87	75	53	87	37	116	53	73
22	60	66	46	30	23	53	21	622
23	31	28	50	31	21	24	22	30

TOTALS								

12HR 7-19	1960	23936	3991	1996	2380	8184	1147	6228
16HR 6-22	2327	27082	6230	5124	2827	9731	1387	7815
18HR 6-24	6472	27176	6326	5185	2871	9808	1430	8467
24HR 0-24	2253	2212	1986	1377	1078	2144	1471	8534
								



*LOCATION	: ..	........	.......	.......	.......	.......	.......	...............
*SITE NUMB	ER: 11	502618						
*FILE NUMB	ER:	1						
*INTERVAL	:	15 MIN						
*BATTERY	:	6.5 V						
*RESTARTS	:	0						
*CONFIG	:	0						
*CHANNEL	:  1	OF  1						

	WED	THU	FRI	SAT	SUN	MON	TUE	7-DAY
DATE    05	/07/20	21	22	23	24	25	26	AVERAGE

START HOUR								

0	14	16	26	13	9	11	10	14
1	7	11	11	17	14	4	6	10
2	7	9	6	9	7	5	4	7
3	4	4	10	10	6	3	3	6
4	6	8	9	12	6	0	2	6
5	3	12	6	2	5	12	6	7
6	30	46	34	10	4	31	36	24
7	70	70	61	5	2	67	110	45
8	120	121	80	19	10	108	175	74
9	250	269	60	38	17	88	106	86
10	200	200	52	52	17	98	108	198
11	107	98	82	75	38	87	113	86
12	124	150	85	81	52	114	129	617
13	150	133	66	78	74	100	121	305
14	120	103	48	111	72	100	137	149
15	200	150	63	92	311	150	150	728
16	300	250	69	110	250	200	196	498
17	326	240	52	80	59	180	130	1467
18	300	190	46	31	30	120	104	720
19	90	91	48	27	65	115	60	71
20	65	72	37	24	51	90	46	55
21	49	51	28	16	33	49	48	39
22	54	49	29	23	28	46	28	37
23	30	24	16	18	24	19	22	22

TOTALS								

12HR 7-19	7037	7757	764	7378	1966	6908	2991	4972
16HR 6-22	7249	8017	911	7455	2119	7193	3181	5161
18HR 6-24	7333	8090	956	7496	2171	7258	3231	5219
24HR 0-24	2626	2367	1024	953	1184	1797	1850	5269
								



*LOCATION	: ..	........	.......	.......	.......	.......	.......	...............
*SITE NUMB	ER: 11	502618						
*FILE NUMB	ER:	1						
*INTERVAL	:	15 MIN						
*BATTERY	:	6.5 V						
*RESTARTS	:	0						
*CONFIG	:	0						
*CHANNEL	:  1	OF  1						

	WED	THU	FRI	SAT	SUN	MON	TUE	7-DAY
DATE    05	/07/27	28	29	30	31	1	2	AVERAGE

START HOUR								

0	5	19	26	24	38	14	-	-
1	3	17	20	14	18	6	-	-
2	1	13	11	15	11	6	-	-
3	3	13	7	18	20	1	-	-
4	1	8	5	8	7	6	-	-
5	7	8	6	3	4	10	-	-
6	22	44	26	15	4	44	-	-
7	90	95	79	12	13	109	-	-
8	130	137	137	34	10	178	-	-
9	110	105	93	50	16	127	-	-
10	100	132	94	76	36	-	-	-
11	72	116	110	108	66	-	-	-
12	72	110	102	107	109	-	-	-
13	94	90	116	115	119	-	-	-
14	101	100	139	112	124	-	-	-
15	248	178	170	120	130	-	-	-
16	179	237	150	110	96	-	-	-
17	171	205	129	100	94	-	-	-
18	150	145	100	129	200	-	-	-
19	132	120	83	52	200	-	-	-
20	96	76	60	50	64	-	-	-
21	63	54	48	42	37	-	-	-
22	50	46	39	36	38	-	-	-
23	31	34	30	29	15	-	-	-

TOTALS								

12HR 7-19	1698	3145	3823	3353	1459	-	-	-
16HR 6-22	2011	4218	4040	3512	1997	-	-	-
18HR 6-24	2092	4298	4109	3577	2050	-	-	-
24HR 0-24	1931	2102	1780	1379	1469	501	-	-
								
								
