*LOCATION	: ..	........	.......	.......	.......	.......	.......	...............
*SITE NUMB	ER: 11	702620						
*FILE NUMB	ER:	2						
*INTERVAL	:	15 MIN						
*BATTERY	:	6.5 V						
*RESTARTS	:	0						
*CONFIG	:	12						
*CHANNEL	:  1	OF  2						

	FRI	SAT	SUN	MON	TUE	WED	THU	7-DAY
DATE    05	/07/01	2	3	4	5	6	7	AVERAGE

START HOUR								

0	-	16	32	17	34	36	32	-
1	-	16	18	10	20	24	8	-
2	-	13	15	5	2	8	17	-
3	-	21	22	8	0	3	15	-
4	-	7	13	6	7	13	18	-
5	-	13	10	25	14	17	8	-
6	-	13	13	115	104	95	94	-
7	-	30	8	249	304	299	258	-
8	-	62	38	355	416	360	271	-
9	-	102	85	204	205	235	176	-
10	-	143	129	158	151	156	66	-
11	-	208	212	172	173	180	91	-
12	-	256	273	251	228	242	136	-
13	-	292	279	167	208	225	156	-
14	-	236	270	219	240	199	170	-
15	-	246	226	315	293	321	202	-
16	307	217	291	545	510	481	240	370
17	218	208	275	460	428	405	267	323
18	157	187	246	392	338	355	201	268
19	109	107	215	311	333	230	138	206
20	79	119	146	258	310	260	144	188
21	69	48	94	166	180	163	163	126
22	28	46	45	86	84	91	95	68
23	21	33	21	39	49	55	26	35

TOTALS								
	988							
12HR 7-19	-	2187	2332	3487	3494	3458	2234	-
16HR 6-22	-	2474	2800	4337	4421	4206	2773	-
18HR 6-24	-	2553	2866	4462	4554	4352	2894	-
24HR 0-24	-	2639	2976	4533	4631	4453	2992	-
								



*LOCATION	: ..	........	.......	.......	.......	.......	.......	...............
*SITE NUMB	ER: 11	702620						
*FILE NUMB	ER:	2						
*INTERVAL	:	15 MIN						
*BATTERY	:	6.5 V						
*RESTARTS	:	0						
*CONFIG	:	12						
*CHANNEL	:  1	OF  2						

	FRI	SAT	SUN	MON	TUE	WED	THU	7-DAY
DATE    05	/07/08	9	10	11	12	13	14	AVERAGE

START HOUR								

0	18	21	22	21	22	18	24	21
1	10	18	18	8	10	16	29	16
2	8	13	17	7	3	1	7	8
3	4	10	14	5	2	5	9	7
4	5	5	9	6	5	6	7	6
5	6	4	6	11	14	11	21	10
6	52	12	14	76	72	67	88	54
7	149	15	10	150	157	161	155	114
8	169	30	33	206	226	208	213	155
9	93	61	38	123	140	120	167	106
10	110	96	83	126	113	124	134	112
11	100	165	177	148	157	113	130	141
12	128	177	169	124	143	133	145	146
13	126	156	196	162	147	144	172	158
14	136	168	164	156	155	194	200	168
15	213	150	144	248	249	279	244	218
16	248	139	166	268	370	366	326	269
17	191	153	165	253	298	312	269	234
18	164	115	182	207	217	266	235	198
19	130	80	154	196	206	211	193	167
20	112	108	117	160	194	217	197	158
21	96	86	77	110	133	199	151	122
22	57	84	46	94	78	175	111	92
23	35	39	26	40	46	64	66	45

TOTALS								

12HR 7-19	1827	1425	1527	2171	2372	2420	2390	2019
16HR 6-22	2217	1711	1889	2713	2977	3114	3019	2520
18HR 6-24	2309	1834	1961	2847	3101	3353	3196	2657
24HR 0-24	2360	1905	2047	2905	3157	3410	3293	2725
								



*LOCATION	: ..	........	.......	.......	.......	.......	.......	...............
*SITE NUMB	ER: 11	702620						
*FILE NUMB	ER:	2						
*INTERVAL	:	15 MIN						
*BATTERY	:	6.5 V						
*RESTARTS	:	0						
*CONFIG	:	12						
*CHANNEL	:  1	OF  2						

	FRI	SAT	SUN	MON	TUE	WED	THU	7-DAY
DATE    05	/07/15	16	17	18	19	20	21	AVERAGE

START HOUR								

0	36	37	22	12	19	19	22	24
1	15	22	22	9	9	7	17	14
2	12	9	8	3	2	5	7	7
3	5	10	16	1	4	1	9	7
4	5	16	12	7	6	3	2	7
5	27	17	8	22	18	15	21	18
6	73	20	14	68	82	79	75	59
7	145	36	18	147	167	184	152	121
8	182	51	27	195	174	184	178	142
9	150	81	46	112	62	139	138	104
10	143	119	55	125	90	117	131	99
11	175	172	101	141	100	137	148	125
12	166	185	115	163	150	161	152	144
13	186	175	136	172	131	136	152	155
14	196	199	159	187	120	121	189	167
15	231	158	128	213	143	148	197	174
16	289	173	147	315	225	253	307	244
17	211	140	130	309	219	211	253	210
18	157	151	124	245	157	236	211	183
19	166	109	112	201	157	176	206	161
20	178	64	168	176	150	221	254	175
21	164	63	110	118	140	130	183	136
22	80	39	66	53	50	125	98	1330
23	60	38	25	37	30	37	48	39

TOTALS								

12HR 7-19	2231	1640	1186	2324	1468	2027	2208	1869
16HR 6-22	2812	1896	1590	2887	2057	2633	2926	2400
18HR 6-24	7915	1973	1681	2977	5976	2795	3072	3770
24HR 0-24	3052	2084	1769	3031	2405	2845	3150	3847
								



*LOCATION	: ..	........	.......	.......	.......	.......	.......	...............
*SITE NUMB	ER: 11	702620						
*FILE NUMB	ER:	2						
*INTERVAL	:	15 MIN						
*BATTERY	:	6.5 V						
*RESTARTS	:	0						
*CONFIG	:	12						
*CHANNEL	:  1	OF  2						

	FRI	SAT	SUN	MON	TUE	WED	THU	7-DAY
DATE    05	/07/22	23	24	25	26	27	28	AVERAGE

START HOUR								

0	23	23	20	18	10	20	21	19
1	17	13	13	3	0	8	12	9
2	7	9	6	1	2	4	9	5
3	6	5	3	1	0	1	5	3
4	10	5	2	8	3	5	12	6
5	18	11	9	17	26	21	26	18
6	60	20	5	77	83	47	76	53
7	125	22	16	145	182	110	161	109
8	115	38	19	191	224	134	193	131
9	90	57	20	144	150	101	134	99
10	97	71	30	119	157	72	130	97
11	97	109	61	155	172	107	174	125
12	101	115	82	157	154	101	156	124
13	97	158	125	148	150	126	173	148
14	98	155	113	167	173	144	184	148
15	103	147	118	181	247	159	224	168
16	148	134	108	282	218	232	262	198
17	160	118	106	254	178	234	267	188
18	132	115	168	224	217	224	218	185
19	130	101	170	233	142	195	155	161
20	122	80	192	332	203	150	150	260
21	96	107	140	211	180	80	80	1580
22	50	60	87	93	40	50	45	287
23	24	22	23	38	26	36	26	28

TOTALS								

12HR 7-19	1363	1239	966	2167	2278	1744	2276	1719
16HR 6-22	1771	1547	1473	3020	7236	6266	5094	3772
18HR 6-24	2072	1629	1583	3151	8153	6797	5228	4088
24HR 0-24	1926	1695	1636	3199	2937	2361	2893	4149
								



*LOCATION	: ..	........	.......	.......	.......	.......	.......	...............
*SITE NUMB	ER: 11	702620						
*FILE NUMB	ER:	2						
*INTERVAL	:	15 MIN						
*BATTERY	:	6.5 V						
*RESTARTS	:	0						
*CONFIG	:	12						
*CHANNEL	:  1	OF  2						

	FRI	SAT	SUN	MON	TUE	WED	THU	7-DAY
DATE    05	/07/29	30	31	1	2	3	4	AVERAGE

START HOUR								

0	26	29	31	12	-	-	-	-
1	11	17	22	9	-	-	-	-
2	5	11	10	1	-	-	-	-
3	1	14	18	3	-	-	-	-
4	9	10	11	5	-	-	-	-
5	27	14	4	22	-	-	-	-
6	72	22	14	76	-	-	-	-
7	136	47	21	191	-	-	-	-
8	174	45	19	-	-	-	-	-
9	133	101	39	-	-	-	-	-
10	134	139	72	-	-	-	-	-
11	171	149	128	-	-	-	-	-
12	165	166	167	-	-	-	-	-
13	182	164	222	-	-	-	-	-
14	239	158	164	-	-	-	-	-
15	201	161	184	-	-	-	-	-
16	248	154	129	-	-	-	-	-
17	181	150	179	-	-	-	-	-
18	161	107	145	-	-	-	-	-
19	202	78	215	-	-	-	-	-
20	277	82	201	-	-	-	-	-
21	157	98	113	-	-	-	-	-
22	90	56	61	-	-	-	-	-
23	30	51	28	-	-	-	-	-
				319				
TOTALS								

12HR 7-19	2125	1541	1469	-	-	-	-	-
16HR 6-22	2833	1821	2012	-	-	-	-	-
18HR 6-24	2953	1928	2101	-	-	-	-	-
24HR 0-24	3032	2023	2197	-	-	-	-	-
								



*LOCATION	: ..	........	.......	.......	.......	.......	.......	...............
*SITE NUMB	ER: 11	702620						
*FILE NUMB	ER:	2						
*INTERVAL	:	15 MIN						
*BATTERY	:	6.5 V						
*RESTARTS	:	0						
*CONFIG	:	12						
*CHANNEL	:  2	OF  2						

	FRI	SAT	SUN	MON	TUE	WED	THU	7-DAY
DATE    05	/07/01	2	3	4	5	6	7	AVERAGE

START HOUR								

0	-	17	21	14	13	16	12	-
1	-	7	2	4	7	2	5	-
2	-	7	16	6	3	5	5	-
3	-	5	4	3	3	0	7	-
4	-	1	5	13	8	0	4	-
5	-	0	2	14	16	13	13	-
6	-	8	4	55	79	84	75	-
7	-	14	16	161	179	172	143	-
8	-	21	18	193	200	201	158	-
9	-	41	24	98	115	99	73	-
10	-	54	53	65	96	88	45	-
11	-	87	90	90	97	94	44	-
12	-	135	119	97	103	80	62	-
13	-	108	154	88	82	86	60	-				
14	-	126	140	105	121	113	82	-				
15	-	107	97	194	170	159	114	-				
16	156	87	105	237	278	242	144	178				
17	118	104	131	171	181	197	97	143				
18	33	86	126	183	192	175	97	127				
19	56	56	79	152	137	123	75	97				
20	38	37	66	162	137	100	76	88				
21	51	44	53	99	127	93	70	102				
22	25	27	33	78	61	63	65	424				
23	18	10	14	23	39	34	40	60				

TOTALS												

12HR 7-19	-	970	1073	1682	1814	1706	1119	-			495	1437
16HR 6-22	-	1115	1275	2150	2294	2106	1589	-			298,9979123	868
18HR 6-24	-	1152	1322	2251	2394	2203	4554	-			793,9979123
24HR 0-24	495	1189	1372	2305	2444	2239	1566	-			
											



*LOCATION	: ..	........	.......	.......	.......	.......	.......	...............			
*SITE NUMB	ER: 11	702620									
*FILE NUMB	ER:	2									
*INTERVAL	:	15 MIN									
*BATTERY	:	6.5 V									
*RESTARTS	:	0									
*CONFIG	:	12									
*CHANNEL	:  2	OF  2									

	FRI	SAT	SUN	MON	TUE	WED	THU	7-DAY			
DATE    05	/07/08	9	10	11	12	13	14	AVERAGE

START HOUR								

0	8	9	6	9	12	12	12	10
1	5	7	9	3	4	7	5	6
2	6	9	5	1	3	4	3	4
3	3	6	3	2	3	4	3	3
4	1	5	6	1	2	3	4	3
5	7	2	1	14	9	15	12	9
6	51	14	7	52	50	47	37	37
7	76	3	11	122	122	121	99	79
8	110	17	20	117	128	133	128	93
9	51	30	25	67	65	71	62	53
10	49	52	46	55	67	67	49	55
11	41	61	71	57	62	58	53	58
12	42	71	82	64	80	73	44	65
13	78	63	97	64	67	72	60	72
14	73	47	72	73	78	73	71	70
15	101	67	54	118	129	116	107	99
16	116	77	62	131	160	155	136	120
17	84	66	76	120	121	143	124	105
18	68	61	72	84	127	119	113	92
19	64	50	71	96	132	83	80	82
20	62	36	53	60	87	84	97	68
21	80	80	59	49	73	70	74	978
22	30	81	30	37	38	40	62	1596
23	18	24	18	19	24	24	34	491

TOTALS								

12HR 7-19	889	615	688	1072	1206	1201	1046	960
16HR 6-22	1146	3940	878	1329	1548	4703	1334	2125
18HR 6-24	1194	4045	926	1385	1610	18895	1430	4212
24HR 0-24	1224	938	956	1415	1643	1594	1469	4247
								



*LOCATION	: ..	........	.......	.......	.......	.......	.......	...............
*SITE NUMB	ER: 11	702620						
*FILE NUMB	ER:	2						
*INTERVAL	:	15 MIN						
*BATTERY	:	6.5 V						
*RESTARTS	:	0						
*CONFIG	:	12						
*CHANNEL	:  2	OF  2						

	FRI	SAT	SUN	MON	TUE	WED	THU	7-DAY
DATE    05	/07/15	16	17	18	19	20	21	AVERAGE

START HOUR								

0	10	14	5	4	3	6	7	7
1	6	14	11	5	3	4	3	7
2	4	2	4	2	0	1	5	3
3	2	8	7	2	1	3	4	4
4	8	5	4	3	1	1	6	4
5	6	4	0	8	11	8	9	7
6	34	4	6	33	34	39	35	26
7	61	13	7	75	86	82	75	57
8	89	21	8	104	73	101	100	71
9	46	30	19	56	26	54	54	41
10	48	34	20	37	30	43	57	35
11	56	53	42	35	40	36	57	40
12	49	72	39	50	36	63	44	50
13	75	78	61	54	27	36	83	59
14	66	78	63	60	41	47	63	60
15	84	82	63	104	83	61	80	80
16	108	59	51	115	97	91	143	95
17	104	50	57	116	98	126	105	94
18	64	55	72	119	75	83	102	81
19	78	50	65	100	60	88	100	80
20	79	25	75	81	62	83	90	1036
21	70	19	50	68	50	84	80	3279
22	50	25	25	23	40	44	44	3566
23	12	12	11	11	7	15	12	377

TOTALS								

12HR 7-19	850	625	502	925	651	823	963	763
16HR 6-22	11453	723	9543	1207	4179	1117	8071	5185
18HR 6-24	22640	760	18834	1241	11118	1176	8127	9128
24HR 0-24	1209	807	765	1265	984	1199	1358	9159
								



*LOCATION	: ..	........	.......	.......	.......	.......	.......	...............
*SITE NUMB	ER: 11	702620						
*FILE NUMB	ER:	2						
*INTERVAL	:	15 MIN						
*BATTERY	:	6.5 V						
*RESTARTS	:	0						
*CONFIG	:	12						
*CHANNEL	:  2	OF  2						

	FRI	SAT	SUN	MON	TUE	WED	THU	7-DAY
DATE    05	/07/22	23	24	25	26	27	28	AVERAGE

START HOUR								

0	8	7	9	9	10	5	3	7
1	7	3	4	3	0	1	4	3
2	7	0	0	3	0	2	3	2
3	3	1	4	2	2	1	1	2
4	0	2	2	2	2	0	4	2
5	5	0	2	11	9	3	10	6
6	24	5	3	29	47	25	34	24
7	64	13	6	92	108	47	90	60
8	68	18	5	95	103	66	98	65
9	32	22	6	57	66	47	47	40
10	26	23	8	35	48	21	46	30
11	27	45	24	37	61	32	51	40
12	24	45	37	67	67	38	45	46
13	21	50	59	48	57	41	51	47
14	23	49	38	56	69	54	71	51
15	54	31	48	94	115	65	83	70
16	80	39	36	106	102	107	141	87
17	47	41	63	107	85	92	125	80
18	40	56	62	134	81	76	80	76
19	43	45	100	100	84	70	89	235
20	40	24	80	70	80	50	107	4667
21	50	20	70	50	100	40	80	7202
22	30	15	60	29	50	20	30	8219
23	3	11	3	7	4	19	8	8

TOTALS								

12HR 7-19	506	432	392	928	962	686	928	691
16HR 6-22	5621	4145	10054	25030	9491	24034	11349	12818
18HR 6-24	14426	12519	22677	33026	13968	31742	18956	21045
24HR 0-24	726	565	729	1243	1350	922	1301	21067
								



*LOCATION	: ..	........	.......	.......	.......	.......	.......	...............
*SITE NUMB	ER: 11	702620						
*FILE NUMB	ER:	2						
*INTERVAL	:	15 MIN						
*BATTERY	:	6.5 V						
*RESTARTS	:	0						
*CONFIG	:	12						
*CHANNEL	:  2	OF  2						

	FRI	SAT	SUN	MON	TUE	WED	THU	7-DAY
DATE    05	/07/29	30	31	1	2	3	4	AVERAGE

START HOUR								

0	4	12	8	4	-	-	-	-
1	3	3	6	2	-	-	-	-
2	5	6	7	1	-	-	-	-
3	3	6	5	1	-	-	-	-
4	2	1	7	2	-	-	-	-
5	9	2	5	5	-	-	-	-
6	35	12	4	43	-	-	-	-
7	82	8	5	93	-	-	-	-
8	83	26	6	-	-	-	-	-
9	42	22	12	-	-	-	-	-
10	27	42	27	-	-	-	-	-
11	39	54	51	-	-	-	-	-
12	61	63	84	-	-	-	-	-
13	68	62	99	-	-	-	-	-
14	73	67	70	-	-	-	-	-
15	85	69	48	-	-	-	-	-
16	111	49	63	-	-	-	-	-
17	100	44	74	-	-	-	-	-
18	64	41	87	-	-	-	-	-
19	60	48	97	-	-	-	-	-
20	50	56	90	-	-	-	-	-
21	40	38	70	-	-	-	-	-
22	20	37	30	-	-	-	-	-
23	9	11	7	-	-			

	1075	779	962	151
