 
 
 
*LOCATION   : ............................................................
*SITE NUMBER: 12102618
*FILE NUMBER:        2
*INTERVAL   :   15 MIN
*BATTERY    :    6.2 V
*RESTARTS   :        0
*CONFIG     :       12
*CHANNEL    :  1 OF  2
 
             WED    THU    FRI    SAT    SUN    MON    TUE    7-DAY
DATE    05/06/29     30     01     02     03     04     05   AVERAGE
 
START HOUR
 
    0          -      6      8      8      7     10      3       -
    1          -      1      2      7     18      4      3       -
    2          -      5      4      5      6      3      3       -
    3          -      3      1      2      4      4      5       -
    4          -      0      0      6      0      6      5       -
    5          -      9     12     11      7     28     24       -
    6          -     25     60     15     11     88     80       -
    7          -     58     81     16      9     92    114       -
    8          -     46     57     29     17     79     65       -
    9          -     15     38     41     38     55     62       -
   10          -     19     58     72     88     67     90       -
   11          -     60     65    137    193    115    136       -
   12          -     62    120    148    179    135    126       -
   13          -     48    106    140    227    128    147       -
   14         80     58     96    153    212    165     99     123
   15         96    106    128    146    159    179    198     145
   16          0    131    169    169    166    246    228     158
   17          0    140    146    255    223    193    191     164
   18          0      0     35    118    280    313    226     139
   19          0      0      0      0    207    318    223     107
   20          0      0      0      0      0    216    268      69
   21          0      0      0      0      0     21    130      22
   22          0      0      0      0      0      0      0       0
   23          0      6      5      5     13      5     11       6
 
TOTALS
 
12HR 7-19      -    743   1099   1424   1791   1767   1682       -
16HR 6-22      -    768   1159   1439   2009   2410   2383       -
18HR 6-24      -    774   1164   1444   2022   2415   2394       -
24HR 0-24      -    798   1191   1483   2064   2470   2437       -
 
 
 
 
*LOCATION   : ............................................................
*SITE NUMBER: 12102618
*FILE NUMBER:        2
*INTERVAL   :   15 MIN
*BATTERY    :    6.2 V
*RESTARTS   :        0
*CONFIG     :       12
*CHANNEL    :  1 OF  2
 
             WED    THU    FRI    SAT    SUN    MON    TUE    7-DAY
DATE    05/07/06     07     08     09     10     11     12   AVERAGE
 
START HOUR
 
    0         13      9      6     18     15     12     10      12
    1          4      8      2      3     11      9      9       7
    2          3      4      5      7      4      6      6       5
    3          1      4      2      3      2      3      2       2
    4          5      8      3      0      4      3      5       4
    5         34     20     22      8      4     24     28      20
    6         74     69     48     18      8     75     74      52
    7        120     83     83     13     15    111     81      72
    8         47     38     73     32     25     61     73      50
    9         71     51     55     54     72     72     65      63
   10         75     42     66    115    100    106     94      85
   11        130     75    107    135    193    117     96     122
   12        124     96    137    205    149    109    124     135
   13        134    138    141    162    193    178    130     154
   14        141    134    137    171    197    114    131     146
   15        196    182    161    173    192    181    176     180
   16        154    188    196    203    172    202    218     190
   17        205    199    255    173    228    189    216     209
   18        180    226    409     47    212    214    284     225
   19        192    166     36      0      0    102    110      87
   20        190     14      0      0      0      0      0      29
   21        154      0      0      0      0      0      0      22
   22         50      0      0      0      0      0      0       7
   23         11      9      6      5     14     32     15      13
 
TOTALS
 
12HR 7-19   1577   1452   1820   1483   1748   1654   1688    1632
16HR 6-22   2187   1701   1904   1501   1756   1831   1872    1822
18HR 6-24   2248   1710   1910   1506   1770   1863   1887    1842
24HR 0-24   2308   1763   1950   1545   1810   1920   1947    1892
 
 
 
 
*LOCATION   : ............................................................
*SITE NUMBER: 12102618
*FILE NUMBER:        2
*INTERVAL   :   15 MIN
*BATTERY    :    6.2 V
*RESTARTS   :        0
*CONFIG     :       12
*CHANNEL    :  1 OF  2
 
             WED    THU    FRI    SAT    SUN    MON    TUE    7-DAY
DATE    05/07/13     14     15     16     17     18     19   AVERAGE
 
START HOUR
 
    0          8     15     10      7      9      3      4       8
    1          8      2     13      7     11      3      4       7
    2          4      3     12     11      8      4      4       7
    3          2      3      1      3      5      5      2       3
    4          7      3      8      4      8      7      6       6
    5         27     39     23      5      7     26     27      22
    6         77     64     45     21     13     65     67      50
    7        109     79     75     26     12     72     70      63
    8         67     70     62     32     20     50     39      49
    9         80     64     63     41     35     45     14      49
   10         93     50     67     71     60     56      9      58
   11        108     69     81    127     87     75     22      81
   12        117    100    117    162     88     85     47     102
   13        124    106    127    144    165    100     61     118
   14        141    144    182    160     97    135    103     137
   15        204    178    124    195    127    164    129     160
   16        209    180    159    126    138    213    167     170
   17        217    163    171    152    151    200    190     178
   18        211    209    159    162    159    193    174     181
   19        104    211    168    117    190    289    153     176
   20          0     10     61     63    103    185    122      78
   21          0      0      0      0     70    135     26      33
   22          0      0      0      0     26     45      2      10
   23         17     10     13     11     13      7      6      11
 
TOTALS
 
12HR 7-19   1680   1412   1387   1398   1139   1388   1025    1347
16HR 6-22   1861   1697   1661   1599   1515   2062   1393    1684
18HR 6-24   1878   1707   1674   1610   1554   2114   1401    1705
24HR 0-24   1934   1772   1741   1647   1602   2162   1448    1758
 
 
 
 
*LOCATION   : ............................................................
*SITE NUMBER: 12102618
*FILE NUMBER:        2
*INTERVAL   :   15 MIN
*BATTERY    :    6.2 V
*RESTARTS   :        0
*CONFIG     :       12
*CHANNEL    :  1 OF  2
 
             WED    THU    FRI    SAT    SUN    MON    TUE    7-DAY
DATE    05/07/20     21     22     23     24     25     26   AVERAGE
 
START HOUR
 
    0          8      6      5      7      2      4      4       5
    1          5      6      0      7      1      0      0       3
    2          1      4      4      1      0      0      3       2
    3          0      0      3      9      0      2      0       2
    4          8      5      5      7      7      6      7       6
    5         18     10     13      3      3     13     20      11
    6         53     50     27      7      5     63     62      38
    7         83     65     49     13      2     74     75      52
    8         71     63     40     14      0     45     76      44
    9         48     59     34     34      8     62     73      45
   10         86     73     27     51     15     56     83      56
   11         82     95     50     63     30     83     93      71
   12         91    111     37     94     54     72    130      84
   13         90    101     67    134     82    100    151     104
   14         76    120     61    135    141    134    131     114
   15         98    192     61    156     79    116    207     130
   16        160    232     89    173     91      0    173     131
   17        175    282     54    133    110      0     74     118
   18        129    208     58     94    158      0     76     103
   19        130    198     42    113    124      0      0      87
   20         82    143      0     56     19      0      0      43
   21          0     27      0      0      0      0      0       4
   22          0      0      0      0      1      8      7       2
   23          5     14      3      5      5      9      7       7
 
TOTALS
 
12HR 7-19   1189   1601    627   1094    770    742   1342    1052
16HR 6-22   1454   2019    696   1270    918    805   1404    1224
18HR 6-24   1459   2033    699   1275    924    822   1418    1233
24HR 0-24   1499   2064    729   1309    937    847   1452    1262
 
 
 
 
*LOCATION   : ............................................................
*SITE NUMBER: 12102618
*FILE NUMBER:        2
*INTERVAL   :   15 MIN
*BATTERY    :    6.2 V
*RESTARTS   :        0
*CONFIG     :       12
*CHANNEL    :  1 OF  2
 
             WED    THU    FRI    SAT    SUN    MON    TUE    7-DAY
DATE    05/07/27     28     29     30     31     01     02   AVERAGE
 
START HOUR
 
    0          1      4      2      4      2     13      5       4
    1          2      3      1      6      6      5      4       4
    2          3      1      2      4      4      0      1       2
    3          2      2      0      6      2      2      1       2
    4          6      7      7      5      0      8      5       5
    5         16     18     26      5      4     26     33      18
    6         28     58     55     20      9     79     60      44
    7         39     75     55      7      4     87    109      54
    8         37     55     60     26      9     55     72      45
    9         36     49     52     38     16     51     39      40
   10         32     66     64     64     39     53     52      53
   11         31     71    111     81    134     61    103      85
   12         58    111     89    127    147    117     69     103
   13         79    125    102    120    176     97      -       -
   14         69    132    153    143    181    126      -       -
   15        163    191    169    114    155    148      -       -
   16        200    247    215    152    155    175      -       -
   17        129    114    242    135    225    144      -       -
   18          0      0    135      0      0      0      -       -
   19          0      0      0      0      0      0      -       -
   20          0      0      0      0      0      0      -       -
   21          0      0      0      0      0      0      -       -
   22          1      2      5      4      4     13      -       -
   23          7     11      6     12      9      7      -       -
 
TOTALS
 
12HR 7-19    873   1236   1447   1007   1241   1114      -       -
16HR 6-22    901   1294   1502   1027   1250   1193      -       -
18HR 6-24    909   1307   1513   1043   1263   1213      -       -
24HR 0-24    939   1342   1551   1073   1281   1267      -       -
 
 
 
 
*LOCATION   : ............................................................
*SITE NUMBER: 12102618
*FILE NUMBER:        2
*INTERVAL   :   15 MIN
*BATTERY    :    6.2 V
*RESTARTS   :        0
*CONFIG     :       12
*CHANNEL    :  2 OF  2
 
             WED    THU    FRI    SAT    SUN    MON    TUE    7-DAY
DATE    05/06/29     30     01     02     03     04     05   AVERAGE
 
START HOUR
 
    0          -      4      3      3      2      4      2       -
    1          -      4      0      1      2      1      0       -
    2          -      1      0      0      3      1      1       -
    3          -      1      1      1      1      0      0       -
    4          -      0      3      2      1      3      2       -
    5          -      3      9      1      1      9      7       -
    6          -     15     30      2      3     31     29       -
    7          -     18     25     10      4     36     49       -
    8          -     11     20     13     10     23     25       -
    9          -     19     14     30     23     35     32       -
   10          -     12     24     28     47     36     38       -
   11          -     22     24     44     71     51     54       -
   12          -     19     25     64     75     45     74       -
   13          -     15     51     55     75     67     52       -
   14         17     24     46     53     76     52     71      48
   15         29     25     56     63     63     80     76      56
   16          0     25     44     50     66     86     76      50
   17          0     39     18     48     62     75     67      44
   18          0      0      9     22     74     99    100      43
   19          0      0      0      0     48     78     75      29
   20          0      0      0      0      0     78     62      20
   21          0      0      0      0      0      7     32       6
   22          0      0      0      0      0      0      0       0
   23          3      0      3      3      1      3      3       2
 
TOTALS
 
12HR 7-19      -    229    356    480    646    685    714       -
16HR 6-22      -    244    386    482    697    879    912       -
18HR 6-24      -    244    389    485    698    882    915       -
24HR 0-24      -    257    405    493    708    900    927       -
 
 
 
 
*LOCATION   : ............................................................
*SITE NUMBER: 12102618
*FILE NUMBER:        2
*INTERVAL   :   15 MIN
*BATTERY    :    6.2 V
*RESTARTS   :        0
*CONFIG     :       12
*CHANNEL    :  2 OF  2
 
             WED    THU    FRI    SAT    SUN    MON    TUE    7-DAY
DATE    05/07/06     07     08     09     10     11     12   AVERAGE
 
START HOUR
 
    0          1      1      3      6      7      5      4       4
    1          5      2      0      2      6      1      1       2
    2          2      1      1      2      3      1      0       1
    3          0      0      0      0      0      0      0       0
    4          3      1      4      1      1      2      1       2
    5          8      7     11      5      3      6      7       7
    6         27     25     31      3      7     33     30      22
    7         33     34     30      9      9     36     32      26
    8         33     17     24     17     17     28     20      22
    9         36     16     28     28     40     29     28      29
   10         32     12     29     25     51     21     29      28
   11         47     32     50     48     78     45     55      51
   12         46     28     43     62     67     40     37      46
   13         50     36     41     50     68     53     53      50
   14         49     56     52     59     65     59     51      56
   15         60     65     53     68     57     67     75      64
   16         51     52     65     66     62     60     58      59
   17         64     73     78     31     72     67     80      66
   18         51     69     58     16     69     81     68      59
   19         56     46     12      0      0     30     21      24
   20         69     10      0      0      0      0      0      11
   21         41      0      0      0      0      0      0       6
   22        935      0      0      0      0      0      0     134
   23          3      1      7      5      0      5      4       4
 
TOTALS
 
12HR 7-19    552    490    551    479    655    586    586     557
16HR 6-22    745    571    594    482    662    649    637     620
18HR 6-24   1683    572    601    487    662    654    641     757
24HR 0-24   1702    584    620    503    682    669    654     773
 
 
 
 
*LOCATION   : ............................................................
*SITE NUMBER: 12102618
*FILE NUMBER:        2
*INTERVAL   :   15 MIN
*BATTERY    :    6.2 V
*RESTARTS   :        0
*CONFIG     :       12
*CHANNEL    :  2 OF  2
 
             WED    THU    FRI    SAT    SUN    MON    TUE    7-DAY
DATE    05/07/13     14     15     16     17     18     19   AVERAGE
 
START HOUR
 
    0         10      1      6      2      5      2      2       4
    1          0      1      1      6      3      0      0       2
    2          0      2      1      1      1      0      2       1
    3          2      0      1      1      1      0      1       1
    4          2      3      5      0      3      5      1       3
    5          7     11     13      2      1      7      8       7
    6         30     25     24      6      6     28     24      20
    7         37     32     23      4      8     18     35      22
    8         16     19     21     10     15     19     11      16
    9         26     27     22     19     17     16     10      20
   10         28     26     32     24     32     28      7      25
   11         46     33     24     42     49     28     12      33
   12         43     37     53     50     35     36     27      40
   13         61     45     37     51     33     56     24      44
   14         67     33     47     54     61     31     27      46
   15         86     57     62     50     40     72     38      58
   16         71     52     65     56     56     84     53      62
   17         71     56     63     35     46     73     50      56
   18         67     63     42     61     37     87     51      58
   19         23     56     35     42     50     80     37      46
   20          0      4     19     10     22     49     22      18
   21          0      0      0      0     18     35      7       9
   22          0      0      0      0      9      8      0       2
   23          9      2      1      4      2      3      2       3
 
TOTALS
 
12HR 7-19    619    480    491    456    429    548    345     481
16HR 6-22    672    565    569    514    525    740    435     574
18HR 6-24    681    567    570    518    536    751    437     580
24HR 0-24    702    585    597    530    550    765    451     597
 
 
 
 
*LOCATION   : ............................................................
*SITE NUMBER: 12102618
*FILE NUMBER:        2
*INTERVAL   :   15 MIN
*BATTERY    :    6.2 V
*RESTARTS   :        0
*CONFIG     :       12
*CHANNEL    :  2 OF  2
 
             WED    THU    FRI    SAT    SUN    MON    TUE    7-DAY
DATE    05/07/20     21     22     23     24     25     26   AVERAGE
 
START HOUR
 
    0          1      4      1      4      0      1      3       2
    1          1      0      2      3      0      0      5       2
    2          0      0      0      3      0      0      1       1
    3          0      0      0      1      0      0      0       0
    4          2      1      3      2      0      2      2       2
    5          7      8      6      3      1      8     10       6
    6         18     17     27      5      2     13     24      15
    7         22     25     13      6      1     26     24      17
    8         20     15     10      4      3     14     29      14
    9         19     21     12     17      4     18     24      16
   10         28     22     11     18      9     29     30      21
   11         36     26     23     40     15     36     44      31
   12         41     29     19     30     24     42     47      33
   13         25     39     16     41     30     25     46      32
   14         30     36     30     43     39     34     55      38
   15         35     48     17     37     34     23     71      38
   16         42     49     10     39     46      0     55      34
   17         33     60     12     28     34      0     24      27
   18         38     72     17     47     40      0     23      34
   19         29     81     25     27     33      0      0      28
   20         38     48      0     20      5      0      0      16
   21          0     18      0      0      0      0      0       3
   22          0      0      0      2      0      3      2       1
   23          5     11      5      1      4      1      0       4
 
TOTALS
 
12HR 7-19    369    442    190    350    279    247    472     336
16HR 6-22    454    606    242    402    319    260    496     397
18HR 6-24    459    617    247    405    323    264    498     402
24HR 0-24    470    630    259    421    324    275    519     414
 
 
 
 
*LOCATION   : ............................................................
*SITE NUMBER: 12102618
*FILE NUMBER:        2
*INTERVAL   :   15 MIN
*BATTERY    :    6.2 V
*RESTARTS   :        0
*CONFIG     :       12
*CHANNEL    :  2 OF  2
 
             WED    THU    FRI    SAT    SUN    MON    TUE    7-DAY
DATE    05/07/27     28     29     30     31     01     02   AVERAGE
 
START HOUR
 
    0          2      2      5      0      2      1      5       2
    1          0      0      0      1      1      1      0       0
    2          2      0      0      0      0      0      0       0
    3          1      0      1      2      0      0      1       1
    4          1      1      1      2      0      2      3       1
    5          4      5      6      2      2      8      9       5
    6          7     25     20      3      1     27     27      16
    7         10     31     20     15      5     34     21      19
    8          9     11     17      8      4     13     23      12
    9         18     21     31     21     11     18     13      19
   10         14     28     28     27     30     22     22      24
   11         12     27     28     35     58     21     38      31
   12         23     29     46     43     52     37     48      40
   13         39     31     51     48     63     49      -       -
   14         32     44     50     51     59     46      -       -
   15         50     60     49     27     49     43      -       -
   16         56     64     44     50     45     69      -       -
   17         14     29     49     59     45     38      -       -
   18          0      0     40      0      0      0      -       -
   19          0      0      0      0      0      0      -       -
   20          0      0      0      0      0      0      -       -
   21          0      0      0      0      0      0      -       -
   22          2      1      2      3     15     13      -       -
   23          2      4      6      2      2      1      -       -
 
TOTALS
 
12HR 7-19    277    375    453    384    421    390      -       -
16HR 6-22    284    400    473    387    422    417      -       -
18HR 6-24    288    405    481    392    439    431      -       -
24HR 0-24    298    413    494    399    444    443      -       -
 
