 
 
 
*LOCATION   : ............................................................
*SITE NUMBER: 10201518
*FILE NUMBER:        7
*INTERVAL   :   15 MIN
*BATTERY    :    6.5 V
*RESTARTS   :        0
*CONFIG     :        0
*CHANNEL    :  1 OF  1
 
             TUE    WED    THU    FRI    SAT    SUN    MON    7-DAY
DATE    09/04/07     08     09     10     11     12     13   AVERAGE
 
START HOUR
 
    0          -      4      4      2      4      3      3       -
    1          -      2      2      3      3      3      3       -
    2          -      2      3      1      0      0      1       -
    3          -      0      0      0      1      1      0       -
    4          -      2      3      0      1      0      1       -
    5          -     11     11      0      1      0      0       -
    6          -     49     40      3      8      5      3       -
    7          -    126     95      4      7      4      4       -
    8          -    114     79      8     18     14     10       -
    9          -     65     60     15     16     13     19       -
   10          -     34     33     18     25     16     26       -
   11         39     30     33     26     34     53     47      37
   12         24     33     28     33     46     35     53      36
   13         31     34     38     37     50     44     44      40
   14         38     56     40     54     65     49     51      50
   15         93     64     69     50     56     36     51      60
   16        113    123     78     43     37     37     45      68
   17         96     89     65     35     36     23     38      55
   18         70     76     34     24     26     23     22      39
   19         39     39     15     22     19     16     33      26
   20         33     35     12     18     12     10     18      20
   21         14     14      9      7      7      9      7      10
   22         11      7      5     10      2      4      6       6
   23          9      5      5      4      4      2      2       4
 
TOTALS
 
12HR 7-19      -    844    652    347    416    347    410       -
16HR 6-22      -    981    728    397    462    387    471       -
18HR 6-24      -    993    738    411    468    393    479       -
24HR 0-24      -   1014    761    417    478    400    487       -

 
 









 
*LOCATION   : ............................................................
*SITE NUMBER: 10201518
*FILE NUMBER:        7
*INTERVAL   :   15 MIN
*BATTERY    :    6.5 V
*RESTARTS   :        0
*CONFIG     :        0
*CHANNEL    :  1 OF  1
 
             TUE    WED    THU    FRI    SAT    SUN    MON    7-DAY
DATE    09/04/14     15     16     17     18     19     20   AVERAGE
 
START HOUR
 
    0          4      3      6      4      4      3      2       4
    1          2      3      2      2      6      3      2       3
    2          0      0      0      0      2      0      1       0
    3          0      0      1      1      1      0      0       0
    4          1      1      1      2      0      2      1       1
    5         14     17     13     15      1      2     16      11
    6         60     70     61     56      6      3     63      46
    7        159    167    156    157      8      8    171     118
    8        132    132    149    137     24      6    169     107
    9         70     90     76     74     12     27     74      60
   10         44     45     44     34     26     48     45      41
   11         25     42     36     41     42     47     44      40
   12         39     39     36     33     38     89     33      44
   13         34     38     40     33     53     74     38      44
   14         51     66     47     72     38     62     52      55
   15         89    103    121     92     44     63    105      88
   16        157    160    150    137     38     57    165     123
   17        121    143    136    113     33     43    129     103
   18         78     97     75     66     26     28     88      65
   19         61     74     58     36     17     30     76      50
   20         36     57     38     31     17     27     51      37
   21         23     28     27     19      9     10     31      21
   22         12     17     16     11      8     12     13      13
   23          4      6      4      6      6      4      4       5
 
TOTALS
 
12HR 7-19    999   1122   1066    989    382    552   1113     889
16HR 6-22   1179   1351   1250   1131    431    622   1334    1043
18HR 6-24   1195   1374   1270   1148    445    638   1351    1060
24HR 0-24   1216   1398   1293   1172    459    648   1373    1080

 
 
 
 












*LOCATION   : ............................................................
*SITE NUMBER: 10201518
*FILE NUMBER:        7
*INTERVAL   :   15 MIN
*BATTERY    :    6.5 V
*RESTARTS   :        0
*CONFIG     :        0
*CHANNEL    :  1 OF  1
 
             TUE    WED    THU    FRI    SAT    SUN    MON    7-DAY
DATE    09/04/21     22     23     24     25     26     27   AVERAGE
 
START HOUR
 
    0          3      2      3      5      8      9      2       5
    1          3      2      4      3      4      3      0       3
    2          0      2      3      4      1      2      0       2
    3          0      1      1      0      1      0      0       0
    4          1      1      3      1      1      1      2       1
    5         15     16     17     12      2      3     16      12
    6         66     68     80     73      9      4     96      57
    7        207    210    179    184     17     11    242     150
    8        155    168    145    170     32     19    191     126
    9         81     95     78     99     51     35    122      80
   10         45     37     57     45     43     69     53      50
   11         38     48     55     39     77     97     44      57
   12         36     42     52     56     93    156     48      69
   13         49     53     51     70    112    172     63      81
   14         56     62     69     85     92    219     64      92
   15        113    120    103    137    105    159    157     128
   16        174    179    187    208     72    126    241     170
   17        150    180    152    152     54     82    201     139
   18         92     93     92     94     59     68    141      91
   19         68     70     81     70     41     62    107      71
   20         49     57     56     44     39     43     85      53
   21         29     23     40     25     21     23     35      28
   22         11     13     20     20     17     12     16      16
   23          5      9      9     12     11      2      5       8
 
TOTALS
 
12HR 7-19   1196   1287   1220   1339    807   1213   1567    1233
16HR 6-22   1408   1505   1477   1551    917   1345   1890    1442
18HR 6-24   1424   1527   1506   1583    945   1359   1911    1465
24HR 0-24   1446   1551   1537   1608    962   1377   1931    1487

 
 
 
 
*LOCATION   : ............................................................
*SITE NUMBER: 10201518
*FILE NUMBER:        7
*INTERVAL   :   15 MIN
*BATTERY    :    6.5 V
*RESTARTS   :        0
*CONFIG     :        0
*CHANNEL    :  1 OF  1
 
             TUE    WED    THU    FRI    SAT    SUN    MON    7-DAY
DATE    09/04/28     29     30     01     02     03     04   AVERAGE
 
START HOUR
 
    0          8      3      7     12      6     11      4       7
    1          2      4      3      7      5      5      1       4
    2          1      2      2      7      1      0      1       2
    3          0      1      0      6      0      0      0       1
    4          0      2      3      1      0      2      3       2
    5         20     14     15      1      2      2     23      11
    6         98     80     70      6      9      3    102      53
    7        250    249    187     11     10      6    289     143
    8        228    210    182     12     25     26    265     135
    9        114    104     91     24     42     42    119      77
   10         64     69     51     36     46     76     59      57
   11         64     54     43     51     58    117     57      63
   12         54     62     46     71     68    132     57      70
   13         62     50     76     53    121    147     50      80
   14         87     71    134    104     98    115     57      95
   15        163    132    194     37    114     98    182     131
   16        219    239    155     53     96    105    285     165
   17        210    165     74     55     91     82    211     127
   18        158    112     50     61     72     71    147      96
   19         99     91     31     30     64     68     82      66
   20         76     78     25     29     42     44     67      52
   21         26     46     19     17     19     33     39      28
   22         15     22     18     13     10     13     17      15
   23          6      7      9      9     11      7     11       9
 
TOTALS
 
12HR 7-19   1673   1517   1283    568    841   1017   1778    1240
16HR 6-22   1972   1812   1428    650    975   1165   2068    1439
18HR 6-24   1993   1841   1455    672    996   1185   2096    1463
24HR 0-24   2024   1867   1485    706   1010   1205   2128    1489










 
 
 
 
*LOCATION   : ............................................................
*SITE NUMBER: 10201518
*FILE NUMBER:        7
*INTERVAL   :   15 MIN
*BATTERY    :    6.5 V
*RESTARTS   :        0
*CONFIG     :        0
*CHANNEL    :  1 OF  1
 
             TUE    WED    THU    FRI    SAT    SUN    MON    7-DAY
DATE    09/05/05     06     07     08     09     10     11   AVERAGE
 
START HOUR
 
    0          4      -      -      -      -      -      -       -
    1          2      -      -      -      -      -      -       -
    2          0      -      -      -      -      -      -       -
    3          0      -      -      -      -      -      -       -
    4          2      -      -      -      -      -      -       -
    5         20      -      -      -      -      -      -       -
    6        113      -      -      -      -      -      -       -
    7        279      -      -      -      -      -      -       -
    8        266      -      -      -      -      -      -       -
    9        137      -      -      -      -      -      -       -
   10         56      -      -      -      -      -      -       -
   11         56      -      -      -      -      -      -       -
   12         56      -      -      -      -      -      -       -
   13         60      -      -      -      -      -      -       -
   14         65      -      -      -      -      -      -       -
   15          -      -      -      -      -      -      -       -
   16          -      -      -      -      -      -      -       -
   17          -      -      -      -      -      -      -       -
   18          -      -      -      -      -      -      -       -
   19          -      -      -      -      -      -      -       -
   20          -      -      -      -      -      -      -       -
   21          -      -      -      -      -      -      -       -
   22          -      -      -      -      -      -      -       -
   23          -      -      -      -      -      -      -       -
 
TOTALS
 
12HR 7-19      -      -      -      -      -      -      -       -
16HR 6-22      -      -      -      -      -      -      -       -
18HR 6-24      -      -      -      -      -      -      -       -
24HR 0-24      -      -      -      -      -      -      -       -

 

