 
 
 
*LOCATION   : ............................................................
*SITE NUMBER: 10301423
*FILE NUMBER:        3
*INTERVAL   :   15 MIN
*BATTERY    :    6.4 V
*RESTARTS   :        0
*CONFIG     :        0
*CHANNEL    :  1 OF  1
 
             MON    TUE    WED    THU    FRI    SAT    SUN    7-DAY
DATE    09/03/30     31     01     02     03     04     05   AVERAGE
 
START HOUR
 
    0          -      2      0      1      1      1      3       -
    1          -      1      3      1      1      2      3       -
    2          -      0      0      0      0      0      2       -
    3          -      0      0      2      0      2      0       -
    4          -      0      0      0      2      0      1       -
    5          -      7      8      5      4      0      2       -
    6          -     15     19     20     17      1      3       -
    7          -     21     47     50     49      6      8       -
    8          -     41     36     47     39     10      8       -
    9          -     15     17     19     34      4     10       -
   10          9      9     13      8     18     11     21      13
   11          7     22     20      9     27     13     29      18
   12          6     11     24     12     14      6     27      14
   13          5     17     16     11     22     10     39      17
   14         10     14     18     23     32     15     44      22
   15         20     40     32     39     57     15     30      33
   16         29     34     44     49     49      2     30      34
   17         28     33     32     39     40      4     26      29
   18         13     22     19     23     29      5     18      18
   19          7     24     27     19     15      3     25      17
   20         13     18     24     20     10      4     15      15
   21          8      4     13      8      4      8      4       7
   22          2      5      2      8      4      2      2       4
   23          1      1      2      1     10      1      1       2
 
TOTALS
 
12HR 7-19      -    279    318    329    410    101    290       -
16HR 6-22      -    340    401    396    456    117    337       -
18HR 6-24      -    346    405    405    470    120    340       -
24HR 0-24      -    356    416    414    478    125    351       -

 
 









 
 
*LOCATION   : ............................................................
*SITE NUMBER: 10301423
*FILE NUMBER:        3
*INTERVAL   :   15 MIN
*BATTERY    :    6.4 V
*RESTARTS   :        0
*CONFIG     :        0
*CHANNEL    :  1 OF  1
 
             MON    TUE    WED    THU    FRI    SAT    SUN    7-DAY
DATE    09/04/06     07     08     09     10     11     12   AVERAGE
 
START HOUR
 
    0          2      1      1      1      3      3      2       2
    1          0      0      1      0      1      2      3       1
    2          0      1      1      0      0      0      0       0
    3          0      0      0      1      0      0      0       0
    4          0      0      0      2      2      1      0       1
    5          9      9      6     11      0      2      1       5
    6         28     29     27     16      3      1      2      15
    7         56     76     52     54      5      7      4      36
    8         62     50     59     36      4      8      6      32
    9         28     23     25     18     12     10     14      19
   10         10     19     18      9     20     25     15      17
   11         20     21     21     21     16     30     28      22
   12         22     10     36     27     25     44     38      29
   13         17     13     47     30     28     46     49      33
   14         20     21     31     32     24     49     34      30
   15         41     41     48     45     28     32     36      39
   16         63     64     78     35     32     44     23      48
   17         44     46     52     18     28     23     23      33
   18         34     23     40     19     14     23     18      24
   19         21     25     20     32     10     26     16      21
   20         22     21     27     10     13      8      6      15
   21         16      6     14      6     13     15     16      12
   22          4      2      1      4      6      6      5       4
   23          2      2      3      2      2      4      6       3
 
TOTALS
 
12HR 7-19    417    407    507    344    236    341    288     363
16HR 6-22    504    488    595    408    275    391    328     427
18HR 6-24    510    492    599    414    283    401    339     434
24HR 0-24    521    503    608    429    289    409    345     443

 
 
 






 
*LOCATION   : ............................................................
*SITE NUMBER: 10301423
*FILE NUMBER:        3
*INTERVAL   :   15 MIN
*BATTERY    :    6.4 V
*RESTARTS   :        0
*CONFIG     :        0
*CHANNEL    :  1 OF  1
 
             MON    TUE    WED    THU    FRI    SAT    SUN    7-DAY
DATE    09/04/13     14     15     16     17     18     19   AVERAGE
 
START HOUR
 
    0          3      2      0      5      6      4      5       4
    1          1      1      2      0      0      4      4       2
    2          1      0      1      3      4      2      0       2
    3          2      1      1      0      0      3      2       1
    4          1      1      3      0      3      0      3       2
    5          3     15     11     13      8      1      3       8
    6          2     46     51     55     43      6      2      29
    7          2     82     85     85     75      7      1      48
    8         14     83     83     84     68     12     11      51
    9          8     34     35     45     34     13     14      26
   10         24     20     25     19     16     25     20      21
   11         18     22     18     20     19     21     24      20
   12         28     16     32     42     17     35     47      31
   13         37     23     31     29     29     40     41      33
   14         43     36     32     41     33     42     31      37
   15         26     51     67     79     69     25     52      53
   16         28     89    121    105     78     34     32      70
   17         24     72     68     70     47     23     27      47
   18         24     70     65     56     39     19     23      42
   19         20     30     43     20     20     13     22      24
   20         11     23     33     42     20     17     11      22
   21         12     11     21     22     15     11     15      15
   22          5      8      5     12      9      8      6       8
   23          1      0      2      3      3      1      2       2
 
TOTALS
 
12HR 7-19    276    598    662    675    524    296    323     479
16HR 6-22    321    708    810    814    622    343    373     570
18HR 6-24    327    716    817    829    634    352    381     579
24HR 0-24    338    736    835    850    655    366    398     597

 
 










 
 
*LOCATION   : ............................................................
*SITE NUMBER: 10301423
*FILE NUMBER:        3
*INTERVAL   :   15 MIN
*BATTERY    :    6.4 V
*RESTARTS   :        0
*CONFIG     :        0
*CHANNEL    :  1 OF  1
 
             MON    TUE    WED    THU    FRI    SAT    SUN    7-DAY
DATE    09/04/20     21     22     23     24     25     26   AVERAGE
 
START HOUR
 
    0          2      0      3      3      7      8      7       4
    1          0      0      2      1      2      6      4       2
    2          0      0      0      4      1      2      3       1
    3          2      0      1      1      1      2      5       2
    4          2      2      2      1      3      5      1       2
    5         13     12      8     12     10      2      2       8
    6         46     58     60     60     56     11      8      43
    7         94     94    100    106    112      8     16      76
    8         95    104    115    120    113     25     22      85
    9         34     46     44     46     47     49     34      43
   10         16     26     18     28     31     61     46      32
   11         26     29     35     28     39     72     90      46
   12         22     32     28     25     54     95    103      51
   13         17     23     42     41     52     82     97      51
   14         30     34     42     44     57     81    106      56
   15         81     94     70     92    110     78    101      89
   16         96    109    117    119    113     64     72      99
   17         78     79     91    109     90     44     87      83
   18         62     47     69     76     63     45     67      61
   19         46     43     40     45     42     37     44      42
   20         26     45     41     65     42     23     33      39
   21         16     20     29     28     20     23     26      23
   22          9      8      8     11     11     13     11      10
   23          2      5      4     10      6      5      6       5
 
TOTALS
 
12HR 7-19    651    717    771    834    881    704    841     771
16HR 6-22    785    883    941   1032   1041    798    952     919
18HR 6-24    796    896    953   1053   1058    816    969     934
24HR 0-24    815    910    969   1075   1082    841    991     955






 
 
 
 
*LOCATION   : ............................................................
*SITE NUMBER: 10301423
*FILE NUMBER:        3
*INTERVAL   :   15 MIN
*BATTERY    :    6.4 V
*RESTARTS   :        0
*CONFIG     :        0
*CHANNEL    :  1 OF  1
 
             MON    TUE    WED    THU    FRI    SAT    SUN    7-DAY
DATE    09/04/27     28     29     30     01     02     03   AVERAGE
 
START HOUR
 
    0          5      1      7      3      8     11     15       7
    1          0      2      4      2     16      7      4       5
    2          2      0      0      1      8      6      2       3
    3          5      3      0      2      0      2      2       2
    4          1      4      3      3     10      3      1       4
    5         21     26     25     18      5      2      2      14
    6         74     94     92     69     11      9     11      51
    7        135    167    146    116      5      9     11      84
    8        158    173    154    124     10     17     19      94
    9         61     61     56     51     31     38     34      47
   10         34     42     34     40     43     33     60      41
   11         47     61     48     48     52     89    100      64
   12         46     53     46     56     70     76    123      67
   13         41     55     41     53     73     82    111      65
   14         57     64     58     92     55     72    119      74
   15        136    137    114    137     58     84     76     106
   16        183    221    168     91     36     74     95     124
   17        148    124    115     65     33     70     89      92
   18        101    100     68     23     38     59     62      64
   19         71     85     59     33     30     50     60      55
   20         75     73     63     35     28     43     40      51
   21         33     47     30     14     16     21     29      27
   22         12     16     14     13      8     20      8      13
   23          8      4      4      4      6      3      7       5
 
TOTALS
 
12HR 7-19   1147   1258   1048    896    504    703    899     922
16HR 6-22   1400   1557   1292   1047    589    826   1039    1107
18HR 6-24   1420   1577   1310   1064    603    849   1054    1125
24HR 0-24   1454   1613   1349   1093    650    880   1080    1160

 






 
 
 
*LOCATION   : ............................................................
*SITE NUMBER: 10301423
*FILE NUMBER:        3
*INTERVAL   :   15 MIN
*BATTERY    :    6.4 V
*RESTARTS   :        0
*CONFIG     :        0
*CHANNEL    :  1 OF  1
 
             MON    TUE    WED    THU    FRI    SAT    SUN    7-DAY
DATE    09/05/04     05     06     07     08     09     10   AVERAGE
 
START HOUR
 
    0          0      3      -      -      -      -      -       -
    1          1      3      -      -      -      -      -       -
    2          2      0      -      -      -      -      -       -
    3          2      0      -      -      -      -      -       -
    4          5      3      -      -      -      -      -       -
    5         33     27      -      -      -      -      -       -
    6         82    108      -      -      -      -      -       -
    7        214    198      -      -      -      -      -       -
    8        197    187      -      -      -      -      -       -
    9         70     75      -      -      -      -      -       -
   10         45     41      -      -      -      -      -       -
   11         43     36      -      -      -      -      -       -
   12         52     59      -      -      -      -      -       -
   13         41      -      -      -      -      -      -       -
   14         60      -      -      -      -      -      -       -
   15        122      -      -      -      -      -      -       -
   16        212      -      -      -      -      -      -       -
   17        166      -      -      -      -      -      -       -
   18        100      -      -      -      -      -      -       -
   19         59      -      -      -      -      -      -       -
   20         72      -      -      -      -      -      -       -
   21         30      -      -      -      -      -      -       -
   22         10      -      -      -      -      -      -       -
   23          7      -      -      -      -      -      -       -
 
TOTALS
 
12HR 7-19   1322      -      -      -      -      -      -       -
16HR 6-22   1565      -      -      -      -      -      -       -
18HR 6-24   1582      -      -      -      -      -      -       -
24HR 0-24   1625      -      -      -      -      -      -       -

 

