 
 
*LOCATION   : ............................................................
*SITE NUMBER: 11501428
*FILE NUMBER:        1
*INTERVAL   :   15 MIN
*BATTERY    :    6.0 V
*RESTARTS   :        0
*CONFIG     :        0
*CHANNEL    :  1 OF  1
 
             MON    TUE    WED    THU    FRI    SAT    SUN    7-DAY
DATE    09/03/30     31     01     02     03     04     05   AVERAGE
 
START HOUR
 
    0          -      2      2      5     10      4      6       -
    1          -      2      1      4      4      3      5       -
    2          -      0      1      3      4      5      0       -
    3          -      0      0      2      1      1      2       -
    4          -      1      0      0      0      3      3       -
    5          -      1      5      4      5      2      1       -
    6          -     16     17     20     15      2      0       -
    7          -     31     28     40     33      6      3       -
    8          -     53     56     71     69     11     10       -
    9         47     58     60     38     42     26     10      40
   10         21     24     22     34     39     21     18      26
   11         24     21     35     48     36     20     23      30
   12         19     35     32     33     38     18     18      28
   13         26     34     40     22     40     14     24      29
   14         32     32     32     31     55     18     37      34
   15         43     64     45     53     63     23     35      47
   16         58     53     76     61     81     23     28      54
   17         47     56     84     58     64     15     30      51
   18         19     39     54     45     43     17     27      35
   19         12     25     29     30     21      9     15      20
   20         10     17     22     22     20      4      9      15
   21          7      7     19     14      6      4      8       9
   22          5      7      8     15     12      5      5       8
   23          4      4      9      8      7      8      4       6
 
TOTALS
 
12HR 7-19      -    500    564    534    603    212    263       -
16HR 6-22      -    565    651    620    665    231    295       -
18HR 6-24      -    576    668    643    684    244    304       -
24HR 0-24      -    582    677    661    708    262    321       -
 
 
 
 
*LOCATION   : ............................................................
*SITE NUMBER: 11501428
*FILE NUMBER:        1
*INTERVAL   :   15 MIN
*BATTERY    :    6.0 V
*RESTARTS   :        0
*CONFIG     :        0
*CHANNEL    :  1 OF  1
 
             MON    TUE    WED    THU    FRI    SAT    SUN    7-DAY
DATE    09/04/06     07     08     09     10     11     12   AVERAGE
 
START HOUR
 
    0          2      2      4      6      3      1      5       3
    1          0      7      3      3      3      2      4       3
    2          0      2      0      1      2      2      6       2
    3          1      2      1      1      1      2      3       2
    4          0      0      2      0      3      1      2       1
    5          2      6      7      8      1      1      2       4
    6         16     23     19     11      3      2      3      11
    7         42     50     55     34      3      5      3      27
    8         84     91     89     67      4      6      6      50
    9         61     70     68     53      5     11      5      39
   10         20     24     41     43     19     30     18      28
   11         31     32     42     35     20     23     15      28
   12         39     30     44     34     11     36     20      31
   13         27     31     41     31     32     41     19      32
   14         34     36     32     52     19     53     26      36
   15         64     54     72     49     29     47     24      48
   16         68    100     90     61     25     31     21      57
   17         84     78     76     55     23     21     19      51
   18         43     84     51     24     12     21     17      36
   19         36     30     41     19     14     24     14      25
   20         27     22     21     24     15     15     14      20
   21         35     22     25     10     13     11      8      18
   22          8      3     13      4     11      5      4       7
   23         15      5      6      3      3     11      2       6
 
TOTALS
 
12HR 7-19    597    680    701    538    202    325    193     462
16HR 6-22    711    777    807    602    247    377    232     536
18HR 6-24    734    785    826    609    261    393    238     549
24HR 0-24    739    804    843    628    274    402    260     564
 
 
 
 
*LOCATION   : ............................................................
*SITE NUMBER: 11501428
*FILE NUMBER:        1
*INTERVAL   :   15 MIN
*BATTERY    :    6.0 V
*RESTARTS   :        0
*CONFIG     :        0
*CHANNEL    :  1 OF  1
 
             MON    TUE    WED    THU    FRI    SAT    SUN    7-DAY
DATE    09/04/13     14     15     16     17     18     19   AVERAGE
 
START HOUR
 
    0          5      4      4      4      9     11      6       6
    1          6      1      4      5      1      7      6       4
    2          1      1      3      3      7      5      6       4
    3          1      2      2      0      2      1      3       2
    4          0      1      1      0      2      3      1       1
    5          0     10      4      4      6      3      1       4
    6          3     24     22     29     20      6      3      15
    7          4     69     73     67     68      6      4      42
    8          9     97     99    101    103      8     10      61
    9          9     64     88    103     72     20     11      52
   10         13     39     50     54     42     25     14      34
   11         17     37     46     51     41     41     28      37
   12         24     37     68     55     47     54     38      46
   13         23     34     54     54     43     38     48      42
   14         24     45     56     46     56     62     47      48
   15         26     69     90     85     71     44     42      61
   16         18    113    123    111    107     36     44      79
   17         36     85    138    129     85     27     29      76
   18         19     67     77     62     57     29     24      48
   19         17     42     65     46     33     22     20      35
   20         11     33     51     40     28     15     13      27
   21         11     18     19     25     16     14     14      17
   22          8     11     26     12      8      6      5      11
   23          2      9      8      8     11      9      3       7
 
TOTALS
 
12HR 7-19    222    756    962    918    792    390    339     626
16HR 6-22    264    873   1119   1058    889    447    389     720
18HR 6-24    274    893   1153   1078    908    462    397     738
24HR 0-24    287    912   1171   1094    935    492    420     759
 
 
 
 
*LOCATION   : ............................................................
*SITE NUMBER: 11501428
*FILE NUMBER:        1
*INTERVAL   :   15 MIN
*BATTERY    :    6.0 V
*RESTARTS   :        0
*CONFIG     :        0
*CHANNEL    :  1 OF  1
 
             MON    TUE    WED    THU    FRI    SAT    SUN    7-DAY
DATE    09/04/20     21     22     23     24     25     26   AVERAGE
 
START HOUR
 
    0          1      6      4      9      9      8     15       7
    1          2      3      1      7      6      7      4       4
    2          3      1      0      3      3      7     10       4
    3          0      1      0      1      3      8      8       3
    4          0      1      1      1      0      3      0       1
    5          5      5      5      3      9      3      0       4
    6         27     28     25     27     19      3      2      19
    7         67     75     85     89     99     12      6      62
    8        131    142    151    132    126     28      7     102
    9         79     97    100     91     95     35     18      74
   10         44     53     47     56     66     71     41      54
   11         55     44     47     51     52     89     75      59
   12         60     65     58     66     84     98     74      72
   13         47     51     79     48     70     98    107      71
   14         63     69     59     65     89    112     92      78
   15         73     76     87     93    106     84     86      86
   16        141    147    132    138    153     80     84     125
   17        114    133    129    118    132     65     80     110
   18         77     74     93    102     62     48     56      73
   19         52     69     65     73     57     35     49      57
   20         37     39     45     50     44     31     33      40
   21         26     24     32     39     29     22     22      28
   22         15     18     15     22     23     19     18      19
   23          7     13     17     17     18     18      5      14
 
TOTALS
 
12HR 7-19    951   1026   1067   1049   1134    820    726     968
16HR 6-22   1093   1186   1234   1238   1283    911    832    1111
18HR 6-24   1115   1217   1266   1277   1324    948    855    1143
24HR 0-24   1126   1234   1277   1301   1354    984    892    1167
 
 
 
 
*LOCATION   : ............................................................
*SITE NUMBER: 11501428
*FILE NUMBER:        1
*INTERVAL   :   15 MIN
*BATTERY    :    6.0 V
*RESTARTS   :        0
*CONFIG     :        0
*CHANNEL    :  1 OF  1
 
             MON    TUE    WED    THU    FRI    SAT    SUN    7-DAY
DATE    09/04/27     28     29     30     01     02     03   AVERAGE
 
START HOUR
 
    0          7     10      4      9      9     22     10      10
    1          2      5      3      4     11     10      9       6
    2          0      1      3      5     21     12      3       6
    3          0      2      2      4     15      5     10       5
    4          0      3      1      2      2      4      4       2
    5          6      4      4      9      5      7      4       6
    6         37     35     37     25      7      4      1      21
    7        102    146    119     83      6     10      6      67
    8        206    209    209    163      9     10     11     117
    9        124    119    127    111     20     34     31      81
   10         75     77     52     68     30     45     40      55
   11         64     72     64     67     64     95     49      68
   12         81     79     75     89     59    102     67      79
   13         80     89     75    105     98     95     78      89
   14         94     82     77    118     90    114     74      93
   15        137    136    129    152     64     99     83     114
   16        214    215    193    123     70     80     70     138
   17        159    170    166     77     55     66     56     107
   18        149    134    116     61     51     62     55      90
   19        100     87     87     55     33     45     54      66
   20         62     62     67     24     37     34     33      46
   21         45     37     43     30     25     21     20      32
   22         19     19     24     23     19     16     12      19
   23         13     11     23     28     11     12      8      15
 
TOTALS
 
12HR 7-19   1485   1528   1402   1217    616    812    620    1097
16HR 6-22   1729   1749   1636   1351    718    916    728    1261
18HR 6-24   1761   1779   1683   1402    748    944    748    1295
24HR 0-24   1776   1804   1700   1435    811   1004    788    1331
 
 
 
 
*LOCATION   : ............................................................
*SITE NUMBER: 11501428
*FILE NUMBER:        1
*INTERVAL   :   15 MIN
*BATTERY    :    6.0 V
*RESTARTS   :        0
*CONFIG     :        0
*CHANNEL    :  1 OF  1
 
             MON    TUE    WED    THU    FRI    SAT    SUN    7-DAY
DATE    09/05/04     05     06     07     08     09     10   AVERAGE
 
START HOUR
 
    0          2      -      -      -      -      -      -       -
    1          1      -      -      -      -      -      -       -
    2          1      -      -      -      -      -      -       -
    3          0      -      -      -      -      -      -       -
    4          2      -      -      -      -      -      -       -
    5          9      -      -      -      -      -      -       -
    6         43      -      -      -      -      -      -       -
    7        134      -      -      -      -      -      -       -
    8        225      -      -      -      -      -      -       -
    9        143      -      -      -      -      -      -       -
   10          -      -      -      -      -      -      -       -
   11          -      -      -      -      -      -      -       -
   12          -      -      -      -      -      -      -       -
   13          -      -      -      -      -      -      -       -
   14          -      -      -      -      -      -      -       -
   15          -      -      -      -      -      -      -       -
   16          -      -      -      -      -      -      -       -
   17          -      -      -      -      -      -      -       -
   18          -      -      -      -      -      -      -       -
   19          -      -      -      -      -      -      -       -
   20          -      -      -      -      -      -      -       -
   21          -      -      -      -      -      -      -       -
   22          -      -      -      -      -      -      -       -
   23          -      -      -      -      -      -      -       -
 
TOTALS
 
12HR 7-19      -      -      -      -      -      -      -       -
16HR 6-22      -      -      -      -      -      -      -       -
18HR 6-24      -      -      -      -      -      -      -       -
24HR 0-24      -      -      -      -      -      -      -       -
 

