*LOCATION	: ..	........	.......	.......	.......	.......	.......	...............
*SITE NUMB	ER: 11	601401						
*FILE NUMB	ER:	5						
*INTERVAL	:	15 MIN						
*BATTERY	:	6.4 V						
*RESTARTS	:	0						
*CONFIG	:	0						
*CHANNEL	:  1	OF  1						
								
	MON	TUE	WED	THU	FRI	SAT	SUN	7-DAY
DATE    09	/03/30	31	1	2	3	4	5	AVERAGE
								
START HOUR								
								
0	-	0	2	0	0	0	1	-
1	-	2	0	0	1	2	2	-
2	-	1	1	3	2	2	1	-
3	-	0	1	1	0	0	0	-
4	-	0	0	0	2	1	0	-
5	-	7	7	6	10	1	2	-
6	-	16	12	14	17	5	2	-
7	-	23	36	25	31	7	17	-
8	-	19	30	44	40	16	1	-
9	-	26	21	46	24	34	9	-
10	-	33	23	48	37	49	20	-
11	17	34	33	56	47	36	37	37
12	26	24	26	64	50	64	69	46
13	25	29	34	64	48	45	88	48
14	42	31	37	69	58	51	88	54
15	34	37	37	66	65	43	86	53
16	50	53	46	62	50	39	75	54
17	26	49	40	59	41	24	48	41
18	27	39	34	79	30	18	40	38
19	17	29	29	64	20	2	27	27
20	17	13	22	28	15	3	19	17
21	6	7	10	8	6	4	10	7
22	3	1	2	2	4	0	0	2
23	3	0	0	3	1	2	1	1
								
TOTALS	293							
								
12HR 7-19	-	397	397	682	521	426	578	-
16HR 6-22	-	462	470	796	579	440	636	-
18HR 6-24	-	463	472	801	584	442	637	-
24HR 0-24	-	473	483	811	599	448	643	-
								
								
								
								
								
								
								
								
								
								
								
								
								
								
								
								
								
								
*LOCATION	: ..	........	.......	.......	.......	.......	.......	...............
*SITE NUMB	ER: 11	601401						
*FILE NUMB	ER:	5						
*INTERVAL	:	15 MIN						
*BATTERY	:	6.4 V						
*RESTARTS	:	0						
*CONFIG	:	0						
*CHANNEL	:  1	OF  1						
								
	MON	TUE	WED	THU	FRI	SAT	SUN	7-DAY
DATE    09	/04/06	7	8	9	10	11	12	AVERAGE
								
START HOUR								
								
0	0	0	1	0	0	1	1	0
1	1	0	0	1	1	1	3	1
2	2	3	1	1	2	5	0	2
3	2	0	0	2	0	0	0	1
4	2	1	2	1	1	2	2	2
5	8	11	11	8	1	4	2	6
6	18	22	19	14	5	5	4	12
7	26	39	39	44	0	8	2	23
8	29	37	32	40	5	21	7	24
9	28	28	34	32	16	57	6	29
10	32	28	38	40	4	62	10	31
11	33	40	58	40	13	80	20	41
12	46	33	56	45	13	101	27	46
13	44	25	49	61	27	97	30	48
14	58	34	63	73	16	78	26	50
15	50	61	62	53	17	79	26	50
16	56	50	81	67	24	57	16	50
17	46	46	63	39	11	53	15	39
18	46	27	52	34	12	22	10	29
19	42	46	37	43	17	20	14	31
20	29	21	26	23	8	13	10	19
21	8	8	17	12	10	6	3	9
22	4	2	2	2	9	3	2	3
23	2	2	1	0	0	6	0	2
								
TOTALS								
								
12HR 7-19	494	448	627	568	158	715	195	458
16HR 6-22	591	545	726	660	198	759	226	529
18HR 6-24	597	549	729	662	207	768	228	534
24HR 0-24	612	564	744	675	212	781	236	546
								
								
								
								
								
*LOCATION	: ..	........	.......	.......	.......	.......	.......	...............
*SITE NUMB	ER: 11	601401						
*FILE NUMB	ER:	5						
*INTERVAL	:	15 MIN						
*BATTERY	:	6.4 V						
*RESTARTS	:	0						
*CONFIG	:	0						
*CHANNEL	:  1	OF  1						
								
	MON	TUE	WED	THU	FRI	SAT	SUN	7-DAY
DATE    09	/04/13	14	15	16	17	18	19	AVERAGE
								
START HOUR								
								
0	0	1	0	1	1	1	0	1
1	0	0	0	1	1	0	0	0
2	2	3	3	2	4	4	6	3
3	0	0	0	0	0	0	0	0
4	1	3	0	1	3	1	0	1
5	0	9	14	13	12	1	2	7
6	4	21	29	21	21	4	3	15
7	6	45	48	57	51	11	6	32
8	2	49	47	47	41	17	8	30
9	9	28	38	39	32	24	16	27
10	15	33	30	41	30	30	16	28
11	18	30	52	40	27	83	22	39
12	35	36	45	58	25	88	43	47
13	16	44	51	43	44	66	32	42
14	41	65	46	59	57	61	34	52
15	28	76	92	85	70	61	31	63
16	24	88	86	81	73	59	28	63
17	15	65	63	74	50	50	24	49
18	21	59	76	65	45	17	23	44
19	26	42	50	47	38	20	25	35
20	20	31	40	40	27	14	8	26
21	13	14	13	14	8	3	5	10
22	2	1	6	5	4	5	0	3
23	1	0	1	1	4	2	3	2
								
TOTALS								
								
12HR 7-19	230	618	674	689	545	567	283	515
16HR 6-22	293	726	806	811	639	608	324	601
18HR 6-24	296	727	813	817	647	615	327	606
24HR 0-24	299	743	830	835	668	622	335	619
								
								
								
								
								
								
								
								
								
								
								
								
								
								
								
*LOCATION	: ..	........	.......	.......	.......	.......	.......	...............
*SITE NUMB	ER: 11	601401						
*FILE NUMB	ER:	5						
*INTERVAL	:	15 MIN						
*BATTERY	:	6.4 V						
*RESTARTS	:	0						
*CONFIG	:	0						
*CHANNEL	:  1	OF  1						
								
	MON	TUE	WED	THU	FRI	SAT	SUN	7-DAY
DATE    09	/04/20	21	22	23	24	25	26	AVERAGE
								
START HOUR								
								
0	1	0	0	0	1	7	3	2
1	1	0	0	0	2	2	7	2
2	2	0	3	3	1	3	5	2
3	0	1	0	0	0	4	1	1
4	0	1	1	1	0	4	0	1
5	13	12	11	13	11	3	2	9
6	23	26	31	36	31	7	11	24
7	55	58	71	67	69	12	7	48
8	43	48	49	56	62	45	12	45
9	42	35	48	39	69	65	12	44
10	44	39	42	49	55	100	31	51
11	56	51	40	60	70	85	55	60
12	52	54	44	71	74	113	83	70
13	61	51	68	68	66	124	50	70
14	70	62	61	86	87	96	68	76
15	79	100	69	100	88	116	58	87
16	96	103	74	103	127	98	56	94
17	67	71	53	91	90	96	38	72
18	56	67	85	81	80	41	48	65
19	44	62	54	50	60	22	37	47
20	42	50	33	50	44	18	21	37
21	15	12	19	16	9	21	24	17
22	9	9	10	13	12	6	6	9
23	0	0	0	2	2	7	2	2
								
TOTALS								
								
12HR 7-19	721	739	704	871	937	991	518	783
16HR 6-22	845	889	841	1023	1081	1059	611	907
18HR 6-24	854	898	851	1038	1095	1072	619	918
24HR 0-24	871	912	866	1055	1110	1095	637	935
								
								
								
								
								
								
								
								
*LOCATION	: ..	........	.......	.......	.......	.......	.......	...............
*SITE NUMB	ER: 11	601401						
*FILE NUMB	ER:	5						
*INTERVAL	:	15 MIN						
*BATTERY	:	6.4 V						
*RESTARTS	:	0						
*CONFIG	:	0						
*CHANNEL	:  1	OF  1						
								
	MON	TUE	WED	THU	FRI	SAT	SUN	7-DAY
DATE    09	/04/27	28	29	30	1	2	3	AVERAGE
								
START HOUR								
								
0	3	1	3	0	2	2	4	2
1	1	0	2	1	3	2	4	2
2	3	3	3	2	2	2	4	3
3	0	0	0	1	1	2	0	1
4	2	2	1	2	2	1	0	1
5	10	14	14	10	3	2	3	8
6	48	52	53	47	8	2	1	30
7	86	91	87	68	10	11	7	51
8	88	76	74	90	5	49	7	56
9	64	54	79	65	16	64	21	52
10	67	56	70	67	11	88	27	55
11	75	64	57	100	29	94	68	70
12	72	56	74	118	31	102	97	79
13	56	85	67	105	43	94	114	81
14	88	79	87	119	41	116	105	91
15	134	121	136	152	35	117	99	113
16	133	144	138	133	32	116	113	116
17	124	86	114	100	27	114	74	91
18	104	103	114	35	18	43	80	71
19	73	82	86	23	22	31	47	52
20	38	53	70	15	10	16	38	34
21	23	17	22	12	13	15	14	17
22	6	8	8	6	6	10	5	7
23	2	3	3	5	6	2	2	3
								
TOTALS								
								
12HR 7-19	1091	1015	1097	1152	298	1008	812	925
16HR 6-22	1273	1219	1328	1249	351	1072	912	1058
18HR 6-24	1281	1230	1339	1260	363	1084	919	1068
24HR 0-24	1300	1250	1362	1276	376	1095	934	1085
								
								
								
								
								
								
								
								
								
								
								
								
								
								
								
								
								
								
								
*LOCATION	: ..	........	.......	.......	.......	.......	.......	...............
*SITE NUMB	ER: 11	601401						
*FILE NUMB	ER:	5						
*INTERVAL	:	15 MIN						
*BATTERY	:	6.4 V						
*RESTARTS	:	0						
*CONFIG	:	0						
*CHANNEL	:  1	OF  1						
								
	MON	TUE	WED	THU	FRI	SAT	SUN	7-DAY
DATE    09	/05/04	5	6	7	8	9	10	AVERAGE
								
START HOUR								
								
0	2	8	-	-	-	-	-	-
1	2	2	-	-	-	-	-	-
2	2	2	-	-	-	-	-	-
3	0	0	-	-	-	-	-	-
4	1	2	-	-	-	-	-	-
5	15	10	-	-	-	-	-	-
6	47	49	-	-	-	-	-	-
7	90	99	-	-	-	-	-	-
8	84	108	-	-	-	-	-	-
9	70	67	-	-	-	-	-	-
10	59	57	-	-	-	-	-	-
11	66	65	-	-	-	-	-	-
12	71	77	-	-	-	-	-	-
13	86	83	-	-	-	-	-	-
14	76	-	-	-	-	-	-	-
15	133	-	-	-	-	-	-	-
16	126	-	-	-	-	-	-	-
17	95	-	-	-	-	-	-	-
18	64	-	-	-	-	-	-	-
19	70	-	-	-	-	-	-	-
20	43	-	-	-	-	-	-	-
21	19	-	-	-	-	-	-	-
22	8	-	-	-	-	-	-	-
23	3	-	-	-	-	-	-	-
		629						
TOTALS								
								
12HR 7-19	1020	-	-	-	-	-	-	-
16HR 6-22	1199							
								
	1232							
