*LOCATION	: ..	........	.......	.......	.......	.......	.......	...............
*SITE NUMB	ER: 11	701409						
*FILE NUMB	ER:	1						
*INTERVAL	:	15 MIN						
*BATTERY	:	6.1 V						
*RESTARTS	:	0						
*CONFIG	:	12						
*CHANNEL	:  1	OF  2						
								
	MON	TUE	WED	THU	FRI	SAT	SUN	7-DAY
DATE    09	/03/30	31	1	2	3	4	5	AVERAGE
								
START HOUR								
								
0	-	15	10	9	13	20	26	-
1	-	9	9	7	6	15	18	-
2	-	3	1	2	1	2	5	-
3	-	3	11	2	2	6	22	-
4	-	2	15	3	3	7	7	-
5	-	25	11	12	13	9	4	-
6	-	57	60	56	60	20	20	-
7	-	135	139	136	144	28	25	-
8	-	262	233	219	251	43	93	-
9	-	172	177	133	251	72	119	-
10	-	150	137	113	315	94	106	-
11	-	219	139	120	205	141	92	-
12	-	310	290	135	228	105	97	-
13	-	121	148	136	175	118	91	-
14	114	135	116	139	166	123	124	131
15	134	135	144	158	223	129	107	147
16	163	178	154	166	206	102	101	153
17	161	179	212	174	193	72	134	161
18	114	121	281	116	180	72	100	141
19	84	117	261	107	87	52	68	111
20	56	72	71	93	94	53	50	70
21	46	45	39	40	53	34	35	60
22	19	26	30	25	29	21	18	60
23	21	20	22	16	34	30	15	23
	912							
TOTALS								
								
12HR 7-19	-	2117	2170	1745	2537	1099	1189	-
16HR 6-22	-	2408	2601	2170	2831	1258	1362	-
18HR 6-24	-	2454	2653	2465	2894	1309	1395	-
24HR 0-24	-	2511	2710	2117	2932	1368	1477	-
								
								
								
								
*LOCATION	: ..	........	.......	.......	.......	.......	.......	...............
*SITE NUMB	ER: 11	701409						
*FILE NUMB	ER:	1						
*INTERVAL	:	15 MIN						
*BATTERY	:	6.1 V						
*RESTARTS	:	0						
*CONFIG	:	12						
*CHANNEL	:  1	OF  2						
								
	MON	TUE	WED	THU	FRI	SAT	SUN	7-DAY
DATE    09	/04/06	7	8	9	10	11	12	AVERAGE
								
START HOUR								
								
0	8	17	17	10	13	11	14	13
1	4	8	81	9	23	8	10	20
2	0	1	9	2	9	7	3	4
3	1	1	4	3	9	8	11	5
4	2	3	4	46	3	3	4	9
5	13	16	89	95	2	9	3	32
6	68	54	186	93	15	24	8	64
7	162	164	156	122	16	25	22	95
8	259	245	233	211	19	51	24	149
9	245	154	179	151	34	54	47	123
10	135	147	243	138	36	101	42	120
11	130	139	142	143	59	101	66	111
12	98	145	134	148	151	128	246	150
13	127	154	137	145	106	138	303	159
14	121	180	151	282	79	117	161	156
15	155	158	181	201	82	157	67	143
16	203	191	254	277	70	155	66	174
17	153	202	225	180	68	139	62	147
18	133	141	156	117	48	147	57	114
19	96	191	111	235	55	117	57	123
20	74	81	67	146	41	58	42	73
21	53	52	71	67	37	35	26	49
22	19	32	27	34	18	21	24	25
23	19	146	22	58	19	29	15	44
								
TOTALS								
								
12HR 7-19	1921	2020	2191	2115	768	1313	1163	1642
16HR 6-22	2212	2398	2626	2656	916	1547	1296	1950
18HR 6-24	2250	2576	2675	2748	953	1597	1335	2019
24HR 0-24	2278	2622	2879	2913	1012	1643	1380	2104
								
								
								
								
*LOCATION	: ..	........	.......	.......	.......	.......	.......	...............
*SITE NUMB	ER: 11	701409						
*FILE NUMB	ER:	1						
*INTERVAL	:	15 MIN						
*BATTERY	:	6.1 V						
*RESTARTS	:	0						
*CONFIG	:	12						
*CHANNEL	:  1	OF  2						
								
	MON	TUE	WED	THU	FRI	SAT	SUN	7-DAY
DATE    09	/04/13	14	15	16	17	18	19	AVERAGE
								
START HOUR								
								
0	16	5	10	10	12	19	18	30
1	10	10	6	6	4	12	23	18
2	4	30	2	4	2	11	13	9
3	3	3	3	2	4	11	17	43
4	3	48	1	2	1	8	8	10
5	1	15	20	12	14	9	4	11
6	6	77	74	63	76	30	9	48
7	19	181	211	154	172	36	20	113
8	23	320	278	253	281	48	28	176
9	30	204	173	187	183	90	52	131
10	46	129	157	115	146	113	73	111
11	71	111	133	162	149	122	97	121
12	100	116	112	179	165	135	112	131
13	87	203	121	151	218	116	120	145
14	88	51	139	135	214	128	135	127
15	90	88	194	177	210	133	127	146
16	85	179	242	280	215	119	137	180
17	92	200	285	220	200	153	95	178
18	60	152	210	165	137	83	89	132
19	64	111	120	118	106	68	64	107
20	43	93	90	83	77	61	40	86
21	33	64	73	54	41	45	27	48
22	27	31	35	30	26	33	19	29
23	14	19	101	20	27	26	16	32
								
TOTALS								
								
12HR 7-19	791	1934	2280	2178	2290	1276	1085	1691
16HR 6-22	937	2279	2854	2496	2590	1480	1225	1980
18HR 6-24	978	2329	2990	2546	2643	1539	1260	2041
24HR 0-24	1015	2440	2790	2582	2680	1609	1343	2162
								
								
								
								
*LOCATION	: ..	........	.......	.......	.......	.......	.......	...............
*SITE NUMB	ER: 11	701409						
*FILE NUMB	ER:	1						
*INTERVAL	:	15 MIN						
*BATTERY	:	6.1 V						
*RESTARTS	:	0						
*CONFIG	:	12						
*CHANNEL	:  1	OF  2						
								
	MON	TUE	WED	THU	FRI	SAT	SUN	7-DAY
DATE    09	/04/20	21	22	23	24	25	26	AVERAGE
								
START HOUR								
								
0	7	8	11	15	18	21	24	15
1	2	3	6	5	10	20	19	9
2	3	0	1	2	2	8	8	3
3	0	0	1	0	2	7	11	3
4	3	3	1	3	4	7	4	4
5	18	19	15	19	16	11	8	15
6	81	90	80	86	83	21	12	65
7	214	243	220	204	296	95	129	200
8	296	300	300	309	311	100	46	259
9	173	210	202	305	182	197	104	196
10	137	122	218	249	212	173	223	191
11	122	127	182	184	141	261	208	175
12	124	138	174	225	153	203	182	171
13	127	126	265	354	153	220	200	254
14	127	151	158	198	182	220	256	185
15	163	200	199	179	247	207	225	203
16	229	265	222	272	310	224	208	247
17	225	244	205	210	250	178	162	235
18	192	175	191	223	194	115	127	174
19	116	156	131	131	125	84	106	121
20	94	110	88	149	92	78	95	101
21	49	57	62	77	62	54	57	60
22	31	35	23	45	40	34	29	34
23	17	23	24	25	30	31	22	25
								
TOTALS								
								
12HR 7-19	2129	2301	2536	2912	2805	2343	2400	2489
16HR 6-22	2469	2714	2897	3355	3167	2580	2670	2836
18HR 6-24	2517	2772	2944	3425	3237	2645	2721	2894
24HR 0-24	2550	2805	2979	3469	3115	2569	2465	2944
								
								
								
								
*LOCATION	: ..	........	.......	.......	.......	.......	.......	...............
*SITE NUMB	ER: 11	701409						
*FILE NUMB	ER:	1						
*INTERVAL	:	15 MIN						
*BATTERY	:	6.1 V						
*RESTARTS	:	0						
*CONFIG	:	12						
*CHANNEL	:  1	OF  2						
								
	MON	TUE	WED	THU	FRI	SAT	SUN	7-DAY
DATE    09	/04/27	28	29	30	1	2	3	AVERAGE
								
START HOUR								
								
0	13	8	8	21	20	33	25	63
1	4	9	6	8	28	17	16	78
2	4	3	3	2	15	5	4	28
3	4	4	4	1	10	14	7	10
4	0	3	2	1	6	8	11	8
5	22	25	22	28	12	10	7	18
6	111	105	114	103	22	24	10	70
7	242	277	230	202	22	42	20	148
8	274	351	329	301	44	220	98	231
9	226	375	276	286	148	181	67	223
10	234	217	228	181	134	117	109	174
11	232	188	210	177	155	141	123	175
12	114	100	130	205	184	172	144	265
13	281	150	201	172	149	166	179	224
14	179	163	187	233	154	186	176	183
15	236	251	279	273	123	166	192	217
16	324	274	283	254	145	160	197	234
17	260	294	324	150	100	146	223	223
18	258	215	204	114	86	161	223	180
19	185	231	197	84	95	102	110	143
20	149	150	164	70	85	69	86	110
21	80	110	128	53	55	60	54	77
22	30	41	52	43	37	30	22	36
23	23	17	26	40	29	21	21	25
								
TOTALS								
								
12HR 7-19	2925	3655	3159	2548	1444	1858	1751	2477
16HR 6-22	3450	4251	3762	2858	1701	2113	2011	2878
18HR 6-24	3503	4309	3840	2941	1767	2164	2054	2940
24HR 0-24	3485	3561	3607	3002	1858	2251	2124	3145
								
								
								
								
*LOCATION	: ..	........	.......	.......	.......	.......	.......	...............
*SITE NUMB	ER: 11	701409						
*FILE NUMB	ER:	1						
*INTERVAL	:	15 MIN						
*BATTERY	:	6.1 V						
*RESTARTS	:	0						
*CONFIG	:	12						
*CHANNEL	:  1	OF  2						
								
	MON	TUE	WED	THU	FRI	SAT	SUN	7-DAY
DATE    09	/05/04	5	6	7	8	9	10	AVERAGE
								
START HOUR								
								
0	8	8	-	-	-	-	-	-
1	3	3	-	-	-	-	-	-
2	3	3	-	-	-	-	-	-
3	4	3	-	-	-	-	-	-
4	6	3	-	-	-	-	-	-
5	24	22	-	-	-	-	-	-
6	106	100	-	-	-	-	-	-
7	256	360	-	-	-	-	-	-
8	365	418	-	-	-	-	-	-
9	215	-	-	-	-	-	-	-
10	175	-	-	-	-	-	-	-
11	182	-	-	-	-	-	-	-
12	355	-	-	-	-	-	-	-
13	163	-	-	-	-	-	-	-
14	160	-	-	-	-	-	-	-
15	252	-	-	-	-	-	-	-
16	360	-	-	-	-	-	-	-
17	311	-	-	-	-	-	-	-
18	209	-	-	-	-	-	-	-
19	164	-	-	-	-	-	-	-
20	120	-	-	-	-	-	-	-
21	151	-	-	-	-	-	-	-
22	43	-	-	-	-	-	-	-
23	26	-	-	-	-	-	-	-
		920						
TOTALS	3661							
								
12HR 7-19	3003	-	-	-	-	-	-	-
16HR 6-22	3596	-	-	-	-	-	-	-
18HR 6-24	3665	-	-	-	-	-	-	-
24HR 0-24	3713	-	-	-	-	-	-	-
								
								
								
								
*LOCATION	: ..	........	.......	.......	.......	.......	.......	...............
*SITE NUMB	ER: 11	701409						
*FILE NUMB	ER:	1						
*INTERVAL	:	15 MIN						
*BATTERY	:	6.1 V						
*RESTARTS	:	0						
*CONFIG	:	12						
*CHANNEL	:  2	OF  2						
								
	MON	TUE	WED	THU	FRI	SAT	SUN	7-DAY
DATE    09	/03/30	31	1	2	3	4	5	AVERAGE
								
START HOUR								
								
0	-	0	1	1	1	3	1	-
1	-	0	1	1	2	0	3	-
2	-	0	0	0	0	2	0	-
3	-	0	0	0	0	3	2	-
4	-	0	0	1	1	1	0	-
5	-	0	1	1	2	1	0	-
6	-	7	17	17	12	6	3	-
7	-	29	42	44	44	6	4	-
8	-	53	51	55	55	3	5	-
9	-	17	37	36	27	12	8	-
10	-	10	17	8	13	7	10	-
11	-	12	10	11	17	14	22	-
12	-	21	15	8	12	7	22	-
13	-	19	14	10	19	11	38	-
14	11	8	25	21	28	25	32	21
15	29	40	45	28	42	13	28	32
16	25	40	55	42	53	15	34	38
17	34	42	51	48	40	11	24	36
18	31	30	28	41	28	6	33	28
19	10	16	20	21	21	10	14	16
20	12	20	24	15	10	11	10	15
21	5	16	14	14	8	3	7	10
22	4	2	3	5	7	1	8	4
23	0	3	1	5	3	0	2	2
								
TOTALS	161							
								
12HR 7-19	-	321	390	352	378	130	260	-
16HR 6-22	-	380	465	419	429	160	294	-
18HR 6-24	-	385	469	429	439	161	304	-
24HR 0-24	-	385	472	433	445	171	310	-
								
								
								
								
*LOCATION	: ..	........	.......	.......	.......	.......	.......	...............
*SITE NUMB	ER: 11	701409						
*FILE NUMB	ER:	1						
*INTERVAL	:	15 MIN						
*BATTERY	:	6.1 V						
*RESTARTS	:	0						
*CONFIG	:	12						
*CHANNEL	:  2	OF  2						
								
	MON	TUE	WED	THU	FRI	SAT	SUN	7-DAY
DATE    09	/04/06	7	8	9	10	11	12	AVERAGE
								
START HOUR								
								
0	1	2	1	0	2	4	4	2
1	0	0	1	2	2	0	3	1
2	0	0	1	0	1	0	4	1
3	0	0	0	0	1	0	1	0
4	1	1	0	0	1	1	1	1
5	0	1	0	0	1	0	2	1
6	16	18	17	15	4	3	6	11
7	55	63	59	40	4	8	7	34
8	57	70	64	48	6	7	4	37
9	26	27	32	33	3	11	9	20
10	12	9	10	15	8	16	15	12
11	17	18	22	15	13	33	18	19
12	22	9	18	15	30	40	32	24
13	14	14	19	15	21	57	32	25
14	13	7	34	27	24	53	19	25
15	34	36	42	33	26	28	24	32
16	49	63	66	36	24	21	24	40
17	65	53	68	28	14	20	16	38
18	30	52	38	15	19	19	13	27
19	33	24	34	8	10	12	12	19
20	26	23	28	13	10	17	9	18
21	18	14	16	5	12	7	2	11
22	1	7	5	2	3	5	4	4
23	3	4	1	2	2	2	0	2
								
TOTALS								
								
12HR 7-19	394	421	472	320	192	313	213	332
16HR 6-22	487	500	567	361	228	352	242	391
18HR 6-24	491	511	573	365	233	359	246	397
24HR 0-24	493	515	576	367	241	364	261	402
								
								
								
								
*LOCATION	: ..	........	.......	.......	.......	.......	.......	...............
*SITE NUMB	ER: 11	701409						
*FILE NUMB	ER:	1						
*INTERVAL	:	15 MIN						
*BATTERY	:	6.1 V						
*RESTARTS	:	0						
*CONFIG	:	12						
*CHANNEL	:  2	OF  2						
								
	MON	TUE	WED	THU	FRI	SAT	SUN	7-DAY
DATE    09	/04/13	14	15	16	17	18	19	AVERAGE
								
START HOUR								
								
0	2	1	1	1	0	5	2	2
1	0	0	1	0	0	5	2	1
2	1	0	0	0	0	0	2	0
3	1	0	0	0	0	2	2	1
4	0	1	0	0	0	2	2	1
5	5	2	3	3	3	1	2	3
6	4	18	28	23	16	3	2	13
7	1	74	75	72	71	8	1	43
8	6	85	90	109	81	10	3	55
9	10	39	47	62	39	16	12	32
10	19	16	30	19	23	22	19	21
11	27	16	19	25	22	27	28	23
12	34	22	26	34	24	42	53	34
13	38	25	20	21	15	39	58	31
14	31	29	34	29	29	26	48	32
15	23	66	60	47	42	34	50	46
16	17	76	100	98	79	35	49	65
17	16	68	89	88	63	32	37	56
18	27	52	70	64	53	31	32	47
19	19	33	50	36	25	15	21	28
20	7	24	38	33	27	10	29	24
21	6	13	29	24	16	14	16	17
22	5	5	7	8	7	1	9	6
23	4	5	2	3	6	2	2	3
								
TOTALS								
								
12HR 7-19	249	568	660	668	541	322	390	485
16HR 6-22	285	656	805	784	625	364	458	568
18HR 6-24	294	666	814	795	638	367	469	578
24HR 0-24	303	670	819	799	641	382	481	585
								
								
								
								
*LOCATION	: ..	........	.......	.......	.......	.......	.......	...............
*SITE NUMB	ER: 11	701409						
*FILE NUMB	ER:	1						
*INTERVAL	:	15 MIN						
*BATTERY	:	6.1 V						
*RESTARTS	:	0						
*CONFIG	:	12						
*CHANNEL	:  2	OF  2						
								
	MON	TUE	WED	THU	FRI	SAT	SUN	7-DAY
DATE    09	/04/20	21	22	23	24	25	26	AVERAGE
								
START HOUR								
								
0	2	0	1	2	3	6	7	3
1	0	0	0	1	2	2	6	2
2	1	1	1	0	0	2	0	1
3	0	0	1	0	0	3	2	1
4	0	0	0	1	0	4	4	1
5	3	2	3	3	3	1	3	3
6	29	35	33	41	34	3	5	26
7	84	101	94	96	102	9	5	70
8	101	115	97	94	103	17	13	77
9	54	50	54	59	54	35	20	47
10	23	38	28	34	33	41	45	35
11	18	29	26	36	37	68	69	40
12	22	27	25	35	34	76	87	44
13	21	18	38	27	52	79	74	44
14	46	30	27	38	48	74	96	51
15	63	69	72	86	84	69	89	76
16	90	112	93	93	112	52	61	88
17	96	104	97	83	122	49	74	89
18	68	72	70	76	98	54	63	72
19	39	61	44	70	38	30	41	46
20	46	31	45	52	42	35	35	41
21	26	26	26	22	22	16	20	23
22	11	18	12	14	12	15	11	13
23	1	5	2	9	9	7	4	5
								
TOTALS								
								
12HR 7-19	686	765	721	757	879	623	696	732
16HR 6-22	826	918	869	942	1015	707	797	868
18HR 6-24	838	941	883	965	1036	729	812	886
24HR 0-24	844	944	889	972	1044	747	834	896
								
								
								
								
*LOCATION	: ..	........	.......	.......	.......	.......	.......	...............
*SITE NUMB	ER: 11	701409						
*FILE NUMB	ER:	1						
*INTERVAL	:	15 MIN						
*BATTERY	:	6.1 V						
*RESTARTS	:	0						
*CONFIG	:	12						
*CHANNEL	:  2	OF  2						
								
	MON	TUE	WED	THU	FRI	SAT	SUN	7-DAY
DATE    09	/04/27	28	29	30	1	2	3	AVERAGE
								
START HOUR								
								
0	1	3	2	10	5	7	4	5
1	0	0	0	3	7	4	3	2
2	0	0	2	0	7	1	1	2
3	0	2	0	0	7	3	2	2
4	0	1	1	0	1	4	1	1
5	3	7	5	3	2	1	2	3
6	40	46	41	32	2	3	3	24
7	114	148	128	93	7	5	2	71
8	170	161	156	110	7	11	21	91
9	83	67	75	53	18	23	26	49
10	34	39	24	30	40	38	34	34
11	36	30	35	34	53	46	55	41
12	34	28	37	30	59	52	98	48
13	50	49	30	43	44	78	78	53
14	30	51	48	69	41	86	74	57
15	97	92	74	107	51	73	74	81
16	148	140	120	79	28	60	66	92
17	159	124	122	56	27	49	76	88
18	119	113	96	40	35	57	59	74
19	81	61	65	30	19	38	57	50
20	58	61	61	20	15	28	37	40
21	32	46	21	15	13	21	16	23
22	16	20	20	10	8	12	10	14
23	8	8	8	12	8	9	10	9
								
TOTALS								
								
12HR 7-19	1074	1042	945	744	410	578	663	779
16HR 6-22	1285	1256	1133	841	459	668	776	917
18HR 6-24	1309	1284	1161	863	475	689	796	940
24HR 0-24	1313	1297	1171	879	504	709	809	955
								
								
								
								
*LOCATION	: ..	........	.......	.......	.......	.......	.......	...............
*SITE NUMB	ER: 11	701409						
*FILE NUMB	ER:	1						
*INTERVAL	:	15 MIN						
*BATTERY	:	6.1 V						
*RESTARTS	:	0						
*CONFIG	:	12						
*CHANNEL	:  2	OF  2						
								
	MON	TUE	WED	THU	FRI	SAT	SUN	7-DAY
DATE    09	/05/04	5	6	7	8	9	10	AVERAGE
								
START HOUR								
								
0	6	7	-	-	-	-	-	-
1	1	1	-	-	-	-	-	-
2	0	2	-	-	-	-	-	-
3	1	0	-	-	-	-	-	-
4	1	0	-	-	-	-	-	-
5	7	10	-	-	-	-	-	-
6	37	48	-	-	-	-	-	-
7	138	120	-	-	-	-	-	-
8	162	187	-	-	-	-	-	-
9	82	-	-	-	-	-	-	-
10	39	-	-	-	-	-	-	-
11	36	-	-	-	-	-	-	-
12	41	-	-	-	-	-	-	-
13	45	-	-	-	-	-	-	-
14	43	-	-	-	-	-	-	-
15	97	-	-	-	-	-	-	-
16	144	-	-	-	-	-	-	-
17	143	-	-	-	-	-	-	-
18	98	-	-	-	-	-	-	-
19	62	-	-	-	-	-	-	-
20	49	-	-	-	-	-	-	-
21	29	-	-	-	-	-	-	-
22	14	-	-	-	-	-		
	10							
	1285							
		375						
