*LOCATION	: ..	........	.......	.......	.......	.......	.......	...............
*SITE NUMB	ER: 11	502628						
*FILE NUMB	ER:	1						
*INTERVAL	:	15 MIN						
*BATTERY	:	6.4 V						
*RESTARTS	:	0						
*CONFIG	:	0						
*CHANNEL	:  1	OF  1						

	WED	THU	FRI	SAT	SUN	MON	TUE	7-DAY
DATE    06	/06/28	29	30	1	2	3	4	AVERAGE

START HOUR								

0	-	26	29	24	33	14	17	-
1	-	16	14	19	29	16	8	-
2	-	14	8	21	15	9	3	-
3	-	10	6	20	18	7	4	-
4	-	2	9	15	11	2	6	-
5	-	14	17	8	8	18	20	-
6	-	51	51	17	12	52	55	-
7	-	133	132	22	8	127	140	-
8	-	242	206	27	23	259	400	-
9	-	151	170	46	34	162	148	-
10	78	78	116	87	59	85	124	90
11	104	86	116	100	77	101	120	298
12	100	105	132	118	127	128	133	120
13	87	122	364	128	548	117	134	214
14	101	167	232	128	185	133	121	152
15	150	180	188	125	116	190	200	164
16	230	243	225	152	82	289	286	215
17	178	213	161	162	90	231	258	185
18	165	175	116	64	92	160	190	137
19	112	164	67	37	80	111	219	113
20	89	105	57	36	135	106	232	109
21	71	69	1677	52	40	80	86	338
22	44	56	39	32	24	30	35	57
23	33	33	33	22	30	23	27	29

TOTALS								

12HR 7-19	-	1895	2158	2540	1441	1982	2254	-
16HR 6-22	-	2284	4010	2682	1708	2622	2846	-
18HR 6-24	-	2373	4082	2736	1762	2812	2908	-
24HR 0-24	-	2455	4165	1462	1876	2450	2966	-
								



*LOCATION	: ..	........	.......	.......	.......	.......	.......	...............
*SITE NUMB	ER: 11	502628						
*FILE NUMB	ER:	1						
*INTERVAL	:	15 MIN						
*BATTERY	:	6.4 V						
*RESTARTS	:	0						
*CONFIG	:	0						
*CHANNEL	:  1	OF  1						

	WED	THU	FRI	SAT	SUN	MON	TUE	7-DAY
DATE    06	/07/05	6	7	8	9	10	11	AVERAGE

START HOUR								

0	32	37	29	34	30	20	20	151
1	19	12	18	29	15	15	7	37
2	8	8	22	10	17	5	7	11
3	3	17	14	17	19	5	5	11
4	6	10	7	4	11	3	5	7
5	15	12	15	5	2	15	15	11
6	60	61	62	17	7	47	56	44
7	117	127	112	30	10	104	93	164
8	218	211	270	27	30	270	190	204
9	197	144	131	66	39	113	131	117
10	109	100	125	82	43	106	109	125
11	116	128	101	97	72	118	117	107
12	136	125	125	128	115	130	123	126
13	150	152	131	121	108	123	123	166
14	160	156	147	100	95	131	138	183
15	213	200	197	136	129	262	210	192
16	265	244	216	96	97	303	244	209
17	236	219	168	71	87	214	235	176
18	182	160	122	68	92	131	174	133
19	140	141	120	61	71	148	133	155
20	136	110	87	45	91	74	105	93
21	89	82	62	80	50	64	76	72
22	49	60	81	63	29	47	40	85
23	31	54	30	34	30	30	35	284

TOTALS								

12HR 7-19	2712	2166	1845	1254	1130	2005	2209	1903
16HR 6-22	3354	2560	2233	1457	1349	2338	2579	2267
18HR 6-24	3434	2728	2696	1554	2377	2840	2827	2637
24HR 0-24	2687	2570	2392	1421	1289	2478	2391	2865
								



*LOCATION	: ..	........	.......	.......	.......	.......	.......	...............
*SITE NUMB	ER: 11	502628						
*FILE NUMB	ER:	1						
*INTERVAL	:	15 MIN						
*BATTERY	:	6.4 V						
*RESTARTS	:	0						
*CONFIG	:	0						
*CHANNEL	:  1	OF  1						

	WED	THU	FRI	SAT	SUN	MON	TUE	7-DAY
DATE    06	/07/12	13	14	15	16	17	18	AVERAGE

START HOUR								

0	19	28	23	22	31	19	15	22
1	12	18	25	19	27	9	2	16
2	13	13	10	18	21	9	8	13
3	2	7	5	7	13	1	4	6
4	6	9	3	10	8	2	0	5
5	18	15	18	8	5	17	16	14
6	67	56	43	19	7	44	48	41
7	170	104	68	19	9	102	93	119
8	270	165	110	29	20	142	143	126
9	131	160	104	52	33	140	97	131
10	91	94	69	89	49	106	78	82
11	120	112	93	106	78	131	116	108
12	111	130	135	126	99	140	107	174
13	150	140	145	142	100	154	108	236
14	174	140	140	119	114	143	140	168
15	187	206	162	100	120	200	190	291
16	264	229	250	99	98	221	199	206
17	207	191	154	91	104	203	210	166
18	167	137	116	80	93	162	125	138
19	154	124	100	51	80	140	80	193
20	84	84	59	48	67	80	75	82
21	68	68	43	39	55	64	61	74
22	65	49	42	36	39	40	37	44
23	42	31	27	43	24	21	26	31

TOTALS								

12HR 7-19	2492	1949	2169	1211	990	3068	1722	1943
16HR 6-22	2865	2399	2616	1368	1461	3473	2146	2333
18HR 6-24	2972	2479	2685	1447	1524	3534	2209	2407
24HR 0-24	2592	2310	1944	1372	1294	2290	1978	2484
								



*LOCATION	: ..	........	.......	.......	.......	.......	.......	...............
*SITE NUMB	ER: 11	502628						
*FILE NUMB	ER:	1						
*INTERVAL	:	15 MIN						
*BATTERY	:	6.4 V						
*RESTARTS	:	0						
*CONFIG	:	0						
*CHANNEL	:  1	OF  1						

	WED	THU	FRI	SAT	SUN	MON	TUE	7-DAY
DATE    06	/07/19	20	21	22	23	24	25	AVERAGE

START HOUR								

0	19	23	26	20	19	16	15	20
1	9	4	11	18	11	6	7	9
2	3	9	10	10	12	5	5	8
3	3	8	9	13	17	5	5	9
4	1	1	4	6	7	3	3	4
5	14	8	12	9	4	10	13	10
6	45	41	45	17	17	41	47	36
7	96	83	75	11	6	120	114	72
8	157	121	128	18	12	152	181	110
9	119	113	108	31	30	120	187	135
10	106	82	97	42	53	87	110	82
11	103	88	103	40	93	100	129	94
12	113	122	107	35	100	165	159	149
13	93	99	96	34	129	140	195	199
14	115	128	94	56	170	150	149	514
15	195	167	131	55	106	182	187	146
16	254	218	157	50	90	263	258	269
17	174	186	107	58	66	199	223	145
18	130	120	67	51	87	164	176	114
19	112	91	48	45	103	139	134	96
20	86	79	45	50	80	160	103	999
21	63	61	35	35	56	159	78	70
22	40	38	22	19	34	30	30	289
23	30	38	36	29	23	24	28	60

TOTALS								

12HR 7-19	2249	1527	1270	481	1537	5071	2068	2029
16HR 6-22	2555	1799	1443	628	7948	5802	2430	3229
18HR 6-24	2625	1875	1501	676	8005	5856	4516	3579
24HR 0-24	2080	1928	1573	752	1325	2440	2536	3638
								



*LOCATION	: ..	........	.......	.......	.......	.......	.......	...............
*SITE NUMB	ER: 11	502628						
*FILE NUMB	ER:	1						
*INTERVAL	:	15 MIN						
*BATTERY	:	6.4 V						
*RESTARTS	:	0						
*CONFIG	:	0						
*CHANNEL	:  1	OF  1						

	WED	THU	FRI	SAT	SUN	MON	TUE	7-DAY
DATE    06	/07/26	27	28	29	30	31	1	AVERAGE

START HOUR								

0	19	26	17	21	32	18	-	-
1	12	19	21	18	31	10	-	-
2	8	22	12	13	18	4	-	-
3	4	6	8	10	19	4	-	-
4	1	5	8	9	15	4	-	-
5	18	18	11	4	5	14	-	-
6	38	37	37	12	11	44	-	-
7	132	104	84	11	13	116	-	-
8	171	170	135	18	11	217	-	-
9	187	128	104	46	34	156	-	-
10	105	103	504	54	56	93	-	-
11	127	106	294	77	86	116	-	-
12	150	111	112	91	99	116	-	-
13	130	147	117	94	89	-	-	-
14	142	157	130	129	96	-	-	-
15	187	303	226	133	104	-	-	-
16	248	259	213	87	907	-	-	-
17	188	185	151	78	408	-	-	-
18	140	1292	540	80	101	-	-	-
19	148	127	84	1648	115	-	-	-
20	141	105	58	50	73	-	-	-
21	80	66	52	44	46	-	-	-
22	40	38	22	19	34			
23	30	38	36	29	23			


	2446	3572	2976	2775	2426			
