*LOCATION	: ..	........	.......	.......	.......	.......	.......	...............
*SITE NUMB	ER: 11	602611						
*FILE NUMB	ER:	7						
*INTERVAL	:	15 MIN						
*BATTERY	:	6.5 V						
*RESTARTS	:	0						
*CONFIG	:	12						
*CHANNEL	:  1	OF  2						

	FRI	SAT	SUN	MON	TUE	WED	THU	7-DAY
DATE    06	/06/30	1	2	3	4	5	6	AVERAGE

START HOUR								

0	-	5	6	9	2	9	14	-
1	-	6	5	6	4	5	2	-
2	-	3	6	4	1	2	4	-
3	-	2	4	2	0	0	0	-
4	-	2	3	3	3	3	1	-
5	-	8	1	22	22	20	21	-
6	-	10	7	48	49	48	42	-
7	-	6	10	88	101	80	81	-
8	-	22	16	60	73	73	75	-
9	64	61	20	74	55	51	58	55
10	74	88	27	71	89	64	74	70
11	79	105	0	80	88	81	87	74
12	95	128	0	77	90	96	82	81
13	120	104	0	88	54	63	85	73
14	113	102	0	82	0	82	101	69
15	139	93	0	134	0	117	79	80
16	133	106	0	142	0	132	0	73
17	81	97	0	16	0	139	0	48
18	0	32	0	0	0	115	0	21
19	0	10	0	0	0	112	0	17
20	0	0	0	0	0	79	0	11
21	0	0	0	0	0	58	0	8
22	0	0	0	0	0	21	0	3
23	5	1	3	2	3	7	5	4

TOTALS								

12HR 7-19	-	944	73	912	550	1093	722	-
16HR 6-22	-	964	80	960	599	1390	764	-
18HR 6-24	-	965	83	962	602	1418	769	-
24HR 0-24	1235	1070	860	1560	1545	1457	1480	-






*LOCATION	: ..	........	.......	.......	.......	.......	.......	...............
*SITE NUMB	ER: 11	602611						
*FILE NUMB	ER:	7						
*INTERVAL	:	15 MIN						
*BATTERY	:	6.5 V						
*RESTARTS	:	0						
*CONFIG	:	12						
*CHANNEL	:  1	OF  2						

	FRI	SAT	SUN	MON	TUE	WED	THU	7-DAY
DATE    06	/07/07	8	9	10	11	12	13	AVERAGE

START HOUR								

0	2	10	6	7	3	9	3	6
1	5	10	2	3	8	6	7	6
2	4	7	5	2	2	3	2	4
3	5	1	3	1	1	1	0	2
4	1	1	0	1	4	1	2	1
5	16	7	5	17	17	13	15	13
6	39	10	7	43	45	44	38	32
7	68	16	10	75	80	76	78	58
8	65	32	10	70	65	56	73	53
9	59	64	28	51	55	55	57	53
10	69	84	25	73	66	65	57	63
11	95	91	49	88	76	83	86	81
12	80	112	99	77	85	74	92	88			
13	89	81	60	79	74	75	88	78			
14	116	79	83	76	77	73	104	87		755	737
15	107	84	72	121	124	121	35	95		528	515,4119205
16	109	72	63	124	147	115	0	90			1252,411921
17	94	64	73	104	112	105	0	79			
18	20	49	62	107	82	100	0	60			
19	0	21	59	101	105	76	0	52			
20	0	29	57	61	85	60	0	42			
21	0	32	30	46	42	36	0	27			
22	0	13	15	23	31	32	0	16			
23	4	8	3	7	10	4	3	6			

TOTALS											

12HR 7-19	971	828	634	1045	1043	998	670	884			
16HR 6-22	1010	920	787	1296	1320	1214	708	1036
18HR 6-24	1014	941	805	1326	1361	1250	711	1058
24HR 0-24	1270	977	826	1357	1396	1283	1250	1089





*LOCATION	: ..	........	.......	.......	.......	.......	.......	...............
*SITE NUMB	ER: 11	602611						
*FILE NUMB	ER:	7						
*INTERVAL	:	15 MIN						
*BATTERY	:	6.5 V						
*RESTARTS	:	0						
*CONFIG	:	12						
*CHANNEL	:  1	OF  2						

	FRI	SAT	SUN	MON	TUE	WED	THU	7-DAY
DATE    06	/07/14	15	16	17	18	19	20	AVERAGE

START HOUR								

0	1	2	6	3	3	5	4	3
1	6	4	5	2	1	2	6	4
2	2	1	4	1	4	2	5	3
3	1	3	1	0	1	0	0	1
4	0	1	1	1	3	1	2	1
5	20	8	5	19	19	17	18	15
6	40	9	1	41	39	39	36	29
7	53	18	8	71	72	73	67	52
8	37	19	9	61	57	73	57	45
9	41	43	23	54	45	37	46	41
10	54	67	27	81	42	62	57	56
11	94	79	43	82	77	76	83	76
12	108	98	72	81	73	85	82	86
13	84	89	73	72	84	80	95	82
14	77	100	72	86	87	89	93	86
15	103	102	79	133	117	119	109	109
16	102	80	83	120	106	136	128	108
17	78	82	62	83	117	110	126	94
18	68	51	85	94	92	91	116	85
19	74	23	47	118	93	82	71	73
20	40	21	62	66	64	67	58	54
21	24	24	28	29	40	40	1	27
22	9	6	17	12	23	13	0	11
23	0	7	7	12	3	5	10	6

TOTALS								

12HR 7-19	899	828	636	1018	969	1031	1059	920
16HR 6-22	1077	905	774	1272	1205	1259	1225	1102
18HR 6-24	1086	918	798	1296	1231	1277	1235	1120
24HR 0-24	1116	937	820	1322	1262	1304	1270	1147



*LOCATION	: ..	........	.......	.......	.......	.......	.......	...............
*SITE NUMB	ER: 11	602611						
*FILE NUMB	ER:	7						
*INTERVAL	:	15 MIN						
*BATTERY	:	6.5 V						
*RESTARTS	:	0						
*CONFIG	:	12						
*CHANNEL	:  1	OF  2						

	FRI	SAT	SUN	MON	TUE	WED	THU	7-DAY			
DATE    06	/07/21	22	23	24	25	26	27	AVERAGE			

START HOUR											

0	3	7	8	2	1	3	2	4			
1	0	2	4	3	4	3	1	2			
2	2	4	8	2	2	2	3	3			
3	1	2	0	2	0	6	0	2			
4	3	0	3	3	1	3	5	3			
5	13	9	6	16	14	18	16	13			
6	34	8	10	41	41	39	45	31		472	542
7	64	11	10	73	75	66	65	52		838	962,279661
8	45	16	7	63	72	66	60	47			1504,279661
9	36	24	21	69	56	54	47	44			
10	63	58	16	70	55	65	74	57
11	84	45	36	96	69	71	83	69
12	65	33	78	102	82	64	59	69
13	87	51	87	2	87	58	0	53
14	107	55	99	0	104	89	0	65
15	94	66	89	0	108	123	0	69
16	89	88	73	0	119	120	0	70
17	78	96	77	0	87	91	0	61
18	65	30	50	0	105	86	0	48
19	55	23	65	0	103	79	0	46
20	33	14	54	0	67	58	0	32
21	18	19	26	0	36	49	0	21
22	0	6	14	1	13	30	1	9
23	7	7	10	7	9	7	4	7

TOTALS								

12HR 7-19	877	573	643	475	1019	953	388	704
16HR 6-22	1017	637	798	516	1266	1178	433	835
18HR 6-24	1024	650	822	524	1288	1215	438	852
24HR 0-24	1046	674	851	552	1310	1250	1500	878


















*LOCATION	: ..	........	.......	.......	.......	.......	.......	...............
*SITE NUMB	ER: 11	602611						
*FILE NUMB	ER:	7						
*INTERVAL	:	15 MIN						
*BATTERY	:	6.5 V						
*RESTARTS	:	0						
*CONFIG	:	12						
*CHANNEL	:  1	OF  2						

	FRI	SAT	SUN	MON	TUE	WED	THU	7-DAY				
DATE    06	/07/28	29	30	31	1	2	3	AVERAGE				

START HOUR												

0	5	3	2	2	-	-	-	-	0	3	7	8
1	3	4	6	5	-	-	-	-	1	0	2	4
2	7	4	4	2	-	-	-	-	2	2	4	8
3	1	2	3	1	-	-	-	-	3	1	2	0
4	2	1	4	1	-	-	-	-	4	3	0	3
5	13	3	4	17	-	-	-	-	5	13	9	6
6	36	7	5	50	-	-	-	-	6	34	8	10
7	50	10	9	84	-	-	-	-	7	64	11	10
8	51	13	10	73	-	-	-	-	8	45	16	7
9	56	24	11	52	-	-	-	-	9	36	24	21
10	68	61	34	74	-	-	-	-	10	63	58	16
11	83	88	41	96	-	-	-	-	11	84	45	36
12	89	113	84	89	-	-	-	-	12	65	33	78
13	8	115	105	99	-	-	-	-	13	87	51	87
14	0	114	57	-	-	-	-	-	14	107	55	99
15	0	89	67	-	-	-	-	-	15	94	66	89
16	0	0	19	-	-	-	-	-	16	89	88	73
17	0	0	0	-	-	-	-	-	17	78	96	77
18	0	0	0	-	-	-	-	-	18	65	30	50
19	0	0	0	-	-	-	-	-	19	55	23	65
20	0	0	0	-	-	-	-	-	20	33	14	54
21	0	0	0	-	-	-	-	-	21	18	19	26
22	2	1	6	-	-	-	-	-	22	0	6	14
23	8	10	4	-	-	-	-	-	23	7	7	10

TOTALS				645								

12HR 7-19	405	627	437	-	-	-	-	-	482	651
16HR 6-22	441	634	442	-	-	-	-	-	369	446
18HR 6-24	451	645	452	-	-	-	-	-		1097
24HR 0-24	1175	1122	1097	-	-	-	-	-		
