 
 
 
*LOCATION   : ............................................................
*SITE NUMBER: 11702620
*FILE NUMBER:        3
*INTERVAL   :   15 MIN
*BATTERY    :    6.5 V
*RESTARTS   :        0
*CONFIG     :       12
*CHANNEL    :  1 OF  2
 
             TUE    WED    THU    FRI    SAT    SUN    MON    7-DAY
DATE    06/06/27     28     29     30     01     02     03   AVERAGE
 
START HOUR
 
    0          -     16     16     19     25     22     16       -
    1          -      2      6     10     15     15      6       -
    2          -      0      2      4     10     11      1       -
    3          -      3      0      1      3     12      1       -
    4          -      1      2      4      3      4      4       -
    5          -     18     12     17      9      7     11       -
    6          -     59     60     56     18      8     62       -
    7          -    111    135    131     34     16    133       -
    8          -    186    206    168     49     34    175       -
    9          -    106    131    118     63     45    131       -
   10          -     85     94     88    102     67    107       -
   11          -     55    103    108    107    145    115       -
   12          -    109     89    142    142    140    139       -
   13          -     79    122    131    136    147    176       -
   14          -     92    134    127    129    178    178       -
   15          -    123    188    177    155    160    194       -
   16        120    154    195    224    134    146    288     180
   17        107    169    212    182    123    125    236     165
   18         94    146    161    129     95    128    182     134
   19         76    118    150     85     54    108    144     105
   20         70    122    122     65     58     87    115      91
   21         53     88     86     86     47     51     86      71
   22         40     47     53     38     37     39     48      43
   23         26     29     31     31     22     25     27      27
 
TOTALS
 
12HR 7-19      -   1415   1770   1725   1269   1331   2054       -
16HR 6-22      -   1802   2188   2017   1446   1585   2461       -
18HR 6-24      -   1878   2272   2086   1505   1649   2536       -
24HR 0-24      -   1918   2310   2141   1570   1720   2575       -
 
 
 
 
*LOCATION   : ............................................................
*SITE NUMBER: 11702620
*FILE NUMBER:        3
*INTERVAL   :   15 MIN
*BATTERY    :    6.5 V
*RESTARTS   :        0
*CONFIG     :       12
*CHANNEL    :  1 OF  2
 
             TUE    WED    THU    FRI    SAT    SUN    MON    7-DAY
DATE    06/07/04     05     06     07     08     09     10   AVERAGE
 
START HOUR
 
    0         15     27     23     18     13     36     35      24
    1         12      8     10     15     16     22     11      13
    2          3      4      2      3      6     13      1       5
    3          0      1      2      1     11     13      3       4
    4          6      7      6      4      4      5      2       5
    5         11      8     10     11      6      7     12       9
    6         67     62     57     56     18      6     50      45
    7        128    143    131    108     29     22    106      95
    8        195    172    167    146     38     28    156     129
    9        150    129    119    107     60     44    115     103
   10        108     79    109     91     94     87    100      95
   11        115    108     93    123    128     93    129     113
   12        112    123    123    144    157    109    154     132
   13        115    139    100    131    194    164    165     144
   14        118    152    121    160    180    155    188     153
   15        141    188    146    238    142    154    236     178
   16        233    270    205    221    150    146    220     206
   17        206    209    217    181    139    128    188     181
   18        180    167    188    143    119    126    180     158
   19        123    135    140    130     70    112    136     121
   20        114    223    136     79     72     92    122     120
   21         86    112     96     75     63     63     84      83
   22         38     38     54     50     41     34     51      44
   23         25     29     42     33     24     16     27      28
 
TOTALS
 
12HR 7-19   1801   1879   1719   1793   1430   1256   1937    1688
16HR 6-22   2191   2411   2148   2133   1653   1529   2329    2056
18HR 6-24   2254   2478   2244   2216   1718   1579   2407    2128
24HR 0-24   2301   2533   2297   2268   1774   1675   2471    2188
 
 
 
 
*LOCATION   : ............................................................
*SITE NUMBER: 11702620
*FILE NUMBER:        3
*INTERVAL   :   15 MIN
*BATTERY    :    6.5 V
*RESTARTS   :        0
*CONFIG     :       12
*CHANNEL    :  1 OF  2
 
             TUE    WED    THU    FRI    SAT    SUN    MON    7-DAY
DATE    06/07/11     12     13     14     15     16     17   AVERAGE
 
START HOUR
 
    0         16     20     22     19     35     27     21      23
    1          6      9      9     19     14     30      5      13
    2          3      4      3      8     12     23      4       8
    3          4      3      1      3     10     11      4       5
    4          3      4      6      7     10     16      6       7
    5         13     13      9     13      6      8     15      11
    6         58     62     64     56     17     14     65      48
    7        130    128    121     97     39     23    142      97
    8        139    164    175    140     43     37    153     122
    9        104     99    114     92     68     43    128      93
   10         81     86    109     81    106     90    111      95
   11        131    132    121    114    119    135    144     128
   12        126     99    142    149    147    152    163     140
   13        146    100    149    126    151    176    188     148
   14        150    123    173    130    171    187    169     158
   15        215    164    246    152    131    191    217     188
   16        271    206    315    174    138    187    276     224
   17        196    206    250    147    162    143    267     196
   18        158    143    215    132    110    157    208     160
   19        148    168    203    112    101    140    204     154
   20        114    119    143     76     76    106    121     108
   21         88     90    127     69     71     68    107      89
   22         44     48     52     40     46     60     58      50
   23         42     35     44     35     30     32     33      36
 
TOTALS
 
12HR 7-19   1847   1650   2130   1534   1385   1521   2166    1748
16HR 6-22   2255   2089   2667   1847   1650   1849   2663    2146
18HR 6-24   2341   2172   2763   1922   1726   1941   2754    2231
24HR 0-24   2386   2225   2813   1991   1813   2056   2809    2299
 
 
 
 
*LOCATION   : ............................................................
*SITE NUMBER: 11702620
*FILE NUMBER:        3
*INTERVAL   :   15 MIN
*BATTERY    :    6.5 V
*RESTARTS   :        0
*CONFIG     :       12
*CHANNEL    :  1 OF  2
 
             TUE    WED    THU    FRI    SAT    SUN    MON    7-DAY
DATE    06/07/18     19     20     21     22     23     24   AVERAGE
 
START HOUR
 
    0         20     19     19     15     20     30     16      20
    1          6     11     14     11     11     17     10      11
    2          8      3      7      9      6      5      6       6
    3          2      2      4      4      9     11      3       5
    4          3      4      8      7      4      7      7       6
    5         17     19     21     21     11     10     19      17
    6         72     70     66     64     14     11     71      53
    7        134    144    130    121     27     20    147     103
    8        162    172    174    150     31     36    177     129
    9        120    127    123     90     57     62    131     101
   10         95    123    103    103     55     80    126      98
   11        133    128    123     99    106    160    151     129
   12        123    137    123    114     60    181    170     130
   13        131    123    132    111     76    225    199     142
   14        148    106    157    126     63    203    203     144
   15        191    165    180    145     85    214    240     174
   16        264    249    222    173     87    176    352     218
   17        207    198    200    132     86    174    295     185
   18        197    166    155     90     81    173    267     161
   19        154    149    135     75     84    156    208     137
   20        128    107    116     56     59    104    164     105
   21        102     86     82     59     60     89    104      83
   22         66     66     60     36     44     61     40      53
   23         25     35     44     28     29     33     41      34
 
TOTALS
 
12HR 7-19   1905   1838   1822   1454    814   1704   2458    1714
16HR 6-22   2361   2250   2221   1708   1031   2064   3005    2091
18HR 6-24   2452   2351   2325   1772   1104   2158   3086    2178
24HR 0-24   2508   2409   2398   1839   1165   2238   3147    2243
 
 
 
 
*LOCATION   : ............................................................
*SITE NUMBER: 11702620
*FILE NUMBER:        3
*INTERVAL   :   15 MIN
*BATTERY    :    6.5 V
*RESTARTS   :        0
*CONFIG     :       12
*CHANNEL    :  1 OF  2
 
             TUE    WED    THU    FRI    SAT    SUN    MON    7-DAY
DATE    06/07/25     26     27     28     29     30     31   AVERAGE
 
START HOUR
 
    0         22     20     30     26     21     25     13      22
    1          9     22     21     15     24     26     11      18
    2          5      5     14     12     12     12      6       9
    3          2      5      5      6     21     21      2       9
    4          5      6     10      8      9      5      8       7
    5         12     16     19     15      5     10     18      14
    6         71     84     79     68     25     12     79      60
    7        161    154    155    129     29     21    196     121
    8        188    193    178    165     44     27    264     151
    9        145    172    135    129     70     58    185     128
   10        138    138    122    113     84     67    139     114
   11        168    162    122    130    106     94    154     134
   12        221    185    138    141    154    151    189     168
   13        215    175    166    149    180    136    193     173
   14        246    258    165    183    186    132    190     194
   15        332    252    216    239    215    144    276     239
   16        378    324    326    254    185    153    368     284
   17        272    319    260    196    164    161    358     247
   18        235    235    213    154    136    162    226     194
   19        190    178    160    124     98    155    203     158
   20        166    174    140     92     97     99    161     133
   21        109    128    117     84     71     67    102      97
   22         74     53     72     33     66     40     53      56
   23         44     52     34     36     38     33     23      37
 
TOTALS
 
12HR 7-19   2699   2567   2196   1982   1553   1306   2738    2149
16HR 6-22   3235   3131   2692   2350   1844   1639   3283    2596
18HR 6-24   3353   3236   2798   2419   1948   1712   3359    2689
24HR 0-24   3408   3310   2897   2501   2040   1811   3417    2769
 
 
 
 
*LOCATION   : ............................................................
*SITE NUMBER: 11702620
*FILE NUMBER:        3
*INTERVAL   :   15 MIN
*BATTERY    :    6.5 V
*RESTARTS   :        0
*CONFIG     :       12
*CHANNEL    :  1 OF  2
 
             TUE    WED    THU    FRI    SAT    SUN    MON    7-DAY
DATE    06/08/01     02     03     04     05     06     07   AVERAGE
 
START HOUR
 
    0         12      -      -      -      -      -      -       -
    1         10      -      -      -      -      -      -       -
    2          5      -      -      -      -      -      -       -
    3          2      -      -      -      -      -      -       -
    4          9      -      -      -      -      -      -       -
    5         20      -      -      -      -      -      -       -
    6         97      -      -      -      -      -      -       -
    7        200      -      -      -      -      -      -       -
    8        322      -      -      -      -      -      -       -
    9         83      -      -      -      -      -      -       -
   10          -      -      -      -      -      -      -       -
   11          -      -      -      -      -      -      -       -
   12          -      -      -      -      -      -      -       -
   13          -      -      -      -      -      -      -       -
   14          -      -      -      -      -      -      -       -
   15          -      -      -      -      -      -      -       -
   16          -      -      -      -      -      -      -       -
   17          -      -      -      -      -      -      -       -
   18          -      -      -      -      -      -      -       -
   19          -      -      -      -      -      -      -       -
   20          -      -      -      -      -      -      -       -
   21          -      -      -      -      -      -      -       -
   22          -      -      -      -      -      -      -       -
   23          -      -      -      -      -      -      -       -
 
TOTALS
 
12HR 7-19      -      -      -      -      -      -      -       -
16HR 6-22      -      -      -      -      -      -      -       -
18HR 6-24      -      -      -      -      -      -      -       -
24HR 0-24      -      -      -      -      -      -      -       -
 
 
 
 
*LOCATION   : ............................................................
*SITE NUMBER: 11702620
*FILE NUMBER:        3
*INTERVAL   :   15 MIN
*BATTERY    :    6.5 V
*RESTARTS   :        0
*CONFIG     :       12
*CHANNEL    :  2 OF  2
 
             TUE    WED    THU    FRI    SAT    SUN    MON    7-DAY
DATE    06/06/27     28     29     30     01     02     03   AVERAGE
 
START HOUR
 
    0          -     12      9     11     26     26      4       -
    1          -      8      5      5     20     20     10       -
    2          -      1      2      8     15     15      4       -
    3          -      2      5      3     11     11      4       -
    4          -      2      2      2      8     14      2       -
    5          -     13     20     21     11      2     14       -
    6          -     65     76     68     18     12     82       -
    7          -    191    194    187     22     17    202       -
    8          -    210    272    236     34     13    230       -
    9          -    119    113     97     51     31    117       -
   10          -     52     61     54     58     54     86       -
   11          -     54     80     89    102     92     86       -
   12          -     56     68     86    133    117    118       -
   13          -     69     98    121    122    145    101       -
   14          -     65    118    122    114    134    108       -
   15          -    142    167    193    130    143    194       -
   16        135    194    271    257    114    114    298     198
   17        141    224    243    204    113     86    289     186
   18         85    179    176    110    100    112    193     136
   19         73    111    125     78     62    110    151     101
   20         62     98    134     71     41     69    115      84
   21         74     86     82     73     45     64    102      75
   22         27     40     52     40     40     37     46      40
   23          6     23     31     28     21     15     24      21
 
TOTALS
 
12HR 7-19      -   1555   1861   1756   1093   1058   2022       -
16HR 6-22      -   1915   2278   2046   1259   1313   2472       -
18HR 6-24      -   1978   2361   2114   1320   1365   2542       -
24HR 0-24      -   2016   2404   2164   1411   1453   2580       -
 
 
 
 
*LOCATION   : ............................................................
*SITE NUMBER: 11702620
*FILE NUMBER:        3
*INTERVAL   :   15 MIN
*BATTERY    :    6.5 V
*RESTARTS   :        0
*CONFIG     :       12
*CHANNEL    :  2 OF  2
 
             TUE    WED    THU    FRI    SAT    SUN    MON    7-DAY
DATE    06/07/04     05     06     07     08     09     10   AVERAGE
 
START HOUR
 
    0          8     17     25     18     22     18     18      18
    1          6     18      7     11     15     19      7      12
    2          2      4     12      7     12     14      3       8
    3          1      2      7      5     16     11      3       6
    4          4      4      5      9     11     13      4       7
    5         10     17     15     11      4      4     11      10
    6         92     83     68     58     17     15     53      55
    7        213    186    182    142     23     16    156     131
    8        240    241    200    161     22     13    177     151
    9        130    118    128    110     26     36    111      94
   10         76     77     83     86     67     59     71      74
   11         84     92     70    102    111     86    103      93
   12        105     95    100    110    110     81     82      98
   13         89    100    105    124    102    124     86     104
   14        115    120    104    152     91    124    133     120
   15        232    203    195    200    101    116    154     172
   16        287    310    283    199     96    123    232     219
   17        234    235    230    177    120    112    209     188
   18        199    195    169    129    104    128    159     155
   19        137    148    117     92     81     90    137     115
   20        140     79    119     50     58     74    123      92
   21        122     71    110     58     49     59     91      80
   22         38     47     52     34     31     25     46      39
   23         17     20     28     35     24     12     19      22
 
TOTALS
 
12HR 7-19   2004   1972   1849   1692    973   1018   1673    1597
16HR 6-22   2495   2353   2263   1950   1178   1256   2077    1939
18HR 6-24   2550   2420   2343   2019   1233   1293   2142    2000
24HR 0-24   2581   2482   2414   2080   1313   1372   2188    2061
 
 
 
 
*LOCATION   : ............................................................
*SITE NUMBER: 11702620
*FILE NUMBER:        3
*INTERVAL   :   15 MIN
*BATTERY    :    6.5 V
*RESTARTS   :        0
*CONFIG     :       12
*CHANNEL    :  2 OF  2
 
             TUE    WED    THU    FRI    SAT    SUN    MON    7-DAY
DATE    06/07/11     12     13     14     15     16     17   AVERAGE
 
START HOUR
 
    0         13     19     10     11      7     11     10      12
    1          8      9     15     12      9      8      3       9
    2          2      5      3      5      7     20      5       7
    3          1      1      5      2     12      8      2       4
    4          0      6      5      6      5     16      4       6
    5         12     12      7     12      7      3      7       9
    6         95     75     66     36     11     11     49      49
    7        171    156    149     91     13      9    130     103
    8        193    184    165     99     25     14    129     116
    9        117    114    117     64     44     24     78      80
   10         99     72     57     44     52     40     52      59
   11        122     80     56     51     65     60     60      71
   12        132     99     65     73     76     82     56      83
   13        117     72     90     67     96     84     87      88
   14        132    108     82     65     75     95     70      90
   15        180    170    157     94     72     86    134     128
   16        277    229    196    116     55     86    182     163
   17        250    235    178     89     84     84    154     153
   18        181    151    161     61     69     74    113     116
   19        147    116     92     51     44     64     86      86
   20        124    121    105     41     35     63     74      80
   21        107     94     87     55     33     47     65      70
   22         49     68     42     27     24     25     24      37
   23         20     20     28     19     19     19     10      19
 
TOTALS
 
12HR 7-19   1971   1670   1473    914    726    738   1245    1248
16HR 6-22   2444   2076   1823   1097    849    923   1519    1533
18HR 6-24   2513   2164   1893   1143    892    967   1553    1589
24HR 0-24   2549   2216   1938   1191    939   1033   1584    1636
 
 
 
 
*LOCATION   : ............................................................
*SITE NUMBER: 11702620
*FILE NUMBER:        3
*INTERVAL   :   15 MIN
*BATTERY    :    6.5 V
*RESTARTS   :        0
*CONFIG     :       12
*CHANNEL    :  2 OF  2
 
             TUE    WED    THU    FRI    SAT    SUN    MON    7-DAY
DATE    06/07/18     19     20     21     22     23     24   AVERAGE
 
START HOUR
 
    0         10     10     14      7      9      3      3       8
    1          2      4      7      2      5      6      6       5
    2          4      4      1      4      3      7      3       4
    3          0      2      1      2      8      4      1       3
    4          2      0      4      4      5      6      4       4
    5          5     11      8      4      1     12      7       7
    6         55     47     40     35     11     10     61      37
    7        107    114     86     80      9     12    115      75
    8        118    125    109     84     12     11    145      86
    9         67     75     62     56     17     28    101      58
   10         57     46     54     40     18     46     53      45
   11         44     42     56     52     26     93     88      57
   12         43     54     43     41      6     79     61      47
   13         50     46     66     60     18    106     64      59
   14         70     62     63     68     19     84     88      65
   15        123    102     89     73     30    100    123      91
   16        148    142    141     68     33     80    148     109
   17        147    117    120     60     22     97    180     106
   18        112     82     87     39     42     88    122      82
   19         78     68     62     39     38     60     80      61
   20         76     71     81     26     24     62     80      60
   21         60     57     47     27     23     48     63      46
   22         22     27     21     17     27     18     23      22
   23         14     15     13      7     11      5      9      11
 
TOTALS
 
12HR 7-19   1086   1007    976    721    252    824   1288     879
16HR 6-22   1355   1250   1206    848    348   1004   1572    1083
18HR 6-24   1391   1292   1240    872    386   1027   1604    1116
24HR 0-24   1414   1323   1275    895    417   1065   1628    1145
 
 
 
 
*LOCATION   : ............................................................
*SITE NUMBER: 11702620
*FILE NUMBER:        3
*INTERVAL   :   15 MIN
*BATTERY    :    6.5 V
*RESTARTS   :        0
*CONFIG     :       12
*CHANNEL    :  2 OF  2
 
             TUE    WED    THU    FRI    SAT    SUN    MON    7-DAY
DATE    06/07/25     26     27     28     29     30     31   AVERAGE
 
START HOUR
 
    0          3      8      3      7      9      8      5       6
    1          3      7      7      8      4     12      2       6
    2          2      3      2      2      7      6      1       3
    3          2      2      4      7      6     11      1       5
    4          2      8      4      9      5     12      2       6
    5         15     16     13      8      1      1      8       9
    6         58     55     39     43      5      7     47      36
    7        106    110     96     92     15      9    148      82
    8        148    124    122     86     22     16    177      99
    9         84    102     74     62     25     18    102      67
   10         58     69     47     41     22     36     54      47
   11         83     68     51     48     42     58     66      59
   12         66     55     58     57     80     58     84      65
   13         80     74     69     70     79     80     62      73
   14         79     73     84     89    101     83     73      83
   15        135    127    112    109     66     54    128     104
   16        172    169    151    110     56     65    195     131
   17        157    136    137    102     76     86    213     130
   18        145    117    127     86     66     69    132     106
   19         93     98     76     53     45     60    102      75
   20         74     70     74     48     34     46     99      64
   21         66     49     64     40     51     37     92      57
   22         30     43     29     20     19     12     26      26
   23         21     17      8     22     11     21     13      16
 
TOTALS
 
12HR 7-19   1313   1224   1128    952    650    632   1434    1048
16HR 6-22   1604   1496   1381   1136    785    782   1774    1280
18HR 6-24   1655   1556   1418   1178    815    815   1813    1321
24HR 0-24   1682   1600   1451   1219    847    865   1832    1357
 
 
 
 
*LOCATION   : ............................................................
*SITE NUMBER: 11702620
*FILE NUMBER:        3
*INTERVAL   :   15 MIN
*BATTERY    :    6.5 V
*RESTARTS   :        0
*CONFIG     :       12
*CHANNEL    :  2 OF  2
 
             TUE    WED    THU    FRI    SAT    SUN    MON    7-DAY
DATE    06/08/01     02     03     04     05     06     07   AVERAGE
 
START HOUR
 
    0          5      -      -      -      -      -      -       -
    1          3      -      -      -      -      -      -       -
    2          2      -      -      -      -      -      -       -
    3          1      -      -      -      -      -      -       -
    4          3      -      -      -      -      -      -       -
    5          5      -      -      -      -      -      -       -
    6         60      -      -      -      -      -      -       -
    7        149      -      -      -      -      -      -       -
    8        229      -      -      -      -      -      -       -
    9         53      -      -      -      -      -      -       -
   10          -      -      -      -      -      -      -       -
   11          -      -      -      -      -      -      -       -
   12          -      -      -      -      -      -      -       -
   13          -      -      -      -      -      -      -       -
   14          -      -      -      -      -      -      -       -
   15          -      -      -      -      -      -      -       -
   16          -      -      -      -      -      -      -       -
   17          -      -      -      -      -      -      -       -
   18          -      -      -      -      -      -      -       -
   19          -      -      -      -      -      -      -       -
   20          -      -      -      -      -      -      -       -
   21          -      -      -      -      -      -      -       -
   22          -      -      -      -      -      -      -       -
   23          -      -      -      -      -      -      -       -
 
TOTALS
 
12HR 7-19      -      -      -      -      -      -      -       -
16HR 6-22      -      -      -      -      -      -      -       -
18HR 6-24      -      -      -      -      -      -      -       -
24HR 0-24      -      -      -      -      -      -      -       -
 
