 

 
*LOCATION   : ............................................................
*SITE NUMBER: 12102610
*FILE NUMBER:        2
*INTERVAL   :   15 MIN
*BATTERY    :    6.1 V
*RESTARTS   :        0
*CONFIG     :       12
*CHANNEL    :  2 OF  2
 
             MON    TUE    WED    THU    FRI    SAT    SUN    7-DAY
DATE    06/06/26     27     28     29     30     01     02   AVERAGE
 
START HOUR
 
    0          -      7      6      9     18     17     10       -
    1          -      6      2     12     14      7      3       -
    2          -      7      3      8      5      9      6       -
    3          -      6      3      2      4      6      6       -
    4          -      4      3      5     10      3      3       -
    5          -     17     21     25     20     15      2       -
    6          -     54     94    114    105     14     12       -
    7          -     45     67     92     75     14      8       -
    8          -     19     59     64     61     35     16       -
    9          -     23     41     41     62     63     45       -
   10          -     34     33     40     70     81     92       -
   11          -     34     40     75     95     91    128       -
   12          -     35     38     74    112    130    169       -
   13         99     39     67     96    110    149    194     108
   14        128     56     72    122    119    180    161     120
   15        159     70     93    158    141    125    180     132
   16        167     67    122    175    146    116    225     145
   17        135     70    111    142     96    104    113     110
   18        148     75     96    101     81    108    127     105
   19         96     53     89     97     88     60     92      82
   20         97     52     79    108     52     34     81      72
   21         48     40     54     87     54     41     52      54
   22         14      9     23     30     35     16     20      21
   23         12     10      6     22     19     10     18      14
 
TOTALS
 
12HR 7-19      -    567    839   1180   1168   1196   1458       -
16HR 6-22      -    766   1155   1586   1467   1345   1695       -
18HR 6-24      -    785   1184   1638   1521   1371   1733       -
24HR 0-24      -    832   1222   1699   1592   1428   1763       -

 
 
 
 


















*LOCATION   : ............................................................
*SITE NUMBER: 12102610
*FILE NUMBER:        2
*INTERVAL   :   15 MIN
*BATTERY    :    6.1 V
*RESTARTS   :        0
*CONFIG     :       12
*CHANNEL    :  2 OF  2
 
             MON    TUE    WED    THU    FRI    SAT    SUN    7-DAY
DATE    06/07/03     04     05     06     07     08     09   AVERAGE
 
START HOUR
 
    0          8     10      6     12     12     14     23      12
    1          9      8      9      6      6      8      0       7
    2          4      1      5      6      3     10      1       4
    3         10      5      8      3      4      5      2       5
    4          4     12     17      9     10      3      4       8
    5         24     37     20     35     20     11      7      22
    6        104    130    122     98     83     23     21      83
    7         96    116    106    102     72     23     27      77
    8         74     83     59     65     69     30     19      57
    9         86     86     65     64     80     48     47      68
   10         81     80     85     97    117    109    112      97
   11        104     91    128     84     92    146    175     117
   12         89    106     96    103    129    133    176     119
   13        119    102    152     95    127    185    214     142
   14        127    123    164    111    143    162    180     144
   15        143    145    185    160    163    147    173     159
   16        188    169    210    160    148    166    147     170
   17        198    154    169    155    140    137    165     160
   18        169    115    149    114    111    156    120     133
   19        150    132    121    164     79    114    108     124
   20        104     96    101    121    101     94     88     101
   21         64     62     57     68     51     79     31      59
   22         30     36     27     29     30     33     22      30
   23         14     14     30     17      9     17     11      16
 
TOTALS
 
12HR 7-19   1474   1370   1568   1310   1391   1442   1555    1444
16HR 6-22   1896   1790   1969   1761   1705   1752   1803    1811
18HR 6-24   1940   1840   2026   1807   1744   1802   1836    1856
24HR 0-24   1999   1913   2091   1878   1799   1853   1873    1915

 
 
 



















 
*LOCATION   : ............................................................
*SITE NUMBER: 12102610
*FILE NUMBER:        2
*INTERVAL   :   15 MIN
*BATTERY    :    6.1 V
*RESTARTS   :        0
*CONFIG     :       12
*CHANNEL    :  2 OF  2
 
             MON    TUE    WED    THU    FRI    SAT    SUN    7-DAY
DATE    06/07/10     11     12     13     14     15     16   AVERAGE
 
START HOUR
 
    0         14      4      8      6     10     10     14       9
    1         11      5      4      9     10      0      2       6
    2          3      3      1      1      6     10      2       4
    3          7      2      3      1      3      8      6       4
    4          9      6      9      6      3      6      3       6
    5         16     23     24     24     22     14     12      19
    6        110    100     84     71     60     15     14      65
    7         85     87     93     99     34     11     16      61
    8         56     75     70     72     34     25     30      52
    9         63     83     65     43     49     53     39      56
   10         77     76     53     94     57     82     69      73
   11        110    122     91     97     73    125    110     104
   12         89    124     83    134     78    152    176     119
   13        107    100     81     95    103    154    250     127
   14        124    120    107    123    101    111    193     126
   15        148    183    168    179    106     97    146     147
   16        167    163    199    155    100    115    129     147
   17        141    190    164    147    106    130    149     147
   18        117    146    148    160     83    108    125     127
   19        122    125    107    116     60     73    104     101
   20        116    123    115     98     66     71     77      95
   21         73     62     72     67     45     52     64      62
   22         42     40     28     33     18     18     27      29
   23          9     18      9     25     13     17     10      14
 
TOTALS
 
12HR 7-19   1284   1469   1322   1398    924   1163   1432    1285
16HR 6-22   1705   1879   1700   1750   1155   1374   1691    1608
18HR 6-24   1756   1937   1737   1808   1186   1409   1728    1652
24HR 0-24   1816   1980   1786   1855   1240   1457   1767    1700

 
 
 
 
















*LOCATION   : ............................................................
*SITE NUMBER: 12102610
*FILE NUMBER:        2
*INTERVAL   :   15 MIN
*BATTERY    :    6.1 V
*RESTARTS   :        0
*CONFIG     :       12
*CHANNEL    :  2 OF  2
 
             MON    TUE    WED    THU    FRI    SAT    SUN    7-DAY
DATE    06/07/17     18     19     20     21     22     23   AVERAGE
 
START HOUR
 
    0          3     11      5      2     10     14     10       8
    1          1      3      0      7      7      2     17       5
    2          1      0      3      1      2      3      7       2
    3          7      0      2      3      3      3      4       3
    4          7      6      8      5      9      0      1       5
    5         23     11     24     15     11      5      2      13
    6         85     73     76     72     69      6      8      56
    7         73     60     90     61     61      6     12      52
    8         40     49     54     41     45     12     21      37
    9         59     57     71     45     52      8     48      49
   10         74     60     57     67     75     23    107      66
   11        131     61     89     60    102     22    105      81
   12        140     56     69    102     83     19    192      94
   13        163     90     78    108     97     26    192     108
   14        110    100     64     96     99     38    203     101
   15        194    168    142    123    103     76    168     139
   16        171    163    126    100     91     86    203     134
   17        192    127     94    107     77     77    178     122
   18        131    136    104    133     54     73    126     108
   19        106    123    103     86     46     62    111      91
   20         81     87     96     85     35     42     82      73
   21         65     56     52     20     31     23     43      41
   22         34     26     26     23     16     24     28      25
   23         15     11      6     13     14     10     20      13
 
TOTALS
 
12HR 7-19   1478   1127   1038   1043    939    466   1555    1092
16HR 6-22   1815   1466   1365   1306   1120    599   1799    1353
18HR 6-24   1864   1503   1397   1342   1150    633   1847    1391
24HR 0-24   1906   1534   1439   1375   1192    660   1888    1428

 
 
 
 










*LOCATION   : ............................................................
*SITE NUMBER: 12102610
*FILE NUMBER:        2
*INTERVAL   :   15 MIN
*BATTERY    :    6.1 V
*RESTARTS   :        0
*CONFIG     :       12
*CHANNEL    :  2 OF  2
 
             MON    TUE    WED    THU    FRI    SAT    SUN    7-DAY
DATE    06/07/24     25     26     27     28     29     30   AVERAGE
 
START HOUR
 
    0          7      8     10     13     18      5      7      10
    1          5      3      3      5      7      4      9       5
    2          0      2      5      3      4      5      3       3
    3          3      1      3      2      1      2      1       2
    4         14      5      4      3      6      6      2       6
    5         21     18     23     17     18      9      5      16
    6         65     81     89     80     53     13     23      58
    7         68     80     78     67     61     13      7      53
    8         61     71     60     63     54     14     14      48
    9         57     57     64     63     61     32     36      53
   10         87    117     78     54     75     52     57      74
   11        116    133    115    119     80     77     85     104
   12        113    163    143    131    113    105    111     126
   13        108    171    122    115     93    147    132     127
   14        117    167    117    103    155    168    107     133
   15        182    178    189    154    156    116     79     151
   16        208    171    184    161    144    132    108     158
   17        163    186    163    156    154    124     91     148
   18        131    166    129    166    105     94    116     130
   19        113    179    159    124     86     98     72     119
   20         85     92    103    106     45     56     62      78
   21         54     63     70     77     37     36     31      53
   22         14     30     34     42     17     29     20      27
   23         11     16     10      8     12      8     19      12
 
TOTALS
 
12HR 7-19   1411   1660   1442   1352   1251   1074    943    1305
16HR 6-22   1728   2075   1863   1739   1472   1277   1131    1612
18HR 6-24   1753   2121   1907   1789   1501   1314   1170    1651
24HR 0-24   1803   2158   1955   1832   1555   1345   1197    1692

 
 
 
 















*LOCATION   : ............................................................
*SITE NUMBER: 12102610
*FILE NUMBER:        2
*INTERVAL   :   15 MIN
*BATTERY    :    6.1 V
*RESTARTS   :        0
*CONFIG     :       12
*CHANNEL    :  2 OF  2
 
             MON    TUE    WED    THU    FRI    SAT    SUN    7-DAY
DATE    06/07/31     01     02     03     04     05     06   AVERAGE
 
START HOUR
 
    0          3      9      -      -      -      -      -       -
    1          6      5      -      -      -      -      -       -
    2          2      5      -      -      -      -      -       -
    3          0      1      -      -      -      -      -       -
    4          5      9      -      -      -      -      -       -
    5         18     23      -      -      -      -      -       -
    6         97    100      -      -      -      -      -       -
    7         83     97      -      -      -      -      -       -
    8         73     80      -      -      -      -      -       -
    9         67     66      -      -      -      -      -       -
   10         72     76      -      -      -      -      -       -
   11         81     94      -      -      -      -      -       -
   12         92     89      -      -      -      -      -       -
   13         97    103      -      -      -      -      -       -
   14         95      -      -      -      -      -      -       -
   15        150      -      -      -      -      -      -       -
   16        169      -      -      -      -      -      -       -
   17        219      -      -      -      -      -      -       -
   18        149      -      -      -      -      -      -       -
   19        101      -      -      -      -      -      -       -
   20         99      -      -      -      -      -      -       -
   21         46      -      -      -      -      -      -       -
   22         12      -      -      -      -      -      -       -
   23         11      -      -      -      -      -      -       -
 
TOTALS
 
12HR 7-19   1347      -      -      -      -      -      -       -
16HR 6-22   1690      -      -      -      -      -      -       -
18HR 6-24   1713      -      -      -      -      -      -       -
24HR 0-24   1747      -      -      -      -      -      -       -

 

