 *LOCATION   : ............................................................

*SITE NUMBER: 10801419

*FILE NUMBER:        1

*INTERVAL   :   15 MIN

*BATTERY    :    6.1 V

*RESTARTS   :        0

*CONFIG     :        0

*CHANNEL    :  1 OF  1

 

             TUE    WED    THU    FRI    SAT    SUN    MON    7-DAY

DATE    11/04/05     06     07     08     09     10     11   AVERAGE

 

START HOUR

 

    0          -      0      0      0      1      1      1       -

    1          -      0      1      0      4      3      0       -

    2          -      0      0      2      2      3      0       -

    3          -      1      1      0      0      1      0       -

    4          -      0      0      0      1      0      2       -

    5          -      0      0      1      1      1      2       -

    6          -      9     10      7      1      1     10       -

    7          -     31     18     23      2      1     58       -

    8          -     51     36     38      5      5     72       -

    9          -     22     21     25     17     18     41       -

   10          -     12     12     20     14     27     24       -

   11          -      6     13      6     27     17     24       -

   12          -     10     18     24     38     29     19       -

   13          -      7     20     22     33     42     24       -

   14         19     13     12     24     41     49     39      28

   15         23     29     27     33     26     46     40      32

   16         40     35     25     38     45     41     79      43

   17         36     35     21     30     34     36     67      37

   18         20     16     16     22     17     32     35      23

   19         32     18     15     16     16     32     34      23

   20          7     11      6      5      6     13     25      10

   21          5      8      6     10      3     14     15       9

   22          4      1      7      6      5      8      6       5

   23          2      1      0      2      3      3      2       2

 

TOTALS

 

12HR 7-19      -    267    239    305    299    343    522       -

16HR 6-22      -    313    276    343    325    403    606       -

18HR 6-24      -    315    283    351    333    414    614       -

24HR 0-24      -    316    285    354    342    423    619       -


 

 

 

 


































*LOCATION   : ............................................................

*SITE NUMBER: 10801419

*FILE NUMBER:        1

*INTERVAL   :   15 MIN

*BATTERY    :    6.1 V

*RESTARTS   :        0

*CONFIG     :        0

*CHANNEL    :  1 OF  1

 

             TUE    WED    THU    FRI    SAT    SUN    MON    7-DAY

DATE    11/04/12     13     14     15     16     17     18   AVERAGE

 

START HOUR

 

    0          2      5      2      5      6      6      9       5

    1          0      1      1      3      5      6      1       2

    2          2      0      1      1      4      3      0       2

    3          1      1      0      2      2      3      1       1

    4          0      0      0      1      2      6      0       1

    5          3      4      3      3      0      0      4       2

    6         12     23     17     17      4      1     31      15

    7         57     63     55     64      4      3     65      44

    8         79     83     94     87     17      6    121      70

    9         61     60     59     58     28     14     61      49

   10         40     28     36     40     35     27     40      35

   11         48     29     31     37     35     60     39      40

   12         41     34     29     40     48     56     31      40

   13         30     32     43     49     61     84     38      48

   14         50     36     52     52     64     81     47      55

   15         59     50     62     91     73     91     76      72

   16         99     82    103     98     64     70    117      90

   17         86     73     82     57     60     74    111      78

   18         74     61     72     68     47     78     77      68

   19         52     41     52     40     22     61     76      49

   20         39     26     34     35     14     18     45      30

   21         12     30     31     15     16     19     33      22

   22          5      5     13     15      4      6      9       8

   23          6      4      7      3      4     11      8       6

 

TOTALS

 

12HR 7-19    724    631    718    741    536    644    823     688

16HR 6-22    839    751    852    848    592    743   1008     805

18HR 6-24    850    760    872    866    600    760   1025     819

24HR 0-24    858    771    879    881    619    784   1040     833


 

 

 

 



































*LOCATION   : ............................................................

*SITE NUMBER: 10801419

*FILE NUMBER:        1

*INTERVAL   :   15 MIN

*BATTERY    :    6.1 V

*RESTARTS   :        0

*CONFIG     :        0

*CHANNEL    :  1 OF  1

 

             TUE    WED    THU    FRI    SAT    SUN    MON    7-DAY

DATE    11/04/19     20     21     22     23     24     25   AVERAGE

 

START HOUR

 

    0          3      1      4      8      3     11      3       5

    1          1      1      3      4      0      9      2       3

    2          0      6      1      2      6     10      1       4

    3          0      1      2      2      3      2      2       2

    4          0      2      1      4      5      7      1       3

    5          4      3      3      2      0      2      2       2

    6         31     21     23      3      3      3      5      13

    7         85     58     57      5     10      3      4      32

    8        144    118    115     11     11      9     17      61

    9         78     65     53     17     18     15     32      40

   10         55     25     43     20     35     31     47      37

   11         44     28     50     10     60     66     88      49

   12         48     37     36     10     59     90    115      56

   13         46     31     79     26     67     83    123      65

   14         55     38     92     32     64     94    149      75

   15         89     50     89     29     88     88    108      77

   16        140    105     81     55     81     83    102      92

   17        131     81     72     47     48     79    110      81

   18        101     59     55     44     47     53     95      65

   19         73     48     49     27     41     51     67      51

   20         49     39     25     29     28     42     49      37

   21         34     30     17     20     16     30     20      24

   22         12      4     11     10     12     25     10      12

   23          6      8     11      4      6     16     12       9

 

TOTALS

 

12HR 7-19   1016    695    822    306    588    694    990     730

16HR 6-22   1203    833    936    385    676    820   1131     855

18HR 6-24   1221    845    958    399    694    861   1153     876

24HR 0-24   1229    859    972    421    711    902   1164     894


 

 

 

 

































*LOCATION   : ............................................................

*SITE NUMBER: 10801419

*FILE NUMBER:        1

*INTERVAL   :   15 MIN

*BATTERY    :    6.1 V

*RESTARTS   :        0

*CONFIG     :        0

*CHANNEL    :  1 OF  1

 

             TUE    WED    THU    FRI    SAT    SUN    MON    7-DAY

DATE    11/04/26     27     28     29     30     01     02   AVERAGE

 

START HOUR

 

    0          5      5     10      4      5     11      2       6

    1          0      7      6      7      9      8      0       5

    2          0     10      1      4      3     10      1       4

    3          1      2      2      3     10     12      2       5

    4          2      2      2      3      4      8      2       3

    5         10      9      9      5      4      7      9       8

    6         31     43     48     55      6      6     47      34

    7        139    132    128     98      8      7    128      91

    8        206    198    206    173     18      7    196     143

    9        120    101     99    113     33     17     95      83

   10         59     52     65     65     33     35     68      54

   11         78     49     49     66     45     54     43      55

   12         56     71     70     61     49     44     47      57

   13         66     67     78     61     44     51     55      60

   14         98     83     85     77     38     50     54      69

   15        149    137    140    122     39     51    106     106

   16        189    185    181    165     34     46    186     141

   17        202    189    199    113     26     37    148     131

   18        151    153    157    109     25     33     99     104

   19         95    111    123     68     31     20     94      77

   20         98     92     83     53     27     25     52      61

   21         39     73     50     43     16     17     44      40

   22         15     15     30     31     15      5     19      19

   23          8     19     13     18      7      5      4      11

 

TOTALS

 

12HR 7-19   1513   1417   1457   1223    392    432   1225    1094

16HR 6-22   1776   1736   1761   1442    472    500   1462    1307

18HR 6-24   1799   1770   1804   1491    494    510   1485    1336

24HR 0-24   1817   1805   1834   1517    529    566   1501    1367


 

 

 

 

































*LOCATION   : ............................................................

*SITE NUMBER: 10801419

*FILE NUMBER:        1

*INTERVAL   :   15 MIN

*BATTERY    :    6.1 V

*RESTARTS   :        0

*CONFIG     :        0

*CHANNEL    :  1 OF  1

 

             TUE    WED    THU    FRI    SAT    SUN    MON    7-DAY

DATE    11/05/03     04     05     06     07     08     09   AVERAGE

 

START HOUR

 

    0          1      2      -      -      -      -      -       -

    1          3      2      -      -      -      -      -       -

    2          0      1      -      -      -      -      -       -

    3          1      2      -      -      -      -      -       -

    4          2      1      -      -      -      -      -       -

    5          8     10      -      -      -      -      -       -

    6         35     47      -      -      -      -      -       -

    7        140    125      -      -      -      -      -       -

    8        187    195      -      -      -      -      -       -

    9        107     91      -      -      -      -      -       -

   10         56     64      -      -      -      -      -       -

   11         43      -      -      -      -      -      -       -

   12         39      -      -      -      -      -      -       -

   13         44      -      -      -      -      -      -       -

   14         54      -      -      -      -      -      -       -

   15        129      -      -      -      -      -      -       -

   16        186      -      -      -      -      -      -       -

   17        159      -      -      -      -      -      -       -

   18        134      -      -      -      -      -      -       -

   19        105      -      -      -      -      -      -       -

   20         64      -      -      -      -      -      -       -

   21         53      -      -      -      -      -      -       -

   22         22      -      -      -      -      -      -       -

   23         11      -      -      -      -      -      -       -

 

TOTALS

 

12HR 7-19   1278      -      -      -      -      -      -       -

16HR 6-22   1535      -      -      -      -      -      -       -

18HR 6-24   1568      -      -      -      -      -      -       -

24HR 0-24   1583      -      -      -      -      -      -       -
