 

 

 

*LOCATION   : ............................................................

*SITE NUMBER: 11601301

*FILE NUMBER:        1

*INTERVAL   :   15 MIN

*BATTERY    :    6.4 V

*RESTARTS   :        0

*CONFIG     :        0

*CHANNEL    :  1 OF  1

 

             WED    THU    FRI    SAT    SUN    MON    TUE    7-DAY

DATE    11/03/30     31     01     02     03     04     05   AVERAGE

 

START HOUR

 

    0          -      1      1      0      0      1      2       -

    1          -      0      0      0      0      0      3       -

    2          -      0      1      1      0      0      0       -

    3          -      2      2      0      1      1      3       -

    4          -      5      8      2      1      6      6       -

    5          -     14     11      4      1     13     13       -

    6          -     15     14      2      2     18     19       -

    7          -     22     22      4      0     23     23       -

    8          -     11      9     15      3      8     20       -

    9          -     21     14     18      5     13     13       -

   10          -     15     11     15     10     14     25       -

   11          -     19     14     15     10     15     17       -

   12          -     22     17     29     24     11     25       -

   13         13     25     25     29     17     22     28      23

   14         27     41     35     38     25     29     37      33

   15         24     44     33     27     12     38     59      34

   16         26     21     23     14     14     18     63      26

   17         28     17     19     10      8     22     72      25

   18         18     10     23      2      8     14     45      17

   19         15      7      7      0      3     12     28      10

   20          3      3      4      0      4      7      6       4

   21          4      3      3      1      0      1      5       2

   22          0      0      1      1      0      1      1       1

   23          0      0      0      0      0      0      0       0

 

TOTALS

 

12HR 7-19      -    268    245    216    136    227    427       -

16HR 6-22      -    296    273    219    145    265    485       -

18HR 6-24      -    296    274    220    145    266    486       -

24HR 0-24      -    318    297    227    148    287    513       -


 

 

 

 

































*LOCATION   : ............................................................

*SITE NUMBER: 11601301

*FILE NUMBER:        1

*INTERVAL   :   15 MIN

*BATTERY    :    6.4 V

*RESTARTS   :        0

*CONFIG     :        0

*CHANNEL    :  1 OF  1

 

             WED    THU    FRI    SAT    SUN    MON    TUE    7-DAY

DATE    11/04/06     07     08     09     10     11     12   AVERAGE

 

START HOUR

 

    0          1      1      1      2      0      0      1       1

    1          0      0      1      4      0      1      0       1

    2          0      1      0      2      0      0      0       0

    3          1      1      1      1      1      1      4       1

    4          5      9      8      2      0      9      9       6

    5         17     15     12      5      3     14     28      13

    6         25     27     17      4      2     33     44      22

    7         24     29     25     11      4     33     41      24

    8         15     45     27     28      6     29     41      27

    9         13     42     26     45     17     21     50      31

   10         18     47     36     66     39     39     52      42

   11         20     51     39     64     87     39     48      50

   12         17     47     38     57     94     30     69      50

   13         20     41     28     73     98     42     51      50

   14         54     44     69     92     95     69     86      73

   15         30     44     59     61     91     76     90      64

   16         32     28     47     74    104     63     79      61

   17         25     23     49     60     80     67     93      57

   18         18     12     29     11     56     41     66      33

   19         10      9      9     11     45     36     30      21

   20          6      1      3      2      8      8      9       5

   21          3      3      8      1      6      7      6       5

   22          0      0      3      1      0      0      1       1

   23          0      1      0      2      0      0      0       0

 

TOTALS

 

12HR 7-19    286    453    472    642    771    549    766     563

16HR 6-22    330    493    509    660    832    633    855     616

18HR 6-24    330    494    512    663    832    633    856     617

24HR 0-24    354    521    535    679    836    658    898     640


 

 

 

 






































*LOCATION   : ............................................................

*SITE NUMBER: 11601301

*FILE NUMBER:        1

*INTERVAL   :   15 MIN

*BATTERY    :    6.4 V

*RESTARTS   :        0

*CONFIG     :        0

*CHANNEL    :  1 OF  1

 

             WED    THU    FRI    SAT    SUN    MON    TUE    7-DAY

DATE    11/04/13     14     15     16     17     18     19   AVERAGE

 

START HOUR

 

    0          1      1      1      3      2      1      2       2

    1          0      1      0      0      0      1      0       0

    2          1      1      0      3      0      0      0       1

    3          1      1      1      1      1      1      0       1

    4         11     12     10      5      4      8      9       8

    5         26     23     24      4      7     30     34      21

    6         44     38     43      9      2     60     66      37

    7         50     57     52     14     10     74     66      46

    8         33     36     38     41     17     40     48      36

    9         36     43     40     60     24     42     53      43

   10         52     42     56     81     45     49     50      54

   11         36     52     70     77     96     75     53      66

   12         41     44     63     90    109     71     62      69

   13         48     58     85    100    111     66     87      79

   14         59     66     81     89    124     95    145      94

   15         72     94    121    102    116     95    140     106

   16         78     83     87     99     95     96    126      95

   17         89     70     87     48     78     96    104      82

   18         60     52     79     16     41     88     81      60

   19         26     28     48     18     20     64     55      37

   20          8     14      9     14     14     23     25      15

   21          5      7     13      7     14      9     10       9

   22          1      3      2      1      5      1      8       3

   23          1      3      1      2      1      3      1       2

 

TOTALS

 

12HR 7-19    654    697    859    817    866    887   1015     828

16HR 6-22    737    784    972    865    916   1043   1171     927

18HR 6-24    739    790    975    868    922   1047   1180     932

24HR 0-24    779    829   1011    884    936   1088   1225     965


 

 

 

 





































*LOCATION   : ............................................................

*SITE NUMBER: 11601301

*FILE NUMBER:        1

*INTERVAL   :   15 MIN

*BATTERY    :    6.4 V

*RESTARTS   :        0

*CONFIG     :        0

*CHANNEL    :  1 OF  1

 

             WED    THU    FRI    SAT    SUN    MON    TUE    7-DAY

DATE    11/04/20     21     22     23     24     25     26   AVERAGE

 

START HOUR

 

    0          4      2      3      3      4      2      0       3

    1          5      1      0      6      3      3      2       3

    2          0      2      1      1      1      1      0       1

    3          2      1      5      5      3      1      2       3

    4         11     12      1      9      2      2     14       7

    5         25     20      6     10      4      5     34      15

    6         49     55      9      9      5      7     81      31

    7         57     63      9     19      7      5     89      36

    8         50     62      8     53      9     11     78      39

    9         52     76     12     69     24     33     71      48

   10         52     67      5     82     45     58     84      56

   11         61     77      6    106     52     75     98      68

   12         48    110     34     86     62     67     91      71

   13         55    112     31    128     41     76     93      77

   14         81    112     27     93     44     68    142      81

   15         83    118     23     89     49     49    136      78

   16         69    108     26     66     32     68    133      72

   17         71     86     27     45     36     41    129      62

   18         53     74     38     24     55     44     93      54

   19         41     56     28     22     26     44     70      41

   20         16     21     18     25     22     15     42      23

   21          8      7      9      6      8     10     16       9

   22          7     11      2      1     11      4      2       5

   23          2      1      2      1      8      1      4       3

 

TOTALS

 

12HR 7-19    732   1065    246    860    456    595   1237     742

16HR 6-22    846   1204    310    922    517    671   1446     845

18HR 6-24    855   1216    314    924    536    676   1452     853

24HR 0-24    902   1254    330    958    553    690   1504     884


 

 

 

 




































*LOCATION   : ............................................................

*SITE NUMBER: 11601301

*FILE NUMBER:        1

*INTERVAL   :   15 MIN

*BATTERY    :    6.4 V

*RESTARTS   :        0

*CONFIG     :        0

*CHANNEL    :  1 OF  1

 

             WED    THU    FRI    SAT    SUN    MON    TUE    7-DAY

DATE    11/04/27     28     29     30     01     02     03   AVERAGE

 

START HOUR

 

    0          2      4      5      4      7      0      1       3

    1          0      2      0      5      4      1      0       2

    2          1      0      0      4      3      1      0       1

    3          2      2      1      2      3      0      1       2

    4         15     16     16      9      5     14     13      13

    5         44     41     29      6      3     36     40      28

    6         83     89     75     15      6     85     77      61

    7         79     95     82     37      7     88     80      67

    8         60     72     63     46     15     49     53      51

    9         54     70     83     76     25     44     52      58

   10         68     78     80     96     37     53     49      66

   11         78     85     72    118     41     73     60      75

   12         87     90     77     92     29     52     54      69

   13        115     95    100     71     35     83     89      84

   14        132    129    122     86     27    119    121     105

   15        143    133    131     52     32    143    124     108

   16        116    136    104     57     32    105    105      94

   17        115    128    117     26     28     86     74      82

   18         87    167    112     22     21     65     21      71

   19         63    106     59     14     16     47      5      44

   20         38     23     35      9      9     26      1      20

   21         10     14     11      4      6      5      8       8

   22          8      8      7      7      3      2      3       5

   23          3      1      3      1      2      3      0       2

 

TOTALS

 

12HR 7-19   1134   1278   1143    779    329    960    882     929

16HR 6-22   1328   1510   1323    821    366   1123    973    1063

18HR 6-24   1339   1519   1333    829    371   1128    976    1071

24HR 0-24   1403   1584   1384    859    396   1180   1031    1120


 

 

 

 





























*LOCATION   : ............................................................

*SITE NUMBER: 11601301

*FILE NUMBER:        1

*INTERVAL   :   15 MIN

*BATTERY    :    6.4 V

*RESTARTS   :        0

*CONFIG     :        0

*CHANNEL    :  1 OF  1

 

             WED    THU    FRI    SAT    SUN    MON    TUE    7-DAY

DATE    11/05/04     05     06     07     08     09     10   AVERAGE

 

START HOUR

 

    0          0      -      -      -      -      -      -       -

    1          0      -      -      -      -      -      -       -

    2          0      -      -      -      -      -      -       -

    3          0      -      -      -      -      -      -       -

    4         16      -      -      -      -      -      -       -

    5         35      -      -      -      -      -      -       -

    6         74      -      -      -      -      -      -       -

    7         84      -      -      -      -      -      -       -

    8         60      -      -      -      -      -      -       -

    9         52      -      -      -      -      -      -       -

   10         52      -      -      -      -      -      -       -

   11         70      -      -      -      -      -      -       -

   12         55      -      -      -      -      -      -       -

   13         62      -      -      -      -      -      -       -

   14          -      -      -      -      -      -      -       -

   15          -      -      -      -      -      -      -       -

   16          -      -      -      -      -      -      -       -

   17          -      -      -      -      -      -      -       -

   18          -      -      -      -      -      -      -       -

   19          -      -      -      -      -      -      -       -

   20          -      -      -      -      -      -      -       -

   21          -      -      -      -      -      -      -       -

   22          -      -      -      -      -      -      -       -

   23          -      -      -      -      -      -      -       -

 

TOTALS

 

12HR 7-19      -      -      -      -      -      -      -       -

16HR 6-22      -      -      -      -      -      -      -       -

18HR 6-24      -      -      -      -      -      -      -       -

24HR 0-24      -      -      -      -      -      -      -       -
