 *LOCATION   : ............................................................

*SITE NUMBER: 11721409

*FILE NUMBER:        6

*INTERVAL   :   15 MIN

*BATTERY    :    6.1 V

*RESTARTS   :        0

*CONFIG     :       12

*CHANNEL    :  2 OF  2

 

             MON    TUE    WED    THU    FRI    SAT    SUN    7-DAY

DATE    11/04/04     05     06     07     08     09     10   AVERAGE

 

START HOUR

 

    0          -      0      7      2      0      2      1       -

    1          -      0      0      1      0      1      3       -

    2          -      0      0      0      0      0      0       -

    3          -      0      0      1      0      1      2       -

    4          -      2      2      3      1      1      0       -

    5          -     16     16     16     16      2      3       -

    6          -     39     36     38     31      0      3       -

    7          -     41     37     39     41      3      3       -

    8          -     21     19     21     24      9      8       -

    9          4     13     21     17     12     22     20      16

   10         12     14     12     10     17     23     32      17

   11          9     14      8     12     12     30     44      18

   12         12     29      7     10     13     41     34      21

   13         10     20     16     15     21     44     38      23

   14         23     38     27     24     26     32     45      31

   15         34     38     37     29     46     37     33      36

   16         29     43     34     25     33     22     38      32

   17         17     28     29     14     29     20     25      23

   18          5     27     19     13     17     14     17      16

   19          7     23     15     15     16      7     20      15

   20          1      6     12     11      5      8     14       8

   21          4      9      6      3      3      3      2       4

   22          1      1      1      0      4      2      1       1

   23          0      1      2      1      1      5      0       1

 

TOTALS

 

12HR 7-19      -    326    266    229    291    297    337       -

16HR 6-22      -    403    335    296    346    315    376       -

18HR 6-24      -    405    338    297    351    322    377       -

24HR 0-24      -    423    363    320    368    329    386       -


 

 

 

 









































*LOCATION   : ............................................................

*SITE NUMBER: 11721409

*FILE NUMBER:        6

*INTERVAL   :   15 MIN

*BATTERY    :    6.1 V

*RESTARTS   :        0

*CONFIG     :       12

*CHANNEL    :  2 OF  2

 

             MON    TUE    WED    THU    FRI    SAT    SUN    7-DAY

DATE    11/04/11     12     13     14     15     16     17   AVERAGE

 

START HOUR

 

    0          0      0      0      1      2      2      5       1

    1          0      0      0      3      0      3      4       1

    2          0      0      0      1      0      2      2       1

    3          0      2      1      0      0      1      3       1

    4          2      5      5      2      5      1      2       3

    5         20     25     23     27     22      0      1      17

    6         67     84     91     83     84      6      2      60

    7         55     96     88     79     82     10      4      59

    8         43     43     43     46     39     19     16      36

    9         15     21     22     20     30     35     16      23

   10         17     30     24     25     30     40     35      29

   11         18     28     18     29     27     51     59      33

   12         23     35     22     33     33     64     54      38

   13         29     34     26     32     36     55     75      41

   14         50     57     55     56     69     64     79      61

   15         61     79     85     79     79     44     53      69

   16         73     96     78     80     63     44     55      70

   17         38     53     53     47     49     30     41      44

   18         36     53     45     46     26     16     45      38

   19         14     37     25     31     26     18     20      24

   20         16     31     20     30     13     21     11      20

   21          6     12     10      6     12      8     12       9

   22          3      9      6     10      8      1      4       6

   23          1      0      1      3      2      8      6       3

 

TOTALS

 

12HR 7-19    458    625    559    572    563    472    532     540

16HR 6-22    561    789    705    722    698    525    577     654

18HR 6-24    565    798    712    735    708    534    587     663

24HR 0-24    587    830    741    769    737    543    604     687


 

 

 

 


































*LOCATION   : ............................................................

*SITE NUMBER: 11721409

*FILE NUMBER:        6

*INTERVAL   :   15 MIN

*BATTERY    :    6.1 V

*RESTARTS   :        0

*CONFIG     :       12

*CHANNEL    :  2 OF  2

 

             MON    TUE    WED    THU    FRI    SAT    SUN    7-DAY

DATE    11/04/18     19     20     21     22     23     24   AVERAGE

 

START HOUR

 

    0          2      0      0      1      2      4      2       2

    1          1      0      0      1      5      3      3       2

    2          0      0      1      1      2      2      3       1

    3          1      2      1      1      0      2      2       1

    4          5      5      2      3      3      0      0       3

    5         30     34     37     23      4      4      4      19

    6         89    102     80     87      5      3      6      53

    7         99    107     85     81     10     13      3      57

    8         53     60     51     60     14     20     16      39

    9         27     33     24     41     30     47     37      34

   10         36     30     25     33     23     46     56      36

   11         29     37     18     43      6     48     88      38

   12         31     44     19     64     14     46     81      43

   13         34     42     32     62     34     69     89      52

   14         57     83     57     80     40     44     48      58

   15        102    102     78     95     36     48     63      75

   16         99    106     73     51     42     34     47      65

   17         55     93     48     50     27     38     48      51

   18         49     66     35     26     30     23     42      39

   19         38     55     34     27     21     20     30      32

   20         16     27     15     18      7      9     14      15

   21         10      9      8      8     10      4      5       8

   22          4     10      6      4      8      6     17       8

   23          2      3      3      4      1      7      6       4

 

TOTALS

 

12HR 7-19    671    803    545    686    306    476    618     586

16HR 6-22    824    996    682    826    349    512    673     695

18HR 6-24    830   1009    691    834    358    525    696     706

24HR 0-24    869   1050    732    864    374    540    710     734


 

 

 

 






































*LOCATION   : ............................................................

*SITE NUMBER: 11721409

*FILE NUMBER:        6

*INTERVAL   :   15 MIN

*BATTERY    :    6.1 V

*RESTARTS   :        0

*CONFIG     :       12

*CHANNEL    :  2 OF  2

 

             MON    TUE    WED    THU    FRI    SAT    SUN    7-DAY

DATE    11/04/25     26     27     28     29     30     01   AVERAGE

 

START HOUR

 

    0          5      3      1      4      3     10     16       6

    1          1      0      0      1      1      3     10       2

    2          0      1      0      1      4      5      6       2

    3          2      1      1      1      0      1      2       1

    4          0      4      3      6      7      3      1       3

    5          2     40     54     49     48      2      4      28

    6          7    132    152    133    129      8      2      80

    7          9    167    157    150    161     15      8      95

    8         23     84     78     82     66     25     17      54

    9         47     56     40     58     44     30     30      44

   10         87     50     41     42     56     47     53      54

   11        113     46     45     50     42     64     50      59

   12        100     58     60     42     35     34     56      55

   13         94     50     46     62     72     29     51      58

   14        102    114    117     94    106     35     34      86

   15         94    167    176    166    155     24     31     116

   16         98    162    139    149    105     27     33     102

   17         80    109    130     99     86     24     24      79

   18         57     78     84     61     36     11     25      50

   19         40     75     64     61     40      5     19      43

   20         14     35     56     51     31     18     16      32

   21         14     16     22     20     25      4     11      16

   22          7      5     10     10     19      6      6       9

   23          1      3      5      8      9      5      4       5

 

TOTALS

 

12HR 7-19    904   1141   1113   1055    964    365    412     851

16HR 6-22    979   1399   1407   1320   1189    400    460    1022

18HR 6-24    987   1407   1422   1338   1217    411    470    1036

24HR 0-24    997   1456   1481   1400   1280    435    509    1080


 

 

 

 































*LOCATION   : ............................................................

*SITE NUMBER: 11721409

*FILE NUMBER:        6

*INTERVAL   :   15 MIN

*BATTERY    :    6.1 V

*RESTARTS   :        0

*CONFIG     :       12

*CHANNEL    :  2 OF  2

 

             MON    TUE    WED    THU    FRI    SAT    SUN    7-DAY

DATE    11/05/02     03     04     05     06     07     08   AVERAGE

 

START HOUR

 

    0          1      1      -      -      -      -      -       -

    1          0      0      -      -      -      -      -       -

    2          0      0      -      -      -      -      -       -

    3          0      1      -      -      -      -      -       -

    4          5      4      -      -      -      -      -       -

    5         47     50      -      -      -      -      -       -

    6        148    150      -      -      -      -      -       -

    7        167      -      -      -      -      -      -       -

    8         89      -      -      -      -      -      -       -

    9         44      -      -      -      -      -      -       -

   10         34      -      -      -      -      -      -       -

   11         38      -      -      -      -      -      -       -

   12         41      -      -      -      -      -      -       -

   13         39      -      -      -      -      -      -       -

   14         89      -      -      -      -      -      -       -

   15        153      -      -      -      -      -      -       -

   16        151      -      -      -      -      -      -       -

   17         75      -      -      -      -      -      -       -

   18         81      -      -      -      -      -      -       -

   19         54      -      -      -      -      -      -       -

   20         29      -      -      -      -      -      -       -

   21         14      -      -      -      -      -      -       -

   22          1      -      -      -      -      -      -       -

   23          2      -      -      -      -      -      -       -

 

TOTALS

 

12HR 7-19   1001      -      -      -      -      -      -       -

16HR 6-22   1246      -      -      -      -      -      -       -

18HR 6-24   1249      -      -      -      -      -      -       -

24HR 0-24   1302      -      -      -      -      -      -       -


 
