*LOCATION	: ..	........	.......	.......	.......	.......	.......	...............
*SITE NUMB	ER: 11	700420						
*FILE NUMB	ER:	4						
*INTERVAL	:	15 MIN						
*BATTERY	:	6.2 V						
*RESTARTS	:	0						
*CONFIG	:	12						
*CHANNEL	:  1	OF  2						

	FRI	SAT	SUN	MON	TUE	WED	THU	7-DAY
DATE    06	/01/27	28	29	30	31	1	2	AVERAGE

START HOUR								

0	-	9	10	7	8	8	9	-
1	-	7	9	2	6	6	5	-
2	-	2	1	0	0	0	1	-
3	-	3	3	1	0	1	1	-
4	-	1	5	2	3	0	2	-
5	-	5	2	13	13	12	10	-
6	-	10	5	40	44	38	35	-
7	-	17	15	69	67	62	58	-
8	-	19	15	87	79	92	76	-
9	-	25	14	65	62	68	44	-
10	44	23	22	42	41	55	38	38
11	51	25	29	43	44	54	45	42
12	41	27	26	46	55	51	47	42
13	45	37	30	53	55	33	46	43
14	60	35	36	42	46	51	41	44
15	58	37	36	71	64	54	56	54
16	75	36	27	83	83	74	68	64
17	60	29	17	66	58	59	46	48
18	48	24	20	56	40	54	48	41
19	31	21	16	34	33	30	27	27
20	25	21	17	30	31	27	22	27
21	26	18	14	25	24	22	20	21
22	14	10	12	15	17	17	14	14
23	11	11	11	12	14	12	9	11

TOTALS								

12HR 7-19	-	334	287	723	694	707	613	-
16HR 6-22	-	404	339	852	833	833	717	-
18HR 6-24	-	425	362	879	864	862	740	-
24HR 0-24	-	452	392	904	887	880	768	-
								



*LOCATION	: ..	........	.......	.......	.......	.......	.......	...............
*SITE NUMB	ER: 11	700420						
*FILE NUMB	ER:	4						
*INTERVAL	:	15 MIN						
*BATTERY	:	6.2 V						
*RESTARTS	:	0						
*CONFIG	:	12						
*CHANNEL	:  1	OF  2						

	FRI	SAT	SUN	MON	TUE	WED	THU	7-DAY
DATE    06	/02/03	4	5	6	7	8	9	AVERAGE

START HOUR								

0	4	10	7	7	9	9	8	8
1	2	7	7	3	3	6	5	5
2	3	0	1	0	1	1	1	1
3	3	4	1	1	2	1	2	2
4	3	0	2	1	3	1	2	2
5	7	3	1	9	10	10	8	7
6	28	10	4	30	35	36	33	25
7	52	15	12	54	59	55	59	44
8	61	18	13	62	65	72	70	52
9	49	17	12	42	45	45	44	36
10	32	18	12	37	38	38	38	30
11	39	19	17	37	37	38	42	33
12	34	22	17	40	34	32	34	32
13	40	25	18	34	38	36	30	34
14	36	27	15	33	36	37	37	32
15	55	21	19	46	49	54	49	42
16	55	23	15	63	62	65	60	49
17	49	21	15	47	53	54	55	43
18	35	23	15	37	45	40	36	33
19	21	22	14	30	25	34	31	25
20	26	19	16	29	33	27	32	26
21	17	14	14	20	21	19	15	17
22	12	10	10	14	14	15	15	13
23	10	11	11	12	10	10	10	11

TOTALS								

12HR 7-19	537	249	180	532	561	580	578	460
16HR 6-22	629	314	228	641	675	696	689	553
18HR 6-24	651	335	249	667	699	721	714	577
24HR 0-24	673	359	268	688	727	735	716	601
								



*LOCATION	: ..	........	.......	.......	.......	.......	.......	...............
*SITE NUMB	ER: 11	700420						
*FILE NUMB	ER:	4						
*INTERVAL	:	15 MIN						
*BATTERY	:	6.2 V						
*RESTARTS	:	0						
*CONFIG	:	12						
*CHANNEL	:  1	OF  2						

	FRI	SAT	SUN	MON	TUE	WED	THU	7-DAY
DATE    06	/02/10	11	12	13	14	15	16	AVERAGE

START HOUR								

0	6	10	9	6	8	10	10	8
1	6	9	8	3	6	6	4	6
2	2	4	2	1	1	0	1	2
3	0	2	2	0	1	1	0	1
4	2	1	5	3	3	3	2	3
5	10	5	2	11	13	10	10	9
6	38	10	6	32	30	32	37	26
7	56	13	14	57	63	59	66	47
8	68	20	12	76	69	69	70	55
9	49	21	14	52	60	50	53	43
10	33	23	18	44	38	39	42	34
11	39	29	30	45	41	47	45	41
12	39	39	18	40	41	40	46	41
13	40	31	21	38	49	43	49	39
14	44	29	21	39	53	40	44	39
15	52	31	21	45	67	54	65	48
16	65	30	19	71	73	70	70	57
17	63	24	22	55	57	63	62	49
18	39	25	18	39	36	48	50	36
19	35	20	18	34	33	33	31	29
20	23	25	16	26	21	28	23	23
21	17	15	13	22	23	22	23	19
22	16	11	12	13	13	17	18	14
23	10	12	11	12	11	12	9	11

TOTALS								

12HR 7-19	587	315	228	608	647	632	677	528
16HR 6-22	700	385	281	722	754	747	791	626
18HR 6-24	726	408	304	747	778	776	818	651
24HR 0-24	752	439	332	764	810	796	830	679
								



*LOCATION	: ..	........	.......	.......	.......	.......	.......	...............
*SITE NUMB	ER: 11	700420						
*FILE NUMB	ER:	4						
*INTERVAL	:	15 MIN						
*BATTERY	:	6.2 V						
*RESTARTS	:	0						
*CONFIG	:	12						
*CHANNEL	:  1	OF  2						

	FRI	SAT	SUN	MON	TUE	WED	THU	7-DAY
DATE    06	/02/17	18	19	20	21	22	23	AVERAGE

START HOUR								

0	9	11	7	8	11	9	8	9
1	6	6	7	2	4	7	6	5
2	2	2	3	2	0	0	2	2
3	2	2	3	2	0	0	0	1
4	2	1	3	4	0	0	0	1
5	10	4	4	10	9	9	11	8
6	38	13	2	32	32	38	35	27
7	53	15	13	61	59	53	54	44
8	73	17	11	66	76	69	65	54
9	49	24	13	43	52	48	51	40
10	46	23	19	40	46	39	43	38
11	45	26	22	44	34	40	46	37
12	49	29	15	42	33	37	41	38
13	45	29	21	40	40	35	40	42
14	47	29	21	45	48	40	43	39
15	52	24	29	51	51	57	55	46
16	75	30	22	68	73	70	69	58
17	56	20	18	63	67	51	63	48
18	33	22	22	36	38	41	50	35
19	27	26	18	25	36	30	31	28
20	23	21	21	23	30	20	24	23
21	23	19	17	20	25	18	23	23
22	17	11	10	13	10	14	16	13
23	10	12	11	10	10	10	12	11

TOTALS								

12HR 7-19	623	288	226	622	640	596	633	518
16HR 6-22	734	367	284	728	763	712	746	619
18HR 6-24	761	390	305	751	783	736	774	643
24HR 0-24	792	416	332	750	784	735	788	670
								



*LOCATION	: ..	........	.......	.......	.......	.......	.......	...............
*SITE NUMB	ER: 11	700420						
*FILE NUMB	ER:	4						
*INTERVAL	:	15 MIN						
*BATTERY	:	6.2 V						
*RESTARTS	:	0						
*CONFIG	:	12						
*CHANNEL	:  1	OF  2						

	FRI	SAT	SUN	MON	TUE	WED	THU	7-DAY
DATE    06	/02/24	25	26	27	28	1	2	AVERAGE

START HOUR								

0	8	9	7	6	8	-	-	-
1	3	7	6	3	11	-	-	-
2	0	2	2	1	8	-	-	-
3	0	3	5	0	0	-	-	-
4	2	3	0	3	3	-	-	-
5	10	5	2	8	10	-	-	-
6	32	9	4	30	40	-	-	-
7	56	17	12	64	78	-	-	-
8	65	18	13	63	142	-	-	-
9	47	24	15	45	97	-	-	-
10	41	19	15	33	81	-	-	-
11	35	35	23	35	56	-	-	-
12	34	25	34	40	-	-	-	-
13	47	35	25	41	-	-	-	-
14	43	29	18	41	-	-	-	-
15	47	30	20	50	-	-	-	-
16	66	26	21	61	-	-	-	-
17	62	28	15	55	-	-	-	-
18	34	21	22	38	-	-	-	-
19	33	19	17	34	-	-	-	-
20	26	20	19	23	-	-	-	-
21	20	14	17	23	-	-	-	-
22	13	11	15	14	-	-	-	-
23	12	11	7	11	-	-	-	-

TOTALS								

12HR 7-19	577	307	233	566	-	-	-	-
16HR 6-22	688	369	290	676	-	-	-	-
18HR 6-24	713	391	312	701	-	-	-	-
24HR 0-24	736	420	334	722	-	-	-	-
								



*LOCATION	: ..	........	.......	.......	.......	.......	.......	...............
*SITE NUMB	ER: 11	700420						
*FILE NUMB	ER:	4						
*INTERVAL	:	15 MIN						
*BATTERY	:	6.2 V						
*RESTARTS	:	0						
*CONFIG	:	12						
*CHANNEL	:  2	OF  2						

	FRI	SAT	SUN	MON	TUE	WED	THU	7-DAY
DATE    06	/01/27	28	29	30	31	1	2	AVERAGE

START HOUR								

0	-	0	0	0	1	0	0	-
1	-	2	0	0	1	1	0	-
2	-	0	1	0	0	0	1	-
3	-	0	3	0	0	0	1	-
4	-	0	0	0	1	0	1	-
5	-	1	1	3	2	0	11	-
6	-	0	0	5	6	3	5	-
7	-	1	0	13	16	12	9	-
8	-	4	1	25	21	23	11	-
9	-	2	0	11	12	8	9	-
10	11	0	7	9	3	4	5	6
11	5	7	3	9	5	3	6	5
12	7	9	7	5	6	3	3	6
13	4	6	12	4	7	6	2	6
14	8	10	8	12	4	5	10	8
15	16	4	10	19	14	13	11	12
16	11	4	3	22	16	15	14	12
17	17	3	4	24	16	15	8	12
18	11	2	6	8	10	11	17	9
19	9	6	3	11	8	7	6	7
20	4	3	3	3	8	7	6	5
21	1	0	2	6	5	8	5	4
22	3	4	0	3	1	3	3	2
23	1	0	1	1	4	0	1	1

TOTALS								

12HR 7-19	-	52	61	161	130	118	105	-
16HR 6-22	-	61	69	186	157	143	127	-
18HR 6-24	-	65	70	190	162	146	131	-
24HR 0-24	-	68	75	193	167	147	145	-
								



*LOCATION	: ..	........	.......	.......	.......	.......	.......	...............
*SITE NUMB	ER: 11	700420						
*FILE NUMB	ER:	4						
*INTERVAL	:	15 MIN						
*BATTERY	:	6.2 V						
*RESTARTS	:	0						
*CONFIG	:	12						
*CHANNEL	:  2	OF  2						

	FRI	SAT	SUN	MON	TUE	WED	THU	7-DAY
DATE    06	/02/03	4	5	6	7	8	9	AVERAGE

START HOUR								

0	0	0	2	0	0	0	0	0
1	2	0	1	0	0	0	0	0
2	1	2	1	0	0	0	0	1
3	2	0	0	0	0	0	0	0
4	3	0	0	0	0	0	0	0
5	4	1	1	2	2	3	2	2
6	1	1	1	5	2	6	6	3
7	10	2	1	7	10	12	10	7
8	14	2	1	9	12	18	15	10
9	8	0	19	5	8	10	7	8
10	4	1	6	3	5	3	4	4
11	6	2	2	4	9	5	8	5
12	5	1	3	2	4	4	6	4
13	4	6	2	3	4	3	1	3
14	7	2	4	7	4	4	9	5
15	3	5	4	4	10	11	9	7
16	18	1	3	12	10	7	11	9
17	7	3	2	11	7	14	9	8
18	7	0	0	4	8	16	10	6
19	3	0	1	2	4	6	6	3
20	6	0	1	2	2	5	7	3
21	2	2	2	2	2	3	3	2
22	2	0	1	2	2	0	0	1
23	0	0	0	1	0	3	0	1

TOTALS								

12HR 7-19	93	25	47	71	91	107	99	76
16HR 6-22	105	28	52	82	101	127	121	88
18HR 6-24	107	28	53	85	103	130	121	90
24HR 0-24	119	31	58	87	105	133	123	94
								



*LOCATION	: ..	........	.......	.......	.......	.......	.......	...............
*SITE NUMB	ER: 11	700420						
*FILE NUMB	ER:	4						
*INTERVAL	:	15 MIN						
*BATTERY	:	6.2 V						
*RESTARTS	:	0						
*CONFIG	:	12						
*CHANNEL	:  2	OF  2						

	FRI	SAT	SUN	MON	TUE	WED	THU	7-DAY
DATE    06	/02/10	11	12	13	14	15	16	AVERAGE

START HOUR								

0	1	2	1	1	1	1	2	1
1	0	1	0	1	1	1	1	1
2	1	0	1	0	0	0	0	0
3	0	1	0	0	0	0	1	0
4	0	0	0	0	1	1	2	1
5	3	1	0	4	8	7	2	4
6	6	1	1	6	7	8	6	5
7	5	2	1	17	20	9	14	10
8	18	3	2	17	17	15	16	13
9	6	3	2	15	11	12	12	9
10	5	2	3	4	3	5	3	4
11	3	3	5	4	4	5	11	5
12	6	7	3	2	3	3	6	4
13	6	5	4	6	4	3	6	5
14	2	6	4	6	3	5	5	4
15	17	10	12	16	13	15	8	13
16	16	8	3	16	17	15	10	12
17	8	6	2	20	18	11	9	11
18	8	1	3	12	10	15	7	8
19	5	0	3	7	5	3	3	4
20	7	1	4	7	8	5	4	5
21	5	0	5	8	33	3	7	9
22	2	5	0	3	12	1	0	3
23	0	0	0	0	3	2	0	1

TOTALS								

12HR 7-19	100	56	44	135	123	113	107	97
16HR 6-22	123	58	57	163	176	132	127	119
18HR 6-24	125	63	57	166	191	135	127	123
24HR 0-24	130	68	59	172	202	145	135	130
								



*LOCATION	: ..	........	.......	.......	.......	.......	.......	...............
*SITE NUMB	ER: 11	700420						
*FILE NUMB	ER:	4						
*INTERVAL	:	15 MIN						
*BATTERY	:	6.2 V						
*RESTARTS	:	0						
*CONFIG	:	12						
*CHANNEL	:  2	OF  2						

	FRI	SAT	SUN	MON	TUE	WED	THU	7-DAY
DATE    06	/02/17	18	19	20	21	22	23	AVERAGE

START HOUR								

0	0	0	0	0	0	0	0	0
1	1	2	1	1	0	1	1	1
2	0	2	0	0	1	0	0	0
3	0	0	0	0	0	0	0	0
4	1	0	0	1	0	0	0	0
5	2	2	1	5	3	4	1	3
6	4	0	2	6	6	6	7	4
7	11	2	2	15	16	14	14	11
8	12	3	0	15	14	14	13	10
9	4	2	6	12	11	9	8	7
10	6	3	7	6	5	1	6	5
11	4	6	1	2	7	6	7	5
12	3	5	2	2	5	5	3	4
13	5	7	5	6	4	4	4	5
14	4	0	10	5	5	7	6	5
15	8	8	5	14	10	18	4	10
16	12	5	3	22	14	11	11	11
17	15	4	3	12	5	12	16	10
18	3	2	5	11	11	5	13	7
19	5	2	3	13	6	3	8	6
20	5	4	1	1	6	6	5	4
21	5	2	2	5	3	3	4	3
22	2	0	1	2	3	0	1	1
23	0	0	0	1	1	2	3	1

TOTALS								

12HR 7-19	87	47	49	122	107	106	105	89
16HR 6-22	106	55	57	147	128	124	129	107
18HR 6-24	108	55	58	150	132	126	133	109
24HR 0-24	112	61	60	157	136	131	135	113
								



*LOCATION	: ..	........	.......	.......	.......	.......	.......	...............
*SITE NUMB	ER: 11	700420						
*FILE NUMB	ER:	4						
*INTERVAL	:	15 MIN						
*BATTERY	:	6.2 V						
*RESTARTS	:	0						
*CONFIG	:	12						
*CHANNEL	:  2	OF  2						

	FRI	SAT	SUN	MON	TUE	WED	THU	7-DAY
DATE    06	/02/24	25	26	27	28	1	2	AVERAGE

START HOUR								

0	0	0	1	1	2	-	-	-
1	3	1	2	0	1	-	-	-
2	1	2	1	0	1	-	-	-
3	0	1	0	0	0	-	-	-
4	0	1	0	1	2	-	-	-
5	2	0	0	2	2	-	-	-
6	2	0	0	4	9	-	-	-
7	6	1	1	16	13	-	-	-
8	12	1	3	17	18	-	-	-
9	7	3	1	10	7	-	-	-
10	1	2	1	5	1	-	-	-
11	4	8	8	6	6	-	-	-
12	3	2	5	9	-	-	-	-
13	5	6	7	7	-	-	-	-
14	4	9	16	6	-	-	-	-
15	10	2	6	12	-	-	-	-
16	6	7	4	16	-	-	-	-
17	10	4	1	16	-	-	-	-
18	10	2	4	9	-	-	-	-
19	4	3	0	7	-	-	-	-
20	1	3	5	5	-	-	-	-
21	5	2	0	8	-	-	-	-
22	3	2	0	2	-	-	-	-
23	1	3	1	0	-	-	-	-

TOTALS								

12HR 7-19	78	47	57	129	-	-	-	-
16HR 6-22	90	55	62	153	-	-	-	-
18HR 6-24	94	60	63	155	-	-	-	-
24HR 0-24	100	65	67	159	-	-	-	-
								
								
