 
 
 
*LOCATION   : ............................................................
*SITE NUMBER: 10304501
*FILE NUMBER:       28
*INTERVAL   :   15 MIN
*BATTERY    :    6.1 V
*RESTARTS   :        0
*CONFIG     :       12
*CHANNEL    :  1 OF  2
 
             MON    TUE    WED    THU    FRI    SAT    SUN    7-DAY
DATE    04/11/01     02     03     04     05     06     07   AVERAGE
 
START HOUR
 
    0          -      0      3      0      2      1      0       -
    1          -      0      0      1      0      3      1       -
    2          -      3      1      1      2      0      1       -
    3          -      1      0      2      0      0      0       -
    4          -      1      0      0      2      0      1       -
    5          -      6      7      6      6      0      1       -
    6          -     37     27     26     31      1      2       -
    7          -     62     68     56     45      2      3       -
    8          -     60     66     48     36      4      3       -
    9          -     17     21     15      9      6      4       -
   10         13     14     15     12      3     10      4      10
   11         15     21     11     13      8     21     11      14
   12         14     13     12      7      9     16     15      12
   13         16     16     13      5     12     14     13      13
   14         11      6     11      7     12     24     13      12
   15         22     13     18     15     13      9      4      13
   16         20     23     22     18     16      8     13      17
   17         20     16     10      9      4      9     10      11
   18          7      7      8      8      5      3      7       6
   19          8     13      8      5      4      1     11       7
   20          7      8      3      3      1      3      4       4
   21          6      5      4      5      3      2      0       4
   22          1      3      1      2      0      2      3       2
   23          1      0      0      0      0      0      0       0
 
TOTALS
 
12HR 7-19      -    268    275    213    172    126    100       -
16HR 6-22      -    331    317    252    211    133    117       -
18HR 6-24      -    334    318    254    211    135    120       -
24HR 0-24      -    345    329    264    223    139    124       -



 
 
 
 
*LOCATION   : ............................................................
*SITE NUMBER: 10304501
*FILE NUMBER:       28
*INTERVAL   :   15 MIN
*BATTERY    :    6.1 V
*RESTARTS   :        0
*CONFIG     :       12
*CHANNEL    :  1 OF  2
 
             MON    TUE    WED    THU    FRI    SAT    SUN    7-DAY
DATE    04/11/08     09     10     11     12     13     14   AVERAGE
 
START HOUR
 
    0          1      2      2      1      1      2      2       2
    1          0      0      0      1      1      0      2       1
    2          0      1      1      1      0      0      1       1
    3          0      0      2      1      0      0      0       0
    4          0      1      0      0      0      1      0       0
    5          5      6      5      8      0      0      1       4
    6         26     34     32     34     16      3      3      21
    7         61     71     69     61     26      0      0      41
    8         64     59     69     53     17      7      2      39
    9         23     28     17      8      5     11      5      14
   10          9     11     20     15      3     10     10      11
   11         19     12     12     18      5     11      8      12
   12         14     10     13     10      3     17      9      11
   13          6     13     14     10      2     11     12      10
   14         13     11     14     12      6     18     17      13
   15         15     20     10     14      7      7      8      12
   16         22     15     21     23      7      7      9      15
   17         15     11     15     10      1      6      6       9
   18          3     10      4      7      1      9      9       6
   19          6     13      8      4      0      4      4       6
   20          9      7      3      5      1      4      5       5
   21          2      3      4      5      1      0      0       2
   22          3      1      1      3      0      3      1       2
   23          1      3      0      1      1      0      0       1
 
TOTALS
 
12HR 7-19    264    271    278    241     83    114     95     192
16HR 6-22    307    328    325    289    101    125    107     226
18HR 6-24    311    332    326    293    102    128    108     229
24HR 0-24    317    342    336    305    104    131    114     236



 
 
 
 
*LOCATION   : ............................................................
*SITE NUMBER: 10304501
*FILE NUMBER:       28
*INTERVAL   :   15 MIN
*BATTERY    :    6.1 V
*RESTARTS   :        0
*CONFIG     :       12
*CHANNEL    :  1 OF  2
 
             MON    TUE    WED    THU    FRI    SAT    SUN    7-DAY
DATE    04/11/15     16     17     18     19     20     21   AVERAGE
 
START HOUR
 
    0          5      0      2      1      1      1      2       2
    1          1      1      1      0      1      2      0       1
    2          0      1      0      1      1      1      3       1
    3          0      1      0      0      0      0      0       0
    4          0      0      0      0      0      0      0       0
    5          3      4      4      2      1      1      0       2
    6         27     20     22     22     14      2      0      15
    7         34     43     39     23     16      1      2      23
    8         36     39     38     21     16      1      2      22
    9         24     15      9      8     10      2      3      10
   10         10     13      3      7      0      1      1       5
   11          8      7      7      7      3      3      0       5
   12          7      4      4      6      5      5      1       5
   13          2      7      7      3      7      3      1       4
   14          2     10      4      5      6      3      1       4
   15          3      8     12      5      6      5      2       6
   16          8     13      8      6     10      1      1       7
   17          5      6      7      2      2      1      2       4
   18          3      4      5      3      2      2      2       3
   19          5      4      3      2      3      0      2       3
   20          4      6      3      2      0      2      0       2
   21          2      4      3      2      2      1      1       2
   22          1      1      0      1      1      0      0       1
   23          1      1      1      0      0      0      1       1
 
TOTALS
 
12HR 7-19    142    169    143     96     83     28     18      97
16HR 6-22    180    203    174    124    102     33     21     120
18HR 6-24    182    205    175    125    103     33     22     121
24HR 0-24    191    212    182    129    107     38     27     127



 
 
 
 
*LOCATION   : ............................................................
*SITE NUMBER: 10304501
*FILE NUMBER:       28
*INTERVAL   :   15 MIN
*BATTERY    :    6.1 V
*RESTARTS   :        0
*CONFIG     :       12
*CHANNEL    :  1 OF  2
 
             MON    TUE    WED    THU    FRI    SAT    SUN    7-DAY
DATE    04/11/22     23     24     25     26     27     28   AVERAGE
 
START HOUR
 
    0          1      0      1      1      1      1      1       1
    1          0      0      0      0      0      0      0       0
    2          0      0      0      0      0      2      1       0
    3          0      0      3      1      2      0      1       1
    4          0      0      1      0      0      0      0       0
    5          3      2      1      1      1      0      0       1
    6         13      8     12     10      7      2      1       8
    7         22     11     14     15     14      2      0      11
    8         21     13     15     11     11      3      0      11
    9          8      3      5      7      4      0      0       4
   10          2      3      6      4      8      3      0       4
   11          1      2      1      2      3      1      0       1
   12          3      4      4      2      4      2      4       3
   13          4      1      1      2      3      2      3       2
   14          3      2      5      4      1      6      4       4
   15          3      1      4      1      3      0      2       2
   16          6      3      5      3      9      2      1       4
   17          1      4      3      2      1      0      2       2
   18          0      2      1      2      3      0      1       1
   19          1      3      0      0      2      2      2       1
   20          1      2      2      0      0      0      0       1
   21          4      0      2      2      3      3      0       2
   22          2      0      0      1      0      0      0       0
   23          0      2      0      0      2      0      0       1
 
TOTALS
 
12HR 7-19     74     49     64     55     64     21     17      49
16HR 6-22     93     62     80     67     76     28     20      61
18HR 6-24     95     64     80     68     78     28     20      62
24HR 0-24     99     66     86     71     82     31     23      65



 
 
 
 
*LOCATION   : ............................................................
*SITE NUMBER: 10304501
*FILE NUMBER:       28
*INTERVAL   :   15 MIN
*BATTERY    :    6.1 V
*RESTARTS   :        0
*CONFIG     :       12
*CHANNEL    :  1 OF  2
 
             MON    TUE    WED    THU    FRI    SAT    SUN    7-DAY
DATE    04/11/29     30     01     02     03     04     05   AVERAGE
 
START HOUR
 
    0          0      -      -      -      -      -      -       -
    1          0      -      -      -      -      -      -       -
    2          0      -      -      -      -      -      -       -
    3          2      -      -      -      -      -      -       -
    4          0      -      -      -      -      -      -       -
    5          2      -      -      -      -      -      -       -
    6          7      -      -      -      -      -      -       -
    7         11      -      -      -      -      -      -       -
    8          8      -      -      -      -      -      -       -
    9          5      -      -      -      -      -      -       -
   10          1      -      -      -      -      -      -       -
   11          -      -      -      -      -      -      -       -
   12          -      -      -      -      -      -      -       -
   13          -      -      -      -      -      -      -       -
   14          -      -      -      -      -      -      -       -
   15          -      -      -      -      -      -      -       -
   16          -      -      -      -      -      -      -       -
   17          -      -      -      -      -      -      -       -
   18          -      -      -      -      -      -      -       -
   19          -      -      -      -      -      -      -       -
   20          -      -      -      -      -      -      -       -
   21          -      -      -      -      -      -      -       -
   22          -      -      -      -      -      -      -       -
   23          -      -      -      -      -      -      -       -
 
TOTALS
 
12HR 7-19      -      -      -      -      -      -      -       -
16HR 6-22      -      -      -      -      -      -      -       -
18HR 6-24      -      -      -      -      -      -      -       -
24HR 0-24      -      -      -      -      -      -      -       -



 
 
 
 
*LOCATION   : ............................................................
*SITE NUMBER: 10304501
*FILE NUMBER:       28
*INTERVAL   :   15 MIN
*BATTERY    :    6.1 V
*RESTARTS   :        0
*CONFIG     :       12
*CHANNEL    :  2 OF  2
 
             MON    TUE    WED    THU    FRI    SAT    SUN    7-DAY
DATE    04/11/01     02     03     04     05     06     07   AVERAGE
 
START HOUR
 
    0          -      1      2      2      2      0      1       -
    1          -      0      0      0      2      2      1       -
    2          -      1      0      1      0      0      0       -
    3          -      1      0      0      1      0      2       -
    4          -      0      0      0      0     10      1       -
    5          -      3      4      3      3      2      0       -
    6          -      4      1      4      2      1      1       -
    7          -     15     14      6     11      2      2       -
    8          -     12      8     11      6      3      5       -
    9          -      9      8      5      2      3      6       -
   10          7      5      3      2      5     12      3       5
   11          8      5      9      8      8     11      9       8
   12         14     13     13      5      4     15     10      11
   13         17     16      4      4      9     17      9      11
   14         22     13     18     15     16     19     13      17
   15         46     37     37     30     27     15      9      29
   16         63     62     63     47     48      7     10      43
   17         55     38     32     33     25      3     12      28
   18         28     14     24     19      8      3      6      15
   19         15     22     16     10      9      7      4      12
   20         15     13     15      8      4      3      2       9
   21          5      7      6      7      6      0      3       5
   22          1      3      4      4      1      4      1       3
   23          1      2      2      2      2      0      2       2
 
TOTALS
 
12HR 7-19      -    239    233    185    169    110     94       -
16HR 6-22      -    285    271    214    190    121    104       -
18HR 6-24      -    290    277    220    193    125    107       -
24HR 0-24      -    296    283    226    201    139    112       -



 
 
 
 
*LOCATION   : ............................................................
*SITE NUMBER: 10304501
*FILE NUMBER:       28
*INTERVAL   :   15 MIN
*BATTERY    :    6.1 V
*RESTARTS   :        0
*CONFIG     :       12
*CHANNEL    :  2 OF  2
 
             MON    TUE    WED    THU    FRI    SAT    SUN    7-DAY
DATE    04/11/08     09     10     11     12     13     14   AVERAGE
 
START HOUR
 
    0          0      0      2      1      0      1      0       1
    1          0      0      1      1      0      3      6       2
    2          0      1      1      0      0      1      4       1
    3          0      0      0      0      0      1      2       0
    4          0      0      0      1      0      1      2       1
    5          3      5      5      4      2      1      1       3
    6          7      7      6      5      3      1      1       4
    7         11     13     10     10      5      1      2       7
    8         11     10     16     11      4      3      2       8
    9          8      7     10      5      5     12      3       7
   10          7      5      1      5      3      8      3       5
   11         12      8     10      8      2      6      7       8
   12          9      8     20     10      5     19     14      12
   13          7     12     10      7      3     15      8       9
   14         19     17     19     13      8      8     11      14
   15         39     38     44     33     12      7     14      27
   16         62     64     54     57     18      9      8      39
   17         45     53     41     29     15      8      4      28
   18         23     21     22     17      4      8      5      14
   19         13     14      9     10      3      2      3       8
   20         14     17     16     13      4      1      5      10
   21         11      7      6      8      2      1      1       5
   22          3      5      3      2      0      3      0       2
   23          1      1      2      2      0      0      1       1
 
TOTALS
 
12HR 7-19    253    256    257    205     84    104     81     177
16HR 6-22    298    301    294    241     96    109     91     204
18HR 6-24    302    307    299    245     96    112     92     208
24HR 0-24    305    313    308    252     98    120    107     215



 
 
 
 
*LOCATION   : ............................................................
*SITE NUMBER: 10304501
*FILE NUMBER:       28
*INTERVAL   :   15 MIN
*BATTERY    :    6.1 V
*RESTARTS   :        0
*CONFIG     :       12
*CHANNEL    :  2 OF  2
 
             MON    TUE    WED    THU    FRI    SAT    SUN    7-DAY
DATE    04/11/15     16     17     18     19     20     21   AVERAGE
 
START HOUR
 
    0          1      0      0      0      0      0      0       0
    1          0      0      2      0      3      2      2       1
    2          0      1      1      0      0      0      0       0
    3          0      0      0      0      0      0      0       0
    4          1      0      0      0      0      0      0       0
    5          2      2      2      2      2      0      0       1
    6          4      4      2      3      1      0      0       2
    7          6      8      6      6      7      1      0       5
    8          4      6      4      4      3      1      1       3
    9          5      6      1      3      2      4      0       3
   10          4      2      5      0      3      0      0       2
   11          4      7      1      3      4      3      0       3
   12          9      7      7      9     10      6      1       7
   13          8      4      5      0      4      5      2       4
   14          7     13     11      5      3      3      2       6
   15         22     24     23     13     11      2      4      14
   16         41     42     26     17     15      0      4      21
   17         21     30     24     20     12      0      3      16
   18         17     12     13     12      5      3      2       9
   19          9      8      4      7      5      0      1       5
   20          6      7      7      3      4      0      0       4
   21          4     10      4      1      3      0      0       3
   22          1      5      2      3      1      0      2       2
   23          0      1      2      0      0      0      0       0
 
TOTALS
 
12HR 7-19    148    161    126     92     79     28     19      93
16HR 6-22    171    190    143    106     92     28     20     107
18HR 6-24    172    196    147    109     93     28     22     110
24HR 0-24    176    199    152    111     98     30     24     113



 
 
 
 
*LOCATION   : ............................................................
*SITE NUMBER: 10304501
*FILE NUMBER:       28
*INTERVAL   :   15 MIN
*BATTERY    :    6.1 V
*RESTARTS   :        0
*CONFIG     :       12
*CHANNEL    :  2 OF  2
 
             MON    TUE    WED    THU    FRI    SAT    SUN    7-DAY
DATE    04/11/22     23     24     25     26     27     28   AVERAGE
 
START HOUR
 
    0          1      1      0      2      1      0      2       1
    1          0      1      0      0      0      2      0       0
    2          0      0      0      1      0      1      0       0
    3          2      0      0      0      0      0      0       0
    4          0      0      0      0      0      0      0       0
    5          0      1      1      1      1      0      0       1
    6          2      1      0      2      2      0      1       1
    7          4      3      5      3      3      0      1       3
    8          2      0      1      1      0      2      0       1
    9          0      1      3      2      3      2      1       2
   10          0      1      2      1      2      2      0       1
   11          3      1      3      4      2      1      3       2
   12          5      4      6      1      2      2      0       3
   13          6      1      6      1      1      2      2       3
   14          8      4      3      6      3      2      2       4
   15          6      7     10      8      8      2      1       6
   16         16     11      9      9     17      2      2       9
   17         18     11     16      5     10      0      0       9
   18          9      3      8      4      1      1      0       4
   19          7      2      3      8      3      2      0       4
   20          3      1      3      0      2      0      1       1
   21          2      4      1      1      2      0      4       2
   22          0      1      2      2      1      0      0       1
   23          0      1      0      0      1      0      0       0
 
TOTALS
 
12HR 7-19     77     47     72     45     52     18     12      46
16HR 6-22     91     55     79     56     61     20     18      54
18HR 6-24     91     57     81     58     63     20     18      55
24HR 0-24     94     60     82     62     65     23     20      58



 
 
 
 
*LOCATION   : ............................................................
*SITE NUMBER: 10304501
*FILE NUMBER:       28
*INTERVAL   :   15 MIN
*BATTERY    :    6.1 V
*RESTARTS   :        0
*CONFIG     :       12
*CHANNEL    :  2 OF  2
 
             MON    TUE    WED    THU    FRI    SAT    SUN    7-DAY
DATE    04/11/29     30     01     02     03     04     05   AVERAGE
 
START HOUR
 
    0          1      -      -      -      -      -      -       -
    1          2      -      -      -      -      -      -       -
    2          0      -      -      -      -      -      -       -
    3          0      -      -      -      -      -      -       -
    4          0      -      -      -      -      -      -       -
    5          0      -      -      -      -      -      -       -
    6          2      -      -      -      -      -      -       -
    7          5      -      -      -      -      -      -       -
    8          0      -      -      -      -      -      -       -
    9          1      -      -      -      -      -      -       -
   10          0      -      -      -      -      -      -       -
   11          -      -      -      -      -      -      -       -
   12          -      -      -      -      -      -      -       -
   13          -      -      -      -      -      -      -       -
   14          -      -      -      -      -      -      -       -
   15          -      -      -      -      -      -      -       -
   16          -      -      -      -      -      -      -       -
   17          -      -      -      -      -      -      -       -
   18          -      -      -      -      -      -      -       -
   19          -      -      -      -      -      -      -       -
   20          -      -      -      -      -      -      -       -
   21          -      -      -      -      -      -      -       -
   22          -      -      -      -      -      -      -       -
   23          -      -      -      -      -      -      -       -
 
TOTALS
 
12HR 7-19      -      -      -      -      -      -      -       -
16HR 6-22      -      -      -      -      -      -      -       -
18HR 6-24      -      -      -      -      -      -      -       -
24HR 0-24      -      -      -      -      -      -      -       -

 
