 
 
 
*LOCATION   : ............................................................
*SITE NUMBER: 11704520
*FILE NUMBER:        2
*INTERVAL   :   15 MIN
*BATTERY    :    6.2 V
*RESTARTS   :        0
*CONFIG     :       12
*CHANNEL    :  1 OF  2
 
             MON    TUE    WED    THU    FRI    SAT    SUN    7-DAY
DATE    04/11/01     02     03     04     05     06     07   AVERAGE
 
START HOUR
 
    0          -      3      7      5      4      7      2       -
    1          -      2      0      2      3      3      7       -
    2          -      1      0      0      0      2      3       -
    3          -      0      0      2      1      0      2       -
    4          -      4      2      5      3      3      3       -
    5          -      6      7     10      9      3      1       -
    6          -     44     44     40     37      3      3       -
    7          -     98     93     84     70      7      6       -
    8          -    137    147    122     76     11     11       -
    9         68     97     80     71     51     20     26      59
   10         55     60     55     37     24     45     21      42
   11         56     56     53     51     38     71     45      53
   12         53     73     55     39     42     73     77      59
   13         73     65     63     52     59     88     89      70
   14         66     74     64     55     57     78     58      65
   15         94     93     89     92     92     56     53      81
   16        136    132    130    104     97     34     42      96
   17        116    104    101    105     68     31     40      81
   18         81    100     84     58     44     21     30      60
   19         62     64     45     59     30     25     25      44
   20         50     64     51     40     46     16     19      41
   21         22     28     39     25     18      9     16      22
   22         16     16     24      9     11      6      5      12
   23          3      4      7     17      8      5      8       7
 
TOTALS
 
12HR 7-19      -   1089   1014    870    718    535    498       -
16HR 6-22      -   1289   1193   1034    849    588    561       -
18HR 6-24      -   1309   1224   1060    868    599    574       -
24HR 0-24      -   1325   1240   1084    888    617    592       -
 
 
 
 
*LOCATION   : ............................................................
*SITE NUMBER: 11704520
*FILE NUMBER:        2
*INTERVAL   :   15 MIN
*BATTERY    :    6.2 V
*RESTARTS   :        0
*CONFIG     :       12
*CHANNEL    :  1 OF  2
 
             MON    TUE    WED    THU    FRI    SAT    SUN    7-DAY
DATE    04/11/08     09     10     11     12     13     14   AVERAGE
 
START HOUR
 
    0          0      7      7      5      5      4      4       5
    1          1      0      4      1      5      4      0       2
    2          1      1      1      2      1      3     11       3
    3          0      0      0      2      1      3      2       1
    4          5      4      4      2      3      0      1       3
    5         12     10     11     10      9      6      2       9
    6         48     45     48     44     25      9      8      32
    7         92    107     84     88     51     19      9      64
    8        122    168    147    134     66     19     10      95
    9         67    104     83     88     43     35     19      63
   10         55     64     48     48     29     33     21      43
   11         59     61     43     49     16     74     47      50
   12         69     64     62     50     33     78     69      61
   13         69     54     47     54     24     76     53      54
   14         60     61     64     51     44     93     48      60
   15         96    125     93     85     34     58     39      76
   16        137    120    125    126     49     50     41      93
   17        105    153     95    109     49     39     24      82
   18         84    102     85     71     29     26     20      60
   19         61     70     52     52     27     19     16      42
   20         54     55     40     42     24     17     24      37
   21         36     29     33     22      6     10      7      20
   22         16     20     14     15      7      8      7      12
   23          4      6      6     12      3     10      7       7
 
TOTALS
 
12HR 7-19   1015   1183    976    953    467    600    400     799
16HR 6-22   1214   1382   1149   1113    549    655    455     931
18HR 6-24   1234   1408   1169   1140    559    673    469     950
24HR 0-24   1253   1430   1196   1162    583    693    489     972
 
 
 
 
*LOCATION   : ............................................................
*SITE NUMBER: 11704520
*FILE NUMBER:        2
*INTERVAL   :   15 MIN
*BATTERY    :    6.2 V
*RESTARTS   :        0
*CONFIG     :       12
*CHANNEL    :  1 OF  2
 
             MON    TUE    WED    THU    FRI    SAT    SUN    7-DAY
DATE    04/11/15     16     17     18     19     20     21   AVERAGE
 
START HOUR
 
    0          3      0      7      4      2      1      1       3
    1          1      6      1      1      1      4      0       2
    2          3      0      0      0      1      1      0       1
    3          0      0      0      0      0      4      2       1
    4          2      1      2      1      1      1      0       1
    5          5      5      4      2      3      2      0       3
    6         35     26     24     23     13      3      0      18
    7         61     74     58     44     32     10      1      40
    8         86     81     81     75     48     13      0      55
    9         63     51     59     42     47     17      7      41
   10         39     30     43     31     16     18      6      26
   11         43     32     47     36     27     19     11      31
   12         40     51     41     35     21     35     18      34
   13         35     44     44     31     25     12     18      30
   14         37     46     40     31     32     16     19      32
   15         72     71     57     51     38      9     14      45
   16         75     74     76     51     51      8     10      49
   17         81     88     69     41     41      4     12      48
   18         48     51     56     47     28      1     13      35
   19         37     34     45     33     31      0     14      28
   20         30     48     38     20     16      1     11      23
   21         33     17     24     19     13      0      2      15
   22         11     11      7     10      7      1      4       7
   23          0      5      1      2      6      0      1       2
 
TOTALS
 
12HR 7-19    680    693    671    515    406    162    129     465
16HR 6-22    815    818    802    610    479    166    156     549
18HR 6-24    826    834    810    622    492    167    161     559
24HR 0-24    840    846    824    630    500    180    164     569
 
 
 
 
*LOCATION   : ............................................................
*SITE NUMBER: 11704520
*FILE NUMBER:        2
*INTERVAL   :   15 MIN
*BATTERY    :    6.2 V
*RESTARTS   :        0
*CONFIG     :       12
*CHANNEL    :  1 OF  2
 
             MON    TUE    WED    THU    FRI    SAT    SUN    7-DAY
DATE    04/11/22     23     24     25     26     27     28   AVERAGE
 
START HOUR
 
    0          0      1      0      0      0      1      1       0
    1          2      2      0      4      0      2      2       2
    2          0      0      1      1      0      1      0       0
    3          0      1      0      1      0      0      0       0
    4          4      2      3      2      3      1      0       2
    5          3      3      3      1      2      2      1       2
    6         19     24     10     15     12      4      1      12
    7         35     42     22     15     16      2      2      19
    8         42     47     29     17     24      1      1      23
    9         27     27     31     22     18      5      5      19
   10         14     14      4     13     10     13      5      10
   11          7     18     20     10     10     11     15      13
   12         17      6     14     15     18     20      9      14
   13         14      8     15     15     18     28      7      15
   14         12     12     14     20     13     14     13      14
   15         38     21     17     34     24     13      7      22
   16         27     30     29     22     23     10     10      22
   17         33     32     24     17     16      6      9      20
   18         24     22     18     26      8      3      5      15
   19         12     12     11      9     14      4      6      10
   20         18     21     10     10      5      6      2      10
   21         11     13     13      5     10      3      4       8
   22          8      9      4      8      2      0      0       4
   23          1      2      0      2      2      0      2       1
 
TOTALS
 
12HR 7-19    290    279    237    226    198    126     88     206
16HR 6-22    350    349    281    265    239    143    101     247
18HR 6-24    359    360    285    275    243    143    103     253
24HR 0-24    368    369    292    284    248    150    107     260
 
 
 
 
*LOCATION   : ............................................................
*SITE NUMBER: 11704520
*FILE NUMBER:        2
*INTERVAL   :   15 MIN
*BATTERY    :    6.2 V
*RESTARTS   :        0
*CONFIG     :       12
*CHANNEL    :  1 OF  2
 
             MON    TUE    WED    THU    FRI    SAT    SUN    7-DAY
DATE    04/11/29     30     01     02     03     04     05   AVERAGE
 
START HOUR
 
    0          1      -      -      -      -      -      -       -
    1          0      -      -      -      -      -      -       -
    2          0      -      -      -      -      -      -       -
    3          2      -      -      -      -      -      -       -
    4          1      -      -      -      -      -      -       -
    5          2      -      -      -      -      -      -       -
    6         14      -      -      -      -      -      -       -
    7         24      -      -      -      -      -      -       -
    8          -      -      -      -      -      -      -       -
    9          -      -      -      -      -      -      -       -
   10          -      -      -      -      -      -      -       -
   11          -      -      -      -      -      -      -       -
   12          -      -      -      -      -      -      -       -
   13          -      -      -      -      -      -      -       -
   14          -      -      -      -      -      -      -       -
   15          -      -      -      -      -      -      -       -
   16          -      -      -      -      -      -      -       -
   17          -      -      -      -      -      -      -       -
   18          -      -      -      -      -      -      -       -
   19          -      -      -      -      -      -      -       -
   20          -      -      -      -      -      -      -       -
   21          -      -      -      -      -      -      -       -
   22          -      -      -      -      -      -      -       -
   23          -      -      -      -      -      -      -       -
 
TOTALS
 
12HR 7-19      -      -      -      -      -      -      -       -
16HR 6-22      -      -      -      -      -      -      -       -
18HR 6-24      -      -      -      -      -      -      -       -
24HR 0-24      -      -      -      -      -      -      -       -
 
 
 
 
*LOCATION   : ............................................................
*SITE NUMBER: 11704520
*FILE NUMBER:        2
*INTERVAL   :   15 MIN
*BATTERY    :    6.2 V
*RESTARTS   :        0
*CONFIG     :       12
*CHANNEL    :  2 OF  2
 
             MON    TUE    WED    THU    FRI    SAT    SUN    7-DAY
DATE    04/11/01     02     03     04     05     06     07   AVERAGE
 
START HOUR
 
    0          -      0      0      0      9      0      3       -
    1          -      0      0      0      0      5      3       -
    2          -      0      0      0      0      0      3       -
    3          -      0      0      1      2      0      1       -
    4          -      0      0      0      0      1      1       -
    5          -      4      2      2      3      1      0       -
    6          -     22     25     17     21      2      3       -
    7          -     57     52     50     43      2      0       -
    8          -     96     64     70     45      2      4       -
    9         42     31     46     40     24     12     15      30
   10         39     24     39     19      9     22     14      24
   11         28     14      8      9     12     49     34      22
   12         29     10     32     10      5     44     29      23
   13         20     24     15     11     12     32     30      21
   14         27     39     33     23     26     49     23      31
   15         80     55     42     39     54     36     21      47
   16        265     73    111     54     58    152     25     105
   17         55     78     65     37     37     21     19      45
   18         49     43     39     21     24     20     15      30
   19         36     18     26     23     21     11      8      20
   20         45     20     27     24      8     20     17      23
   21         19     23     18     18      8      7      7      14
   22         10     10      6      3      1      7      2       6
   23          3      1      3      4      3      5      5       3
 
TOTALS
 
12HR 7-19      -    544    546    383    349    441    229       -
16HR 6-22      -    627    642    465    407    481    264       -
18HR 6-24      -    638    651    472    411    493    271       -
24HR 0-24      -    642    653    475    425    500    282       -
 
 
 
 
*LOCATION   : ............................................................
*SITE NUMBER: 11704520
*FILE NUMBER:        2
*INTERVAL   :   15 MIN
*BATTERY    :    6.2 V
*RESTARTS   :        0
*CONFIG     :       12
*CHANNEL    :  2 OF  2
 
             MON    TUE    WED    THU    FRI    SAT    SUN    7-DAY
DATE    04/11/08     09     10     11     12     13     14   AVERAGE
 
START HOUR
 
    0          0      3      2      3      7      0      4       3
    1          0      0      1      0      0      0      5       1
    2          0      3      1      1      1      5      4       2
    3          0      0      0      4      0      2      4       1
    4          0      1      3      6      0      2      0       2
    5          4      8      7      7      4      5      0       5
    6         19     36     24     31     28      5      0      20
    7         47     74    100     79     36      0      0      48
    8        100    181    120     99     57     12      5      82
    9         18     67     52     73     21     13     15      37
   10         20     32     26     16     16     14     20      21
   11         30     20     55     37      9     18     18      27
   12         24     26     28     34     21     27     49      30
   13         26     38     21     16     15     34     30      26
   14         41     50     50     49     14     38     23      38
   15         71     76     79     77     26     36     24      56
   16        306    379     86     95     44     25     20     136
   17         66     92     84     74     16     15     21      53
   18         46     71     52     47      8     22     14      37
   19         28     42     41     28     16     13     19      27
   20         34     38     43     34     15     18     16      28
   21         28     34     19     21     10     13     18      20
   22         10     23     11     13      9     10      7      12
   23          5      5      6      6      1      7      0       4
 
TOTALS
 
12HR 7-19    795   1106    753    696    283    254    239     589
16HR 6-22    904   1256    880    810    352    303    292     685
18HR 6-24    919   1284    897    829    362    320    299     701
24HR 0-24    923   1299    911    850    374    334    316     715
 
 
 
 
*LOCATION   : ............................................................
*SITE NUMBER: 11704520
*FILE NUMBER:        2
*INTERVAL   :   15 MIN
*BATTERY    :    6.2 V
*RESTARTS   :        0
*CONFIG     :       12
*CHANNEL    :  2 OF  2
 
             MON    TUE    WED    THU    FRI    SAT    SUN    7-DAY
DATE    04/11/15     16     17     18     19     20     21   AVERAGE
 
START HOUR
 
    0          2      0      0      2      6      3      0       2
    1          0      1      0      1      0      2      0       1
    2          0      0      0      0      0      2      0       0
    3          0      0      0      0      0      0      0       0
    4          1      0      0      0      0      1      0       0
    5          1      5      5      2      0      0      0       2
    6         28     27     22     12      9      1      0      14
    7         64     50     59     36     27      2      0      34
    8         67     80     76     50     56      7      0      48
    9         51     34     41     27     29      5     13      29
   10         22     21     33     10      8      3      2      14
   11         21     27     19     15     12     18      8      17
   12         22     13     26     10     13      8      3      14
   13         20     10     28     12      6      1     13      13
   14         25     18     39     17     11      3      5      17
   15         46     58     28     37     48      2      8      32
   16         51     76     46     44     31      1      8      37
   17         67     34     60     33     37      0      7      34
   18         25     30     22     19     14      0      6      17
   19         31     26     27     18      8      0      5      16
   20         19     31     23      9     13      0      2      14
   21         21     20     11      6      9      1      2      10
   22          6     10      5      3      3      0      1       4
   23          2      2      2      2      2      0      1       2
 
TOTALS
 
12HR 7-19    481    451    477    310    292     50     73     305
16HR 6-22    580    555    560    355    331     52     82     359
18HR 6-24    588    567    567    360    336     52     84     365
24HR 0-24    592    573    572    365    342     60     84     370
 
 
 
 
*LOCATION   : ............................................................
*SITE NUMBER: 11704520
*FILE NUMBER:        2
*INTERVAL   :   15 MIN
*BATTERY    :    6.2 V
*RESTARTS   :        0
*CONFIG     :       12
*CHANNEL    :  2 OF  2
 
             MON    TUE    WED    THU    FRI    SAT    SUN    7-DAY
DATE    04/11/22     23     24     25     26     27     28   AVERAGE
 
START HOUR
 
    0          0      0      0      0      1      6      5       2
    1          0      1      0      0      2      3      0       1
    2          0      0      0      0      0      0      0       0
    3          0      1      0      0      0      0      0       0
    4          1      0      1      0      0      0      0       0
    5          4      2      2      1      4      1      0       2
    6         10      2      8      9      7      0      2       5
    7         13      3     15      6     21      1      0       8
    8         28      5     15     15     31      5      0      14
    9         12     10     11      7     12      5      2       8
   10          7      6      4      5      1      6      6       5
   11         10      9      3      8     11      4      6       7
   12         18      6      5      8      5     12     42      14
   13          6      2      7      7      4     11     10       7
   14          6      6      5     10      8     18     18      10
   15         10     14     14     15     24      6      7      13
   16         27     21     18     19     14      8      9      17
   17          9     13     24     21     16      0      2      12
   18         16      8     12      7      5      0      5       8
   19          8      7      6      3     10      0      5       6
   20          8      8      7     11      9      1      5       7
   21          4      2      4      3      6      3      3       4
   22          1      4      3      3      3      2      3       3
   23          1      1      0      0      1      0      0       0
 
TOTALS
 
12HR 7-19    162    103    133    128    152     76    107     123
16HR 6-22    192    122    158    154    184     80    122     145
18HR 6-24    194    127    161    157    188     82    125     148
24HR 0-24    199    131    164    158    195     92    130     153
 
 
 
 
*LOCATION   : ............................................................
*SITE NUMBER: 11704520
*FILE NUMBER:        2
*INTERVAL   :   15 MIN
*BATTERY    :    6.2 V
*RESTARTS   :        0
*CONFIG     :       12
*CHANNEL    :  2 OF  2
 
             MON    TUE    WED    THU    FRI    SAT    SUN    7-DAY
DATE    04/11/29     30     01     02     03     04     05   AVERAGE
 
START HOUR
 
    0          2      -      -      -      -      -      -       -
    1          0      -      -      -      -      -      -       -
    2          0      -      -      -      -      -      -       -
    3          3      -      -      -      -      -      -       -
    4          1      -      -      -      -      -      -       -
    5          1      -      -      -      -      -      -       -
    6          7      -      -      -      -      -      -       -
    7          5      -      -      -      -      -      -       -
    8          -      -      -      -      -      -      -       -
    9          -      -      -      -      -      -      -       -
   10          -      -      -      -      -      -      -       -
   11          -      -      -      -      -      -      -       -
   12          -      -      -      -      -      -      -       -
   13          -      -      -      -      -      -      -       -
   14          -      -      -      -      -      -      -       -
   15          -      -      -      -      -      -      -       -
   16          -      -      -      -      -      -      -       -
   17          -      -      -      -      -      -      -       -
   18          -      -      -      -      -      -      -       -
   19          -      -      -      -      -      -      -       -
   20          -      -      -      -      -      -      -       -
   21          -      -      -      -      -      -      -       -
   22          -      -      -      -      -      -      -       -
   23          -      -      -      -      -    