 
 
 
*LOCATION   : ............................................................
*SITE NUMBER: 12104510
*FILE NUMBER:        4
*INTERVAL   :   15 MIN
*BATTERY    :    6.2 V
*RESTARTS   :        0
*CONFIG     :       12
*CHANNEL    :  1 OF  2
 
             MON    TUE    WED    THU    FRI    SAT    SUN    7-DAY
DATE    04/11/01     02     03     04     05     06     07   AVERAGE
 
START HOUR
 
    0          -      0      1      0      7      0      2       -
    1          -      0      1      3      0      6      3       -
    2          -      3      0      0      1      3      1       -
    3          -      2      1      0      0      1      3       -
    4          -      3      1      0      4      0      0       -
    5          -     12      8     11     10      4      3       -
    6          -     24     33     28     21      3      0       -
    7          -     38     47     39     39      5      6       -
    8          -     35     24     16     12      3     12       -
    9          -     16      9     15      7     14     14       -
   10          -     31     12     14      4     12     20       -
   11         25     27     23     18      8     26     33      23
   12         24     35     29     16     23     33     44      29
   13         30     23     35     17     22     40     47      31
   14         43     42     32     18     26     32     54      35
   15         43     54     43     36     44     27     37      41
   16         59     60     54     38     47     15     19      42
   17         32     44     27     38     14     15     21      27
   18         16     11     20     12     16     10      9      13
   19          4     14     10     16      4      3     14       9
   20         22     13     18      8     15     18      8      15
   21         10      9      9     10      7      8      7       9
   22          2      7      3      1      5      2      3       3
   23          2      1      4      2      1      3      1       2
 
TOTALS
 
12HR 7-19      -    416    355    277    262    232    316       -
16HR 6-22      -    476    425    339    309    264    345       -
18HR 6-24      -    484    432    342    315    269    349       -
24HR 0-24      -    504    444    356    337    283    361       -
 
 
 
 
*LOCATION   : ............................................................
*SITE NUMBER: 12104510
*FILE NUMBER:        4
*INTERVAL   :   15 MIN
*BATTERY    :    6.2 V
*RESTARTS   :        0
*CONFIG     :       12
*CHANNEL    :  1 OF  2
 
             MON    TUE    WED    THU    FRI    SAT    SUN    7-DAY
DATE    04/11/08     09     10     11     12     13     14   AVERAGE
 
START HOUR
 
    0          0      2      3      1      4      2      2       2
    1          2      1      1      1      1      3      0       1
    2          0      2      0      1      0      2      0       1
    3          0      1      0      0      1      2      0       1
    4          0      1      1      2      1      3      0       1
    5          6      7     13      9      9      4      5       8
    6         22     24     24     30     13      4      3      17
    7         41     51     40     34     22      7      4      28
    8         28     25     15     18      6      7      4      15
    9         19     13     28     15      5     25      1      15
   10         23     28     16     19      2     30     17      19
   11         21     19     23     27      4     23     20      20
   12         22     27     22     22      8     34     34      24
   13         37     15     20     24     13     51     44      29
   14         18     28     28     31     17     56     35      30
   15         52     31     39     34     20     32     25      33
   16         64     40     48     46     13     18     21      36
   17         35     26     31     23      7     14     14      21
   18         32     21     26     15      5     10      6      16
   19         18     14     18     11      8      7      9      12
   20          6     13     16      9      2      9      6       9
   21          5      6      7      7      3      2      4       5
   22         13      5      5      5      2      5      4       6
   23          2      0      3      0      0      0      0       1
 
TOTALS
 
12HR 7-19    392    324    336    308    122    307    225     288
16HR 6-22    443    381    401    365    148    329    247     331
18HR 6-24    458    386    409    370    150    334    251     337
24HR 0-24    466    400    427    384    166    350    258     350
 
 
 
 
*LOCATION   : ............................................................
*SITE NUMBER: 12104510
*FILE NUMBER:        4
*INTERVAL   :   15 MIN
*BATTERY    :    6.2 V
*RESTARTS   :        0
*CONFIG     :       12
*CHANNEL    :  1 OF  2
 
             MON    TUE    WED    THU    FRI    SAT    SUN    7-DAY
DATE    04/11/15     16     17     18     19     20     21   AVERAGE
 
START HOUR
 
    0          2      0      0      0      1      0      0       0
    1          0      2      1      1      0      0      0       1
    2          0      4      0      0      0      0      0       1
    3          0      0      0      1      0      0      1       0
    4          0      2      1      0      2      1      0       1
    5         10      8      9      8      6      6      5       7
    6         24     21     21     16      8      3      1      13
    7         18     22     35     22     18      3      6      18
    8         14      6     14     14      7      2      1       8
    9         14     18     16      4      6      1      1       9
   10          8     12      5      5      9      5      4       7
   11         22     11     12      8      6      5      9      10
   12          9     30     22      9      9     11      5      14
   13         12     13     15      9     10     11      7      11
   14         13     19     15     14     15     10      4      13
   15         21     18     28     14     30      5      4      17
   16         20     30     26     29      8      2      9      18
   17         11     14     12     21      8      4      3      10
   18         10      8      6     16     10      0      1       7
   19          5     11      4     11      2      0      5       5
   20          9     16     10     15      8      4      5      10
   21          6      5      0      3      2      0      2       3
   22          2      5      2      4      1      1      0       2
   23          2      2      0      2      3      0      0       1
 
TOTALS
 
12HR 7-19    172    201    206    165    136     59     54     142
16HR 6-22    216    254    241    210    156     66     67     173
18HR 6-24    220    261    243    216    160     67     67     176
24HR 0-24    232    277    254    226    169     74     73     186
 
 
 
 
*LOCATION   : ............................................................
*SITE NUMBER: 12104510
*FILE NUMBER:        4
*INTERVAL   :   15 MIN
*BATTERY    :    6.2 V
*RESTARTS   :        0
*CONFIG     :       12
*CHANNEL    :  1 OF  2
 
             MON    TUE    WED    THU    FRI    SAT    SUN    7-DAY
DATE    04/11/22     23     24     25     26     27     28   AVERAGE
 
START HOUR
 
    0          0      0      2      0      1      0      3       1
    1          0      0      1      0      0      1      0       0
    2          0      0      1      1      0      0      2       1
    3          0      1      0      0      0      0      0       0
    4          0      0      1      5      1      0      0       1
    5          2      4      3      1      2      3      3       3
    6         10      5     14      3      6      0      4       6
    7         11     14     13      6      6      3      1       8
    8          9      6      4      7     10      1      0       5
    9          3      5      5      2      2      1      2       3
   10          4      2      1      2      5      1      2       2
   11          3      7      5      5      6      6      2       5
   12          3      5      3      3      5      7      5       4
   13         10      2      2      6      8     10     12       7
   14          7      4      7     10      9      4      4       6
   15         11     15     14      8     11      1      8      10
   16          9     18     18      5      7     10      3      10
   17         10      7      5      3      9      8      3       6
   18         12      6     16      5      2      4      4       7
   19          5      4      7      1      0      0      7       3
   20          3      5      6      3      0      0      2       3
   21          8      3      4      3      8      4      2       5
   22          3      0      1      3      2      0      0       1
   23          0      1      0      0      0      0      0       0
 
TOTALS
 
12HR 7-19     92     91     93     62     80     56     46      74
16HR 6-22    118    108    124     72     94     60     61      91
18HR 6-24    121    109    125     75     96     60     61      92
24HR 0-24    123    114    133     82    100     64     69      98
 
 
 
 
*LOCATION   : ............................................................
*SITE NUMBER: 12104510
*FILE NUMBER:        4
*INTERVAL   :   15 MIN
*BATTERY    :    6.2 V
*RESTARTS   :        0
*CONFIG     :       12
*CHANNEL    :  1 OF  2
 
             MON    TUE    WED    THU    FRI    SAT    SUN    7-DAY
DATE    04/11/29     30     01     02     03     04     05   AVERAGE
 
START HOUR
 
    0          0      -      -      -      -      -      -       -
    1          0      -      -      -      -      -      -       -
    2          0      -      -      -      -      -      -       -
    3          1      -      -      -      -      -      -       -
    4          2      -      -      -      -      -      -       -
    5          0      -      -      -      -      -      -       -
    6         10      -      -      -      -      -      -       -
    7          3      -      -      -      -      -      -       -
    8          0      -      -      -      -      -      -       -
    9          2      -      -      -      -      -      -       -
   10          0      -      -      -      -      -      -       -
   11          1      -      -      -      -      -      -       -
   12          2      -      -      -      -      -      -       -
   13          4      -      -      -      -      -      -       -
   14          -      -      -      -      -      -      -       -
   15          -      -      -      -      -      -      -       -
   16          -      -      -      -      -      -      -       -
   17          -      -      -      -      -      -      -       -
   18          -      -      -      -      -      -      -       -
   19          -      -      -      -      -      -      -       -
   20          -      -      -      -      -      -      -       -
   21          -      -      -      -      -      -      -       -
   22          -      -      -      -      -      -      -       -
   23          -      -      -      -      -      -      -       -
 
TOTALS
 
12HR 7-19      -      -      -      -      -      -      -       -
16HR 6-22      -      -      -      -      -      -      -       -
18HR 6-24      -      -      -      -      -      -      -       -
24HR 0-24      -      -      -      -      -      -      -       -
 
 
 
 
*LOCATION   : ............................................................
*SITE NUMBER: 12104510
*FILE NUMBER:        4
*INTERVAL   :   15 MIN
*BATTERY    :    6.2 V
*RESTARTS   :        0
*CONFIG     :       12
*CHANNEL    :  2 OF  2
 
             MON    TUE    WED    THU    FRI    SAT    SUN    7-DAY
DATE    04/11/01     02     03     04     05     06     07   AVERAGE
 
START HOUR
 
    0          -      2      0      1      3      3      2       -
    1          -      0      0      0      0      0      0       -
    2          -      0      0      0      0      0      1       -
    3          -      0      0      0      0      0      0       -
    4          -      1      1      4      1      0      0       -
    5          -      4      4      1      1      0      0       -
    6          -     13     11      5      6      6      4       -
    7          -     22     23     15     20      6      5       -
    8          -      9     12     10      6      5      0       -
    9          -     13     11     12      4      6      2       -
   10          -     10      4      8      1      4     13       -
   11         21     13     10     11      5     11     17      13
   12         17     10     12      9      7     14     21      13
   13         11     21     21      6     14     11     24      15
   14         21     12     18     10     17     17     13      15
   15         26     31     23     13     15      8     21      20
   16         18     24     18     17     23      9     12      17
   17         14     12     19     14     12      5      7      12
   18         13     14     17      6      5      6      7      10
   19          8      6      8      7      2      3      3       5
   20          8      7      6      5      4      5      2       5
   21          8      3      7      2      0      1      4       4
   22          2      1      1      3      1      0      3       2
   23          1      1      1      1      1      2      0       1
 
TOTALS
 
12HR 7-19      -    191    188    131    129    102    142       -
16HR 6-22      -    220    220    150    141    117    155       -
18HR 6-24      -    222    222    154    143    119    158       -
24HR 0-24      -    229    227    160    148    122    161       -
 
 
 
 
*LOCATION   : ............................................................
*SITE NUMBER: 12104510
*FILE NUMBER:        4
*INTERVAL   :   15 MIN
*BATTERY    :    6.2 V
*RESTARTS   :        0
*CONFIG     :       12
*CHANNEL    :  2 OF  2
 
             MON    TUE    WED    THU    FRI    SAT    SUN    7-DAY
DATE    04/11/08     09     10     11     12     13     14   AVERAGE
 
START HOUR
 
    0          0      1      1      1      1      0      1       1
    1          0      0      0      0      0      0      0       0
    2          0      0      0      0      0      0      0       0
    3          0      0      0      0      0      0      0       0
    4          0      1      2      1      2      0      0       1
    5          1      0      2      0      1      0      0       1
    6          6      9      9      9      3      1      1       5
    7         18     15     19      9      9      1      2      10
    8         11     10      6      9      3      2      3       6
    9         11      7     10     13      2      6      5       8
   10          9     13      9     12      3      5      6       8
   11         14     16     19      4      2     11      4      10
   12         12     12      6     11      3     18     17      11
   13          8      9     14     14      1     26     19      13
   14         13      8     10     10      7     12     24      12
   15         22     17     18     20      3     11     17      15
   16         18     14     20     15      5     13      7      13
   17         13     11     12     10      5      9      6       9
   18          4     12     10      6      1      3      6       6
   19          4      3      8      6      0      5      2       4
   20          8      8      5      1      2      7      7       5
   21          7      2      3      4      3      4      0       3
   22          1      4      1      4      0      0      0       1
   23          0      0      0      2      0      1      2       1
 
TOTALS
 
12HR 7-19    153    144    153    133     44    117    116     123
16HR 6-22    178    166    178    153     52    134    126     141
18HR 6-24    179    170    179    159     52    135    128     143
24HR 0-24    180    172    184    161     56    135    129     145
 
 
 
 
*LOCATION   : ............................................................
*SITE NUMBER: 12104510
*FILE NUMBER:        4
*INTERVAL   :   15 MIN
*BATTERY    :    6.2 V
*RESTARTS   :        0
*CONFIG     :       12
*CHANNEL    :  2 OF  2
 
             MON    TUE    WED    THU    FRI    SAT    SUN    7-DAY
DATE    04/11/15     16     17     18     19     20     21   AVERAGE
 
START HOUR
 
    0          1      0      1      1      1      1      0       1
    1          0      0      0      0      0      0      0       0
    2          0      0      0      0      0      2      0       0
    3          0      0      0      0      0      1      0       0
    4          1      2      1      3      1      0      0       1
    5          4      3      3      1      3      0      0       2
    6          8      7      6      6      3      0      0       4
    7         15      9     11      5      9      2      0       7
    8          6     10      6      5      5      2      2       5
    9          5      6      8      4      4      2      1       4
   10          4      3      7      2      3      4      1       3
   11          2      7      8      7      8      8      3       6
   12          5      6      6      8      5      6      3       6
   13          6     16      2      3      2      1      2       5
   14         11      9      6      6      1      2      3       5
   15         14     12     17     11      6      2      1       9
   16          8     15     12     10      4      0      1       7
   17          5      5      8      7      2      1      1       4
   18          7      6      6      6      0      3      1       4
   19          3      7      3      3      0      1      1       3
   20          5      7      3      2      3      1      1       3
   21          2      2      4      1      0      0      0       1
   22          1      0      2      1      1      0      0       1
   23          0      0      0      0      0      0      0       0
 
TOTALS
 
12HR 7-19     88    104     97     74     49     33     19      66
16HR 6-22    106    127    113     86     55     35     21      78
18HR 6-24    107    127    115     87     56     35     21      78
24HR 0-24    113    132    120     92     61     39     21      83
 
 
 
 
*LOCATION   : ............................................................
*SITE NUMBER: 12104510
*FILE NUMBER:        4
*INTERVAL   :   15 MIN
*BATTERY    :    6.2 V
*RESTARTS   :        0
*CONFIG     :       12
*CHANNEL    :  2 OF  2
 
             MON    TUE    WED    THU    FRI    SAT    SUN    7-DAY
DATE    04/11/22     23     24     25     26     27     28   AVERAGE
 
START HOUR
 
    0          1      0      1      0      1      0      1       1
    1          0      0      0      0      0      0      0       0
    2          0      0      0      0      0      0      0       0
    3          0      1      0      0      0      0      0       0
    4          1      0      0      0      0      0      0       0
    5          1      1      1      0      2      0      0       1
    6          3      6      2      3      1      0      0       2
    7          6      3      3      1      4      1      1       3
    8          4      4      4      0      4      0      3       3
    9          2      2      2      2      2      1      0       2
   10          2      6      3      2      2      3      1       3
   11          1      1      2      3      4      0      0       2
   12          5      4      4      5      2      2      0       3
   13          2      3      2      0      3      5      1       2
   14          5      2      7      4      4      1      3       4
   15          6      6      5      5      5      2      2       4
   16          5      4      2      2      1      0      1       2
   17          2      4      5      3      3      1      2       3
   18          4      3      2      1      2      0      0       2
   19          2      1      6      2      0      1      0       2
   20          3      2      4      0      0      0      0       1
   21          0      1      0      1      2      0      0       1
   22          0      2      2      2      1      0      0       1
   23          1      0      0      0      1      0      1       0
 
TOTALS
 
12HR 7-19     44     42     41     28     36     16     14      32
16HR 6-22     52     52     53     34     39     17     14      37
18HR 6-24     53     54     55     36     41     17     15      39
24HR 0-24     56     56     57     36     44     17     16      40
 
 
 
 
*LOCATION   : ............................................................
*SITE NUMBER: 12104510
*FILE NUMBER:        4
*INTERVAL   :   15 MIN
*BATTERY    :    6.2 V
*RESTARTS   :        0
*CONFIG     :       12
*CHANNEL    :  2 OF  2
 
             MON    TUE    WED    THU    FRI    SAT    SUN    7-DAY
DATE    04/11/29     30     01     02     03     04     05   AVERAGE
 
START HOUR
 
    0          0      -      -      -      -      -      -       -
    1          0      -      -      -      -      -      -       -
    2          0      -      -      -      -      -      -       -
    3          0      -      -      -      -      -      -       -
    4          4      -      -      -      -      -      -       -
    5          2      -      -      -      -      -      -       -
    6          4      -      -      -      -      -      -       -
    7          5      -      -      -      -      -      -       -
    8          0      -      -      -      -      -      -       -
    9          2      -      -      -      -      -      -       -
   10          4      -      -      -      -      -      -       -
   11          5      -      -      -      -      -      -       -
   12          1      -      -      -      -      -      -       -
   13          0      -      -      -      -      -      -       -
   14          -      -      -      -      -      -      -       -
   15          -      -      -      -      -      -      -       -
   16          -      -      -      -      -      -      -       -
   17          -      -      -      -      -      -      -       -
   18          -      -      -      -      -      -      -       -
   19          -      -      -      -      -      -      -       -
   20          -      -      -      -      -      -      -       -
   21          -      -      -      -      -      -      -       -
   22          -      -      -      -      -      -      -       -
   23          -      -      -      -      -      -      -       -
 
TOTALS
 
12HR 7-19      -      -      -      -      -      -      -       -
16HR 6-22      -      -      -      -      -      -      -       -
18HR 6-24      -      -      -      -      -      -      -       -
24HR 0-24      -      -      -      -      -      -      -       -
 
