 
 
 
*LOCATION   : ............................................................
*SITE NUMBER: 11704420
*FILE NUMBER:        5
*INTERVAL   :   15 MIN
*BATTERY    :    6.5 V
*RESTARTS   :        0
*CONFIG     :       12
*CHANNEL    :  1 OF  2
 
             MON    TUE    WED    THU    FRI    SAT    SUN    7-DAY
DATE    05/10/31     01     02     03     04     05     06   AVERAGE
 
START HOUR
 
    0          -     16     11      8     11     14     11       -
    1          -      6      5      7      8     11      3       -
    2          -      0      2      3      4      1      5       -
    3          -      1      0      2      0      3      8       -
    4          -      1      2      4      3      3      6       -
    5          -     13     18     16     19      3      1       -
    6          -     65     60     60     51      9     12       -
    7          -    141    143    125    136     19     12       -
    8          -    183    180    175    147     25     22       -
    9        107    125    117    114    103     34     32      90
   10         98     94     73     87     99     50     33      76
   11         85     88     83     84     82     61     57      77
   12         85    104     87     89     79     63     52      80
   13        103     82     94    104     79     76     76      88
   14         94    106     84    120     80     60     59      86
   15        127    132    140    132    100     42     63     105
   16        169    178    171    164    152     34     47     131
   17        151    151    147    170    107     33     55     116
   18        132    133    118     97     83     33     42      91
   19         84     70     66     69     46     24     22      54
   20         54     75     48     55     41     25     37      48
   21         41     52     44     43     34     17     27      37
   22         31     25     32     31     19     13     12      23
   23         15     16     19     13     14     12     10      14
 
TOTALS
 
12HR 7-19      -   1517   1437   1461   1247    530    550       -
16HR 6-22      -   1779   1655   1688   1419    605    648       -
18HR 6-24      -   1820   1706   1732   1452    630    670       -
24HR 0-24      -   1857   1744   1772   1497    665    704       -
 
 
 
 
*LOCATION   : ............................................................
*SITE NUMBER: 11704420
*FILE NUMBER:        5
*INTERVAL   :   15 MIN
*BATTERY    :    6.5 V
*RESTARTS   :        0
*CONFIG     :       12
*CHANNEL    :  1 OF  2
 
             MON    TUE    WED    THU    FRI    SAT    SUN    7-DAY
DATE    05/11/07     08     09     10     11     12     13   AVERAGE
 
START HOUR
 
    0          8      9     12     16     12     19     11      12
    1          2      6      8      8      5     11      6       7
    2          2      0      1      1      2      2      3       2
    3          0      2      1      0      2      7      3       2
    4          2      1      1      4      5      3      6       3
    5         16     15     17     19     10     11      2      13
    6         51     58     59     54     52     16      7      42
    7        108    124    125    109    108     26     20      89
    8        127    132    169    146    156     31     16     111
    9        102    127    103    104    115     42     27      89
   10         68     94     97     79     80     64     31      73
   11         70     87     82     79     67     71     59      74
   12         82     96     80     67     72     79     61      77
   13         89     87     82     68     80     81     67      79
   14         82     88     93     85     92     76     77      85
   15         99    119    110    120    118     75     62     100
   16        149    148    141    147    167     50     47     121
   17        119    153    150    137    121     44     35     108
   18         91    111    110     90     96     41     32      82
   19         58     77     71     58     45     23     34      52
   20         65     65     74     56     44     26     37      52
   21         33     40     40     49     34     26     21      35
   22         16     21     17     26     30     23     12      21
   23         16     14     21     15     16     11     16      16
 
TOTALS
 
12HR 7-19   1186   1366   1342   1231   1272    680    534    1087
16HR 6-22   1393   1606   1586   1448   1447    771    633    1269
18HR 6-24   1425   1641   1624   1489   1493    805    661    1305
24HR 0-24   1455   1674   1664   1537   1529    858    692    1344
 
 
 
 
*LOCATION   : ............................................................
*SITE NUMBER: 11704420
*FILE NUMBER:        5
*INTERVAL   :   15 MIN
*BATTERY    :    6.5 V
*RESTARTS   :        0
*CONFIG     :       12
*CHANNEL    :  1 OF  2
 
             MON    TUE    WED    THU    FRI    SAT    SUN    7-DAY
DATE    05/11/14     15     16     17     18     19     20   AVERAGE
 
START HOUR
 
    0          8      9     11     12      9     18     10      11
    1          9      4      4      5      6      8      9       6
    2          3      2      2      1      1      3      6       3
    3          1      0      0      1      0      9      6       2
    4          2      1      2      2      3      5      4       3
    5         14     11     13     13     12      8      3      11
    6         57     44     40     51     38     12      6      35
    7        113     75     95     93     83     23     15      71
    8        154     93    139    134    126     29     15      99
    9        109     59     87     70     84     31     27      67
   10         69     56     77     62     88     49     37      63
   11         71     53     79     69     71     51     32      61
   12         79     59     68     75     69     62     46      65
   13         50     67     68     82     67     73     65      67
   14         56     70     79     83     69     64     63      69
   15         98     75    107    100     94     79     55      87
   16        133    105    146    125    135     44     41     104
   17         84     87    129    105     89     45     42      83
   18         68     59     83     96     56     31     40      62
   19         47     49     54     58     38     33     28      44
   20         33     43     65     47     41     26     34      41
   21         26     37     34     35     26     24     21      29
   22         22     19     27     19     18     18     13      19
   23          8     16     11     12     17     17     11      13
 
TOTALS
 
12HR 7-19   1084    858   1157   1094   1031    581    478     898
16HR 6-22   1247   1031   1350   1285   1174    676    567    1047
18HR 6-24   1277   1066   1388   1316   1209    711    591    1080
24HR 0-24   1314   1093   1420   1350   1240    762    629    1115
 
 
 
 
*LOCATION   : ............................................................
*SITE NUMBER: 11704420
*FILE NUMBER:        5
*INTERVAL   :   15 MIN
*BATTERY    :    6.5 V
*RESTARTS   :        0
*CONFIG     :       12
*CHANNEL    :  1 OF  2
 
             MON    TUE    WED    THU    FRI    SAT    SUN    7-DAY
DATE    05/11/21     22     23     24     25     26     27   AVERAGE
 
START HOUR
 
    0          6     12     11      9     12     12      7      10
    1          3      5      4      5      4     12      9       6
    2          2      2      1      0      2      2      0       1
    3          0      1      0      1      0      8      4       2
    4          2      1      3      3      3      3      5       3
    5         11     14     12     13     12      3      1       9
    6         43     45     49     49     47     14      4      36
    7         91     97     90     84     84     17      8      67
    8        109    115    121    117    111     19     12      86
    9         82     83     71     90     84     22     13      64
   10         68     74     78     77     66     26     17      58
   11         72     68     77     64     62     28     25      57
   12         72     75     74     70     69     32     23      59
   13         72     79     74     70     67     38     30      61
   14         68     58     79     70     63     28     23      56
   15         93     93     99     81     90     30     27      73
   16        116    112    138    120    105     32     19      92
   17         94     93    132    107     83     30     23      80
   18         78     73     78     70     57     19     18      56
   19         54     51     58     53     39     23     23      43
   20         45     38     52     41     40     22     19      37
   21         25     28     45     31     29     18     15      27
   22         14     24     21     22     19     12     12      18
   23         13     12     10      9     15     13     13      12
 
TOTALS
 
12HR 7-19   1015   1020   1111   1020    941    321    238     809
16HR 6-22   1182   1182   1315   1194   1096    398    299     952
18HR 6-24   1209   1218   1346   1225   1130    423    324     982
24HR 0-24   1233   1253   1377   1256   1163    463    350    1014
 
 
 
 
*LOCATION   : ............................................................
*SITE NUMBER: 11704420
*FILE NUMBER:        5
*INTERVAL   :   15 MIN
*BATTERY    :    6.5 V
*RESTARTS   :        0
*CONFIG     :       12
*CHANNEL    :  1 OF  2
 
             MON    TUE    WED    THU    FRI    SAT    SUN    7-DAY
DATE    05/11/28     29     30     01     02     03     04   AVERAGE
 
START HOUR
 
    0          5      -      -      -      -      -      -       -
    1          4      -      -      -      -      -      -       -
    2          1      -      -      -      -      -      -       -
    3          0      -      -      -      -      -      -       -
    4          4      -      -      -      -      -      -       -
    5         14      -      -      -      -      -      -       -
    6         37      -      -      -      -      -      -       -
    7         76      -      -      -      -      -      -       -
    8         87      -      -      -      -      -      -       -
    9         64      -      -      -      -      -      -       -
   10         46      -      -      -      -      -      -       -
   11          -      -      -      -      -      -      -       -
   12          -      -      -      -      -      -      -       -
   13          -      -      -      -      -      -      -       -
   14          -      -      -      -      -      -      -       -
   15          -      -      -      -      -      -      -       -
   16          -      -      -      -      -      -      -       -
   17          -      -      -      -      -      -      -       -
   18          -      -      -      -      -      -      -       -
   19          -      -      -      -      -      -      -       -
   20          -      -      -      -      -      -      -       -
   21          -      -      -      -      -      -      -       -
   22          -      -      -      -      -      -      -       -
   23          -      -      -      -      -      -      -       -
 
TOTALS
 
12HR 7-19      -      -      -      -      -      -      -       -
16HR 6-22      -      -      -      -      -      -      -       -
18HR 6-24      -      -      -      -      -      -      -       -
24HR 0-24      -      -      -      -      -      -      -       -
 
 
 
 
*LOCATION   : ............................................................
*SITE NUMBER: 11704420
*FILE NUMBER:        5
*INTERVAL   :   15 MIN
*BATTERY    :    6.5 V
*RESTARTS   :        0
*CONFIG     :       12
*CHANNEL    :  2 OF  2
 
             MON    TUE    WED    THU    FRI    SAT    SUN    7-DAY
DATE    05/10/31     01     02     03     04     05     06   AVERAGE
 
START HOUR
 
    0          -      3      0      2      1      2      2       -
    1          -      0      0      1      0      4      0       -
    2          -      0      0      1      1      2      0       -
    3          -      0      2      0      0      0      4       -
    4          -      0      1      0      1      2      0       -
    5          -      3      4      2      1      0      1       -
    6          -     27     27     26     23      2      2       -
    7          -     66     59     51     48      2      3       -
    8          -     85     73     77     57     10      6       -
    9         30     42     41     42     34      4      7      29
   10         24     34     24     29     21     17     18      24
   11         28     27     25     26     18     36     27      27
   12         17     22     25     26     18     34     15      22
   13         20     25     23     20     20     34     15      22
   14         25     31     33     35     26     25     20      28
   15         57     51     54     52     46     29     20      44
   16         75     97     78     66     44     15     20      56
   17         49     49     53     63     43     11     17      41
   18         34     42     38     34     26     11      7      27
   19         29     34     28     26     13      6      9      21
   20         18     20     26     25     24      9     17      20
   21         12     10     19     17      9      4      6      11
   22          7      6      8      8      7      7      3       7
   23          3      5      4      7      2      4      0       4
 
TOTALS
 
12HR 7-19      -    571    526    521    401    228    175       -
16HR 6-22      -    662    626    615    470    249    209       -
18HR 6-24      -    673    638    630    479    260    212       -
24HR 0-24      -    679    645    636    483    270    219       -
 
 
 
 
*LOCATION   : ............................................................
*SITE NUMBER: 11704420
*FILE NUMBER:        5
*INTERVAL   :   15 MIN
*BATTERY    :    6.5 V
*RESTARTS   :        0
*CONFIG     :       12
*CHANNEL    :  2 OF  2
 
             MON    TUE    WED    THU    FRI    SAT    SUN    7-DAY
DATE    05/11/07     08     09     10     11     12     13   AVERAGE
 
START HOUR
 
    0          1      1      3      1      0      2      4       2
    1          0      1      0      1      0      2      2       1
    2          1      1      0      1      4      2      2       2
    3          0      0      1      0      0      1      2       1
    4          1      3      0      0      0      3      1       1
    5          4      5      3      5      5      0      1       3
    6         17     28     28     16     16      3      3      16
    7         36     47     45     59     33      5      4      33
    8         51     65     75     68     58     12      2      47
    9         32     37     43     28     29     20      8      28
   10         20     26     22     15     18     13     19      19
   11         17     16     15     14     11     18     18      16
   12         18     22     26     11     16     15     24      19
   13         17     21     14     21     13     17     28      19
   14         21     24     18     17     32     10     30      22
   15         33     46     60     52     45     16     24      39
   16         52     64     61     53     43     11     21      44
   17         47     48     51     48     40      7     12      36
   18         35     45     39     41     19     13      7      28
   19         24     28     22     24     18      2     10      18
   20         23     30     29     14     18      4     10      18
   21         13     19     17     14      9      3      9      12
   22          7      8      8      5      7      3      8       7
   23          1      2      2      7      2      4      0       3
 
TOTALS
 
12HR 7-19    379    461    469    427    357    157    197     350
16HR 6-22    456    566    565    495    418    169    229     414
18HR 6-24    464    576    575    507    427    176    237     423
24HR 0-24    471    587    582    515    436    186    249     432
 
 
 
 
*LOCATION   : ............................................................
*SITE NUMBER: 11704420
*FILE NUMBER:        5
*INTERVAL   :   15 MIN
*BATTERY    :    6.5 V
*RESTARTS   :        0
*CONFIG     :       12
*CHANNEL    :  2 OF  2
 
             MON    TUE    WED    THU    FRI    SAT    SUN    7-DAY
DATE    05/11/14     15     16     17     18     19     20   AVERAGE
 
START HOUR
 
    0          2      0      0      1      1      0      1       1
    1          0      0      0      0      0      1      0       0
    2          0      0      0      0      0      2      1       0
    3          0      0      0      0      0      2      3       1
    4          2      1      0      0      1      0      0       1
    5          2      3      5      2      0      0      2       2
    6         24     11     15     14     16      4      0      12
    7         35     20     40     33     34      1      4      24
    8         62     23     49     43     37      6      2      32
    9         42     10     34     26     36     17      1      24
   10         16      7     28     24     15     10      5      15
   11         22     10     23     18     18     18     18      18
   12          7     11     19     14     17     26     16      16
   13          9      8     23     19     18     27     20      18
   14         11     15     24     14     17     22     27      19
   15         31     22     43     38     37     21     20      30
   16         49     21     42     42     36     12     13      31
   17         37     20     47     33     33      9     11      27
   18         19     24     24     24     17      8      8      18
   19         12     15     24     22     15      6      7      14
   20         20      9     18     20     14      8      7      14
   21          8     13      8     12     10      7      7       9
   22          5      5      7      6      7      1      3       5
   23          2      1      2      3      3      3      0       2
 
TOTALS
 
12HR 7-19    340    191    396    328    315    177    145     270
16HR 6-22    404    239    461    396    370    202    166     320
18HR 6-24    411    245    470    405    380    206    169     327
24HR 0-24    417    249    475    408    382    211    176     331
 
 
 
 
*LOCATION   : ............................................................
*SITE NUMBER: 11704420
*FILE NUMBER:        5
*INTERVAL   :   15 MIN
*BATTERY    :    6.5 V
*RESTARTS   :        0
*CONFIG     :       12
*CHANNEL    :  2 OF  2
 
             MON    TUE    WED    THU    FRI    SAT    SUN    7-DAY
DATE    05/11/21     22     23     24     25     26     27   AVERAGE
 
START HOUR
 
    0          1      3      0      0      0      5      0       1
    1          0      0      0      0      1      3      0       1
    2          0      0      0      0      2      2      1       1
    3          0      0      0      0      0      0      1       0
    4          1      1      2      0      0      1      1       1
    5          1      1      2      1      1      1      0       1
    6         18     14     14      9      8      2      2      10
    7         31     31     34     26     30      0      1      22
    8         45     35     41     31     33      1      1      27
    9         34     31     27     26     15     10      4      21
   10         16     15     19     17     11      6      1      12
   11         17     14     10      5     14      2      4       9
   12          9     15      8     13      9      3     12      10
   13         14     12     20     12     11      5     12      12
   14         10     18     17     15     12      6      4      12
   15         28     26     27     30     26      6      7      21
   16         42     44     31     23     27      3      5      25
   17         35     29     34     21     13      5      9      21
   18         35     26     23     26      9      4      3      18
   19         15     16     11     18     11      2      3      11
   20         14     12     11     12      8      1      7       9
   21         12     16     13     10      6      2      4       9
   22         11      5      5      3      4      0      1       4
   23          0      3      4      2      2      0      0       2
 
TOTALS
 
12HR 7-19    316    296    291    245    210     51     63     210
16HR 6-22    375    354    340    294    243     58     79     249
18HR 6-24    386    362    349    299    249     58     80     255
24HR 0-24    389    367    353    300    253     70     83     259
 
 
 
 
*LOCATION   : ............................................................
*SITE NUMBER: 11704420
*FILE NUMBER:        5
*INTERVAL   :   15 MIN
*BATTERY    :    6.5 V
*RESTARTS   :        0
*CONFIG     :       12
*CHANNEL    :  2 OF  2
 
             MON    TUE    WED    THU    FRI    SAT    SUN    7-DAY
DATE    05/11/28     29     30     01     02     03     04   AVERAGE
 
START HOUR
 
    0          1      -      -      -      -      -      -       -
    1          1      -      -      -      -      -      -       -
    2          0      -      -      -      -      -      -       -
    3          0      -      -      -      -      -      -       -
    4          0      -      -      -      -      -      -       -
    5          2      -      -      -      -      -      -       -
    6         15      -      -      -      -      -      -       -
    7         17      -      -      -      -      -      -       -
    8         17      -      -      -      -      -      -       -
    9         18      -      -      -      -      -      -       -
   10          9      -      -      -      -      -      -       -
   11          -      -      -      -      -      -      -       -
   12          -      -      -      -      -      -      -       -
   13          -      -      -      -      -      -      -       -
   14          -      -      -      -      -      -      -       -
   15          -      -      -      -      -      -      -       -
   16          -      -      -      -      -      -      -       -
   17          -      -      -      -      -      -      -       -
   18          -      -      -      -      -      -      -       -
   19          -      -      -      -      -      -      -       -
   20          -      -      -      -      -      -      -       -
   21          -      -      -      -      -      -      -       -
   22          -      -      -      -      -      -      -       -
   23          -      -      -      -      -      -      -       -
 
TOTALS
 
12HR 7-19      -      -      -      -      -      -      -       -
16HR 6-22      -      -      -      -      -      -      -       -
18HR 6-24      -      -      -      -      -      -      -       -
24HR 0-24      -      -      -      -      -      -      -       -
 
