 
 
 
*LOCATION   : ............................................................
*SITE NUMBER: 10303701
*FILE NUMBER:        4
*INTERVAL   :   15 MIN
*BATTERY    :    6.1 V
*RESTARTS   :        0
*CONFIG     :       12
*CHANNEL    :  1 OF  2
 
             MON    TUE    WED    THU    FRI    SAT    SUN    7-DAY
DATE    04/09/06     07     08     09     10     11     12   AVERAGE
 
START HOUR
 
    0          -      2      2      1      2      2      2       -
    1          -      1      0      0      0      3      1       -
    2          -      1      2      0      0      2      3       -
    3          -      2      0      2      2      3      1       -
    4          -      2      1      0      0      1      0       -
    5          -     14      9     11     10      2      4       -
    6          -     68     47     47     52     10      7       -
    7          -    148    118    108    100      8      4       -
    8          -    139     98    127    113     15     10       -
    9          -     69     39     33     37     22     10       -
   10          -     21     24     28     24     27     14       -
   11          -     32     15     13     24     36     26       -
   12          -     20     18     34     20     37     27       -
   13          -     19     26     21     21     50     18       -
   14         17     28     22     15     19     41     13      22
   15         40     28     27     38     48     29     10      31
   16         56     39     51     55     57     45     12      45
   17         36     31     38     32     25     38     20      31
   18         44     16     25     19     27     27     25      26
   19         39     18     19     14     19     16     22      21
   20         29     17     21     15     14     15      7      17
   21         13     10     13     10      4      9      5       9
   22          4      3      1      8      9      5      3       5
   23          2      4      2      1      1      3      1       2
 
TOTALS
 
12HR 7-19      -    590    501    523    515    375    189       -
16HR 6-22      -    703    601    609    604    425    230       -
18HR 6-24      -    710    604    618    614    433    234       -
24HR 0-24      -    732    618    632    628    446    245       -
 
 
 
 
*LOCATION   : ............................................................
*SITE NUMBER: 10303701
*FILE NUMBER:        4
*INTERVAL   :   15 MIN
*BATTERY    :    6.1 V
*RESTARTS   :        0
*CONFIG     :       12
*CHANNEL    :  1 OF  2
 
             MON    TUE    WED    THU    FRI    SAT    SUN    7-DAY
DATE    04/09/13     14     15     16     17     18     19   AVERAGE
 
START HOUR
 
    0          1      5      1      8      2      3      3       3
    1          9      3      0      0      2      0      3       2
    2          1      1      0      1      0      2      0       1
    3          0      2      1      2      2      2      0       1
    4          0      0      0      0      1      1      0       0
    5         34     12     17     12      9      1      0      12
    6        148     59     62     42     40      6      2      51
    7        388    145    135     96     96      5      3     124
    8        563    176    133    116    101      7      6     157
    9        464     53     49     40     28     12      2      93
   10        243     20     32     17     18      9      8      50
   11         72     21     16      8     22     14     12      24
   12        111     19     33     12     16     18     16      32
   13         63     12     24      8     25     19     22      25
   14         71     21     27     18     28     19     30      31
   15        151     24     37     20     21     12     29      42
   16        186     51     50     25     33      8     35      55
   17        142     33     41     21     22     12     29      43
   18         73     25     28     15     17     18     36      30
   19         59     25     25     13      5     12     20      23
   20         53     17     22      4     13      6     14      18
   21         30     11     16     11      9      5      6      13
   22         13      7      4      3      7      2      9       6
   23          3      4      2      1      6      0      1       2
 
TOTALS
 
12HR 7-19   2527    600    605    396    427    153    228     705
16HR 6-22   2817    712    730    466    494    182    270     810
18HR 6-24   2833    723    736    470    507    184    280     819
24HR 0-24   2878    746    755    493    523    193    286     839
 
 
 
 
*LOCATION   : ............................................................
*SITE NUMBER: 10303701
*FILE NUMBER:        4
*INTERVAL   :   15 MIN
*BATTERY    :    6.1 V
*RESTARTS   :        0
*CONFIG     :       12
*CHANNEL    :  1 OF  2
 
             MON    TUE    WED    THU    FRI    SAT    SUN    7-DAY
DATE    04/09/20     21     22     23     24     25     26   AVERAGE
 
START HOUR
 
    0          2      1      3      1      2      3      3       2
    1          0      0      0      2      0      3      1       1
    2          4      1      2      0      0      2      3       2
    3          0      1      1      0      1      1      1       1
    4          0      1      1      1      0      2      0       1
    5         11     12     13      9     13      1      1       9
    6         57     37     43     41     42      4      6      33
    7        115     74     94    111     90      4      4      70
    8        150     61    118     79     93      3      6      73
    9         63     17     44     20     28      3     18      28
   10         30      7     23     10     11     13     15      16
   11         30      7     10     14     16     12     24      16
   12         27      7     16     17     23     15     39      21
   13         21     22     10     20     23     22     38      22
   14         38     12     15     15     18     17     49      23
   15         36     15     35     27     31     12     50      29
   16         64     22     40     29     31     17     44      35
   17         38     25     24     20     19     15     31      25
   18         47     26     16     14     12     16     22      22
   19         29     12     10     12     12     11     13      14
   20         20      7      5     15     10      1     13      10
   21         14      4      6     11      9      1      1       7
   22          3      0      3      3      3      1      2       2
   23          1      1      2      4      2      0      4       2
 
TOTALS
 
12HR 7-19    659    295    445    376    395    149    340     380
16HR 6-22    779    355    509    455    468    166    373     444
18HR 6-24    783    356    514    462    473    167    379     448
24HR 0-24    800    372    534    475    489    179    388     462
 
 
 
 
*LOCATION   : ............................................................
*SITE NUMBER: 10303701
*FILE NUMBER:        4
*INTERVAL   :   15 MIN
*BATTERY    :    6.1 V
*RESTARTS   :        0
*CONFIG     :       12
*CHANNEL    :  1 OF  2
 
             MON    TUE    WED    THU    FRI    SAT    SUN    7-DAY
DATE    04/09/27     28     29     30     01     02     03   AVERAGE
 
START HOUR
 
    0          2      0      0      0      0      1      2       1
    1          1      0      1      0      1      2      1       1
    2          2      0      0      1      1      2      3       1
    3          0      1      2      2      1      1      0       1
    4          0      0      0      1      0      1      0       0
    5          7      8      8      8      9      1      2       6
    6         45     34     50     50     45      6      6      34
    7         74     78     93    112     96      4      5      66
    8         79     65    104     98     86     11      9      65
    9         37     14     34     47     27     10     11      26
   10         11     11     21     15     15     28     21      17
   11         10      9     25     32     26     17     21      20
   12          8      9     20     32     33     31     20      22
   13         13     12     13     30     39     44     17      24
   14          4     20     14     22     14     43     28      21
   15         12     18     21     36     35     30     16      24
   16         18     30     41     49     33     15     13      28
   17         14     20     32     22     29     18     22      22
   18          7     14     13     23     16     14     18      15
   19         13     11     20     16     16     15     10      14
   20          5     10      9     10      4      4     14       8
   21          6      7      9      6      8      6      8       7
   22          0      2      2      3      2      2      1       2
   23          1      1      1      2      6      2      1       2
 
TOTALS
 
12HR 7-19    287    300    431    518    449    265    201     350
16HR 6-22    356    362    519    600    522    296    239     413
18HR 6-24    357    365    522    605    530    300    241     417
24HR 0-24    369    374    533    617    542    308    249     427
 
 
 
 
*LOCATION   : ............................................................
*SITE NUMBER: 10303701
*FILE NUMBER:        4
*INTERVAL   :   15 MIN
*BATTERY    :    6.1 V
*RESTARTS   :        0
*CONFIG     :       12
*CHANNEL    :  1 OF  2
 
             MON    TUE    WED    THU    FRI    SAT    SUN    7-DAY
DATE    04/10/04     05     06     07     08     09     10   AVERAGE
 
START HOUR
 
    0          1      -      -      -      -      -      -       -
    1          1      -      -      -      -      -      -       -
    2          1      -      -      -      -      -      -       -
    3          0      -      -      -      -      -      -       -
    4          0      -      -      -      -      -      -       -
    5         10      -      -      -      -      -      -       -
    6         42      -      -      -      -      -      -       -
    7        100      -      -      -      -      -      -       -
    8         92      -      -      -      -      -      -       -
    9         37      -      -      -      -      -      -       -
   10         24      -      -      -      -      -      -       -
   11         32      -      -      -      -      -      -       -
   12         25      -      -      -      -      -      -       -
   13         21      -      -      -      -      -      -       -
   14          -      -      -      -      -      -      -       -
   15          -      -      -      -      -      -      -       -
   16          -      -      -      -      -      -      -       -
   17          -      -      -      -      -      -      -       -
   18          -      -      -      -      -      -      -       -
   19          -      -      -      -      -      -      -       -
   20          -      -      -      -      -      -      -       -
   21          -      -      -      -      -      -      -       -
   22          -      -      -      -      -      -      -       -
   23          -      -      -      -      -      -      -       -
 
TOTALS
 
12HR 7-19      -      -      -      -      -      -      -       -
16HR 6-22      -      -      -      -      -      -      -       -
18HR 6-24      -      -      -      -      -      -      -       -
24HR 0-24      -      -      -      -      -      -      -       -
 
 
 
 
*LOCATION   : ............................................................
*SITE NUMBER: 10303701
*FILE NUMBER:        4
*INTERVAL   :   15 MIN
*BATTERY    :    6.1 V
*RESTARTS   :        0
*CONFIG     :       12
*CHANNEL    :  2 OF  2
 
             MON    TUE    WED    THU    FRI    SAT    SUN    7-DAY
DATE    04/09/06     07     08     09     10     11     12   AVERAGE
 
START HOUR
 
    0          -      1      4     10      2      5      7       -
    1          -      6      0      1      0      3      2       -
    2          -      2      0      0      2      3      2       -
    3          -      0      0      0      2      1      1       -
    4          -      0      1      2      1      1      0       -
    5          -      3      5      2      2      6      2       -
    6          -     15      8     13     15      2      1       -
    7          -     38     33     23     24      4      0       -
    8          -     38     20     24     26      5      4       -
    9          -     13     10     13     12     20      9       -
   10          -     14     11     16      9     25     14       -
   11          -     19     17     14     12     26     21       -
   12          -     17     19     27     14     47     23       -
   13          -     28     17     25     23     37     25       -
   14         40     37     20     27     51     54     10      34
   15         79     86    368     74     91     47     12     108
   16        158    115    116    101    109     32     16      92
   17         76     78     68     81     60     36     19      60
   18         68     35     51     45     43     29     16      41
   19         48     39     40     28     25     20     20      31
   20         37     22     29     76     22     14     16      31
   21         16     15     12     13      9     12      8      12
   22          6      8     10      4      5      4      6       6
   23          4      2      2      4      5      1      3       3
 
TOTALS
 
12HR 7-19      -    518    750    470    474    362    169       -
16HR 6-22      -    609    839    600    545    410    214       -
18HR 6-24      -    619    851    608    555    415    223       -
24HR 0-24      -    631    861    623    564    434    237       -
 
 
 
 
*LOCATION   : ............................................................
*SITE NUMBER: 10303701
*FILE NUMBER:        4
*INTERVAL   :   15 MIN
*BATTERY    :    6.1 V
*RESTARTS   :        0
*CONFIG     :       12
*CHANNEL    :  2 OF  2
 
             MON    TUE    WED    THU    FRI    SAT    SUN    7-DAY
DATE    04/09/13     14     15     16     17     18     19   AVERAGE
 
START HOUR
 
    0          4      9      4      6      5      1      4       5
    1          2      2      0      2      1      3      2       2
    2          2      1      2      1      1      3      6       2
    3          0      1      0      1      0      1      1       1
    4          0      0      2      4      0      1      2       1
    5         10      5      5      4      5      2      8       6
    6         27     12     12      5      9      3      4      10
    7        125     32     35     26     23      1      2      35
    8        183     33     23     23     21      6      3      42
    9        206      8     10      9     13      6      2      36
   10        124     16     13      7     14     12      5      27
   11         32     15     14      9     13     10     10      15
   12         45      9     22      9     23     21     16      21
   13         44     13     18     12     29     18     16      21
   14        127     30     38     27     45     18     28      45
   15        280     82     77     67     71     13     30      89
   16        397    128    136     94     80     18     23     125
   17        274     98     84     60     49     10     28      86
   18        175     59     61     32     38     11     21      57
   19        117     32     41     15     18      8     20      36
   20         91     36     29     15     21      7     12      30
   21         66     19     18      5     12      4     11      19
   22         27      8     10      1      2      4      3       8
   23         10      2      2      2      7      0      3       4
 
TOTALS
 
12HR 7-19   2012    523    531    375    419    144    184     598
16HR 6-22   2313    622    631    415    479    166    231     694
18HR 6-24   2350    632    643    418    488    170    237     705
24HR 0-24   2368    650    656    436    500    181    260     722
 
 
 
 
*LOCATION   : ............................................................
*SITE NUMBER: 10303701
*FILE NUMBER:        4
*INTERVAL   :   15 MIN
*BATTERY    :    6.1 V
*RESTARTS   :        0
*CONFIG     :       12
*CHANNEL    :  2 OF  2
 
             MON    TUE    WED    THU    FRI    SAT    SUN    7-DAY
DATE    04/09/20     21     22     23     24     25     26   AVERAGE
 
START HOUR
 
    0          2      4      0      6      1      5      2       3
    1          2      0      1      2      2      2      5       2
    2          2      3      1      0      0      3      0       1
    3          1      1      0      0      2      0      2       1
    4          0      0      0      1      0      0      1       0
    5          4      5      4      3      3      5      2       4
    6         17      8     10      8      8      1      2       8
    7         26     15     23     16     26      1      0      15
    8         25      9     19     12     23      2      6      14
    9         19      4      9     11     14      7      8      10
   10         15      5      8      7      5      8     23      10
   11         20      4      5     12     11     13     25      13
   12         26      7     12     10     16      8     34      16
   13         22      5     10     19     16     16     49      20
   14         45     17     21     25     28     16     38      27
   15         86     48     61     61     67     20     52      56
   16        105     62     91     72     97     12     19      65
   17         87     36     54     67     58     12     26      49
   18         70     32     45     32     22     15     28      35
   19         56     37     25     25     20     13     10      27
   20         33     18     15     22     14      5     12      17
   21         17      6     15      7     12      6      8      10
   22         11      7      5      7      3      4      4       6
   23          3      1      0      2      2      3      3       2
 
TOTALS
 
12HR 7-19    546    244    358    344    383    130    308     330
16HR 6-22    669    313    423    406    437    155    340     392
18HR 6-24    683    321    428    415    442    162    347     400
24HR 0-24    694    334    434    427    450    177    359     411
 
 
 
 
*LOCATION   : ............................................................
*SITE NUMBER: 10303701
*FILE NUMBER:        4
*INTERVAL   :   15 MIN
*BATTERY    :    6.1 V
*RESTARTS   :        0
*CONFIG     :       12
*CHANNEL    :  2 OF  2
 
             MON    TUE    WED    THU    FRI    SAT    SUN    7-DAY
DATE    04/09/27     28     29     30     01     02     03   AVERAGE
 
START HOUR
 
    0          1      2      2      2      5      2      3       2
    1          1      0      2      1      1      9      5       3
    2          0      2      0      0      0      4      2       1
    3          1      0      0      0      1      2      1       1
    4          0      0      0      0      0      2      1       0
    5          3      2      2      5      3      1      2       3
    6          3      6      9      9     12      1      1       6
    7         15     20     19     24     21      3      5      15
    8         15     11     19     24     16      4      4      13
    9          6      4     13     15     15     13     10      11
   10          8      6     10     10      6     24     10      11
   11          4      4     13     18     13     20     15      12
   12         14     17     11     19     22     35     19      20
   13         13     17     21     17     24     38     20      21
   14         12     19     22     34     45     38     23      28
   15         49     42     68     79     81     35     11      52
   16         70     68     93     93     84     16     25      64
   17         43     43     58     66     50     20     22      43
   18         30     25     52     43     31     10     16      30
   19         19     27     28     19     19      7     13      19
   20         14     27     17     22     11     10      7      15
   21         12      8     19     16     16      4      8      12
   22          5      5     11      6      7      4      5       6
   23          4      3      1      2      4      2      3       3
 
TOTALS
 
12HR 7-19    279    276    399    442    408    256    180     320
16HR 6-22    327    344    472    508    466    278    209     372
18HR 6-24    336    352    484    516    477    284    217     381
24HR 0-24    342    358    490    524    487    304    231     391
 
 
 
 
*LOCATION   : ............................................................
*SITE NUMBER: 10303701
*FILE NUMBER:        4
*INTERVAL   :   15 MIN
*BATTERY    :    6.1 V
*RESTARTS   :        0
*CONFIG     :       12
*CHANNEL    :  2 OF  2
 
             MON    TUE    WED    THU    FRI    SAT    SUN    7-DAY
DATE    04/10/04     05     06     07     08     09     10   AVERAGE
 
START HOUR
 
    0          1      -      -      -      -      -      -       -
    1          2      -      -      -      -      -      -       -
    2          0      -      -      -      -      -      -       -
    3          0      -      -      -      -      -      -       -
    4          0      -      -      -      -      -      -       -
    5          3      -      -      -      -      -      -       -
    6         11      -      -      -      -      -      -       -
    7         23      -      -      -      -      -      -       -
    8         20      -      -      -      -      -      -       -
    9          6      -      -      -      -      -      -       -
   10         12      -      -      -      -      -      -       -
   11         22      -      -      -      -      -      -       -
   12         20      -      -      -      -      -      -       -
   13         16      -      -      -      -      -      -       -
   14          -      -      -      -      -      -      -       -
   15          -      -      -      -      -      -      -       -
   16          -      -      -      -      -      -      -       -
   17          -      -      -      -      -      -      -       -
   18          -      -      -      -      -      -      -       -
   19          -      -      -      -      -      -      -       -
   20          -      -      -      -      -      -      -       -
   21          -      -      -      -      -      -      -       -
   22          -      -      -      -      -      -      -       -
   23          -      -      -      -      -    