 
 
 
*LOCATION   : ............................................................
*SITE NUMBER: 10303623
*FILE NUMBER:        5
*INTERVAL   :   15 MIN
*BATTERY    :    6.9 V
*RESTARTS   :        0
*CONFIG     :        0
*CHANNEL    :  1 OF  1
 
             MON    TUE    WED    THU    FRI    SAT    SUN    7-DAY
DATE    09/08/31     01     02     03     04     05     06   AVERAGE
 
START HOUR
 
    0          -      1      6      5      4     11      9       -
    1          -      5      1     12      8      5      3       -
    2          -      0      4      4      4      5      4       -
    3          -      5      4      2      2      0      6       -
    4          -      6      3      4      1      5      6       -
    5          -     21     24     23     17      4      1       -
    6          -     83     90     88     40      6      7       -
    7          -    223    229    210     68     11      2       -
    8          -    229    261    184     54     24      7       -
    9          -     76    108     86     42     42     11       -
   10          -     41     49     36     25     37     25       -
   11          -     46     69     43     29     54     26       -
   12          -     41     66     60     42     76     36       -
   13         57     46     69     61     47     81     37      57
   14         79     61     92     79     50     79     42      69
   15        130    133    226    143     80     98     62     125
   16        240    238    254    210    105     63     50     166
   17        183    156    262    154     69     76     39     134
   18        125    111    125    112     68     51     25      88
   19         88     59    116     59     48     44     24      63
   20         73     68     59     67     52     34     33      55
   21         59     40     36     46     27     27     16      36
   22         18     21     11     35     21     17      4      18
   23          4     10     10     17     19     17      5      12
 
TOTALS
 
12HR 7-19      -   1401   1810   1378    679    692    362       -
16HR 6-22      -   1651   2111   1638    846    803    442       -
18HR 6-24      -   1682   2132   1690    886    837    451       -
24HR 0-24      -   1720   2174   1740    922    867    480       -
 
 
 
 
*LOCATION   : ............................................................
*SITE NUMBER: 10303623
*FILE NUMBER:        5
*INTERVAL   :   15 MIN
*BATTERY    :    6.9 V
*RESTARTS   :        0
*CONFIG     :        0
*CHANNEL    :  1 OF  1
 
             MON    TUE    WED    THU    FRI    SAT    SUN    7-DAY
DATE    09/09/07     08     09     10     11     12     13   AVERAGE
 
START HOUR
 
    0          5      4      7     10      6     11     11       8
    1          2      3      6      4      8     10      2       5
    2          1      0      1      0      2      2     10       2
    3          2      1      0      4      1      2      1       2
    4          3      3      4      3      6      4      3       4
    5         16     20     17     13     18      4      3      13
    6         93     89     77     87     64      6      5      60
    7        188    214    178    197    174     13     10     139
    8        217    238    235    224    196     19     10     163
    9        103    106    100     96     97     51     34      84
   10         39     39     50     44     42     46     39      43
   11         26     40     64     59     71     54     89      58
   12         33     59     64     64     72     84    112      70
   13         58     48     64     58     74     68    121      70
   14         67     73     76     78    108     88     87      82
   15        165    156    154    159    177     71     78     137
   16        211    212    246    247    225     39     89     181
   17        193    137    185    166    158     32    103     139
   18        160     94    144    125     86     30     88     104
   19        115     74    114    103     79     27     41      79
   20         88     65     81     73     68     18     46      63
   21         45     40     52     66     31     17     38      41
   22         23     12     24     17     20     14     22      19
   23         10      2      6      7     18      8     11       9
 
TOTALS
 
12HR 7-19   1460   1416   1560   1517   1480    595    860    1270
16HR 6-22   1801   1684   1884   1846   1722    663    990    1513
18HR 6-24   1834   1698   1914   1870   1760    685   1023    1541
24HR 0-24   1863   1729   1949   1904   1801    718   1053    1574
 
 
 
 
*LOCATION   : ............................................................
*SITE NUMBER: 10303623
*FILE NUMBER:        5
*INTERVAL   :   15 MIN
*BATTERY    :    6.9 V
*RESTARTS   :        0
*CONFIG     :        0
*CHANNEL    :  1 OF  1
 
             MON    TUE    WED    THU    FRI    SAT    SUN    7-DAY
DATE    09/09/14     15     16     17     18     19     20   AVERAGE
 
START HOUR
 
    0          5      2      7      3      3      6      6       5
    1          3      2      3      2      7     14     11       6
    2          2      1      2      1      2      6      4       3
    3          2      3      2      0      0      5      7       3
    4          3      0      4      3      8      5      6       4
    5         18     19     21     12     14      4      4      13
    6         87     85     73     71     63     15      8      57
    7        215    229    177    165    149      6     10     136
    8        239    261    206    180    159     18     20     155
    9         97     97     32     94     80     34     29      66
   10         46     50     21     37     35     42     43      39
   11         39     63     22     58     36     45     79      49
   12         37     70     25     51     51     72    126      62
   13         57     72     38     52     61     76    123      68
   14         82    122     57     82     69     60    115      84
   15        175    182    111    151    138     72     92     132
   16        270    271    191    183    188     62    123     184
   17        205    209    127    148    101     44     81     131
   18        122    144     81    102     70     36     65      89
   19         89    101     68     76     49     45     64      70
   20         59    100     47     60     36     32     31      52
   21         49     54     22     31     15     31     25      32
   22         20     14     13     20     15     13     16      16
   23         12     15      7     10      7      6     11      10
 
TOTALS
 
12HR 7-19   1584   1770   1088   1303   1137    567    906    1194
16HR 6-22   1868   2110   1298   1541   1300    690   1034    1406
18HR 6-24   1900   2139   1318   1571   1322    709   1061    1431
24HR 0-24   1933   2166   1357   1592   1356    749   1099    1465
 
 
 
 
*LOCATION   : ............................................................
*SITE NUMBER: 10303623
*FILE NUMBER:        5
*INTERVAL   :   15 MIN
*BATTERY    :    6.9 V
*RESTARTS   :        0
*CONFIG     :        0
*CHANNEL    :  1 OF  1
 
             MON    TUE    WED    THU    FRI    SAT    SUN    7-DAY
DATE    09/09/21     22     23     24     25     26     27   AVERAGE
 
START HOUR
 
    0          2      5      4      6      8      3     10       5
    1          1      2      4      8      2      8      4       4
    2          2      1      0      2      2      4      3       2
    3          3      2      2      0      2      3      5       2
    4          0      2      1      1      1      1      1       1
    5         14     11     12     11     11      5      1       9
    6         60     67     65     61     56      5      7      46
    7        152    185    151    146    148     15     10     115
    8        161    203    188    181    151     18     13     131
    9         84     73     76     70     65     34     18      60
   10         42     49     50     42     43     35     15      39
   11         38     37     54     31     36     43     44      40
   12         42     51     57     43     50     51     58      50
   13         43     50     72     42     42     66     62      54
   14         63     78     59     71     62     76     41      64
   15        126    133    110    133    113     67     60     106
   16        200    217    162    176    148     51     34     141
   17        142    131    138    132     90     48     41     103
   18        103     95     85    102     63     43     32      75
   19         68     58     78     79     41     30     34      55
   20         56     43     63     44     30     30     26      42
   21         28     21     35     44     16     23     18      26
   22         17     14     21     12     18     11     11      15
   23          7      5      6      8     10     15      3       8
 
TOTALS
 
12HR 7-19   1196   1302   1202   1169   1011    547    428     979
16HR 6-22   1408   1491   1443   1397   1154    635    513    1149
18HR 6-24   1432   1510   1470   1417   1182    661    527    1171
24HR 0-24   1454   1533   1493   1445   1208    685    551    1196
 
 
 
 
*LOCATION   : ............................................................
*SITE NUMBER: 10303623
*FILE NUMBER:        5
*INTERVAL   :   15 MIN
*BATTERY    :    6.9 V
*RESTARTS   :        0
*CONFIG     :        0
*CHANNEL    :  1 OF  1
 
             MON    TUE    WED    THU    FRI    SAT    SUN    7-DAY
DATE    09/09/28     29     30     01     02     03     04   AVERAGE
 
START HOUR
 
    0          3      9      2      3      4      8      6       5
    1          1      4      2      1      1      5      0       2
    2          1      1      2      1      0      4      1       1
    3          4      5      1      2      1      1      1       2
    4          0      3      1      3      2      1      4       2
    5         11     19     19     12     11      4      0      11
    6         45     62     60     55     44      8      3      40
    7        119    165    132    108     99      7      3      90
    8        173    164    155    119    102     15      5     105
    9         73     72     66     53     50     28     10      50
   10         27     33     36     28     41     22      9      28
   11         37     42     40     42     33     44      6      35
   12         31     39     53     47     34     48     13      38
   13         47     42     48     36     35     70      5      40
   14         62     56     50     55     50     51     17      49
   15        100     99    100     92     77     47      8      75
   16        163    154    159    135    137     42     11     114
   17        127    130    126    115     73     34      7      87
   18        112     74     75     71     47     35      7      60
   19         70     47     52     49     28     15      6      38
   20         57     53     44     46     24     12      8      35
   21         27     29     33     36     23     11      3      23
   22         13     10     16      9     12      9      2      10
   23          6      4      2     10     14      5      2       6
 
TOTALS
 
12HR 7-19   1071   1070   1040    901    778    443    101     772
16HR 6-22   1270   1261   1229   1087    897    489    121     908
18HR 6-24   1289   1275   1247   1106    923    503    125     924
24HR 0-24   1309   1316   1274   1128    942    526    137     947
 
 
 
 
*LOCATION   : ............................................................
*SITE NUMBER: 10303623
*FILE NUMBER:        5
*INTERVAL   :   15 MIN
*BATTERY    :    6.9 V
*RESTARTS   :        0
*CONFIG     :        0
*CHANNEL    :  1 OF  1
 
             MON    TUE    WED    THU    FRI    SAT    SUN    7-DAY
DATE    09/10/05     06     07     08     09     10     11   AVERAGE
 
START HOUR
 
    0          3      1      -      -      -      -      -       -
    1          0      3      -      -      -      -      -       -
    2          1      0      -      -      -      -      -       -
    3          1      0      -      -      -      -      -       -
    4          3      2      -      -      -      -      -       -
    5         11     14      -      -      -      -      -       -
    6         48     49      -      -      -      -      -       -
    7         64    114      -      -      -      -      -       -
    8        118    139      -      -      -      -      -       -
    9         31     61      -      -      -      -      -       -
   10         16     36      -      -      -      -      -       -
   11         10     31      -      -      -      -      -       -
   12         29     50      -      -      -      -      -       -
   13         25      -      -      -      -      -      -       -
   14         26      -      -      -      -      -      -       -
   15         72      -      -      -      -      -      -       -
   16        103      -      -      -      -      -      -       -
   17         69      -      -      -      -      -      -       -
   18         53      -      -      -      -      -      -       -
   19         38      -      -      -      -      -      -       -
   20         36      -      -      -      -      -      -       -
   21         23      -      -      -      -      -      -       -
   22          5      -      -      -      -      -      -       -
   23          4      -      -      -      -      -      -       -
 
TOTALS
 
12HR 7-19    616      -      -      -      -      -      -       -
16HR 6-22    761      -      -      -      -      -      -       -
18HR 6-24    770      -      -      -      -      -      -       -
24HR 0-24    789      -      -      -      -      -      -       -
 
