 
 
 
*LOCATION   : ............................................................
*SITE NUMBER: 11501428
*FILE NUMBER:        9
*INTERVAL   :   15 MIN
*BATTERY    :    6.5 V
*RESTARTS   :        0
*CONFIG     :        0
*CHANNEL    :  1 OF  1
 
             MON    TUE    WED    THU    FRI    SAT    SUN    7-DAY
DATE    07/04/02     03     04     05     06     07     08   AVERAGE
 
START HOUR
 
    0          -      1      2      2      1      4      4       -
    1          -      2      2      3      8      2      7       -
    2          -      1      1      1      4      1      4       -
    3          -      2      1      1      5      3      3       -
    4          -      2      1      0      0      0      3       -
    5          -      8      5      5      3      2      5       -
    6          -     25     17     15      2      3      1       -
    7          -     68     47     35      3      5      1       -
    8          -     87     68     65      2      5      3       -
    9          -     69     45     40      6     11      6       -
   10         59     58     42     51     16     18     13      37
   11         48     61     44     38     15     24     16      35
   12         57     47     39     46      5     29     15      34
   13         54     47     49     44     17     23     15      36
   14         64     53     60     60     25     22     23      44
   15         96     83     54     59     15     24     27      51
   16        130    102     79     54     18     12     12      58
   17        147     88     85     60     11     11     22      61
   18         95     61     54     38     15      4     12      40
   19         61     42     34     12     18     10     14      27
   20         45     30     24     17      8     10     13      21
   21         21     22     22     10     16     18      8      17
   22         12     12     13      7      3      8      6       9
   23          7      9     10      5      2      8      6       7
 
TOTALS
 
12HR 7-19      -    824    666    590    148    188    165       -
16HR 6-22      -    943    763    644    192    229    201       -
18HR 6-24      -    964    786    656    197    245    213       -
24HR 0-24      -    980    798    668    218    257    239       -
 
 
 
 
*LOCATION   : ............................................................
*SITE NUMBER: 11501428
*FILE NUMBER:        9
*INTERVAL   :   15 MIN
*BATTERY    :    6.5 V
*RESTARTS   :        0
*CONFIG     :        0
*CHANNEL    :  1 OF  1
 
             MON    TUE    WED    THU    FRI    SAT    SUN    7-DAY
DATE    07/04/09     10     11     12     13     14     15   AVERAGE
 
START HOUR
 
    0          2      4      2      8      5     12     15       7
    1          1      0      7      4      2      7     15       5
    2          1      1      0      2      1      9      8       3
    3          2      2      3      1      1     10     16       5
    4          1      1      0      2      0      6      3       2
    5          1      8      8      6      5      4      4       5
    6          3     22     16     28     14      7      6      14
    7          2     64     53     80     81     12      3      42
    8          6    109    101    111    121     25      8      69
    9         11     67     59    101     89     47     24      57
   10         35     54     59     63     66     64     21      52
   11         20     61     34     65     53     60     54      50
   12         35     52     50     48     62     85     62      56
   13         38     51     53     82     62    109     72      67
   14         30     62     62     71     85     98     88      71
   15         38     91    101     82    100     79     88      83
   16         48    146     90    125    141     80     75     101
   17         37    126     95    112    100     67     58      85
   18         33     94     71     80     68     50     55      64
   19         32     50     49     70     46     40     52      48
   20         19     24     39     43     40     30     44      34
   21         11     21     22     42     18     22     31      24
   22          6     19     11     19     23     31     10      17
   23          2      5     13     19     20     12     10      12
 
TOTALS
 
12HR 7-19    333    977    828   1020   1028    776    608     796
16HR 6-22    398   1094    954   1203   1146    875    741     916
18HR 6-24    406   1118    978   1241   1189    918    761     944
24HR 0-24    414   1134    998   1264   1203    966    822     972
 
 
 
 
*LOCATION   : ............................................................
*SITE NUMBER: 11501428
*FILE NUMBER:        9
*INTERVAL   :   15 MIN
*BATTERY    :    6.5 V
*RESTARTS   :        0
*CONFIG     :        0
*CHANNEL    :  1 OF  1
 
             MON    TUE    WED    THU    FRI    SAT    SUN    7-DAY
DATE    07/04/16     17     18     19     20     21     22   AVERAGE
 
START HOUR
 
    0          6      6      4      5      4     10      7       6
    1          0      2      3      4      2      4      5       3
    2          2      2      4      3      1      4      9       4
    3          1      2      2      3      1      3      5       2
    4          0      0      2      4      0      1     10       2
    5          9      5      4      6      6      0      3       5
    6         30     29     25     37     21      3      2      21
    7         93    103     76     74     45      5     10      58
    8        177    165    137    124     71      8     10      99
    9        113    117    105     95     67     15     18      76
   10         67     80     60     75     39     19     23      52
   11         80     68     68     74     32     25     38      55
   12         87     61     69     67     54     31     57      61
   13         65     80     64     60     48     39     57      59
   14         84     86     64     82     61     37     47      66
   15        123    104     95    122     89     30     60      89
   16        209    155    118    145     78     17     59     112
   17        175    143    133     90     62     20     71      99
   18        141    121     85     64     52     13     53      76
   19         91     73     65     40     34     12     40      51
   20         71     64     48     29     26     13     35      41
   21         37     44     32     16     16     14     18      25
   22         14     19     21     12      9      9     18      15
   23         11     12     10      1      5      8      7       8
 
TOTALS
 
12HR 7-19   1414   1283   1074   1072    698    259    503     900
16HR 6-22   1643   1493   1244   1194    795    301    598    1038
18HR 6-24   1668   1524   1275   1207    809    318    623    1061
24HR 0-24   1686   1541   1294   1232    823    340    662    1083
 
 
 
 
*LOCATION   : ............................................................
*SITE NUMBER: 11501428
*FILE NUMBER:        9
*INTERVAL   :   15 MIN
*BATTERY    :    6.5 V
*RESTARTS   :        0
*CONFIG     :        0
*CHANNEL    :  1 OF  1
 
             MON    TUE    WED    THU    FRI    SAT    SUN    7-DAY
DATE    07/04/23     24     25     26     27     28     29   AVERAGE
 
START HOUR
 
    0          3      3      9      6      8      9     10       7
    1          3      2      2      0      5     13     10       5
    2          0      1      2      3      4      6      6       3
    3          1      0      2      2      4      7      5       3
    4          2      2      3      2      3      3      3       3
    5          8      6     10      5      7      4      3       6
    6         34     26     37     28     25      4      5      23
    7         54     76    101     80     94     11      3      60
    8        131    143    163    135    150     13      6     106
    9         74     79    125     93    108     27     19      75
   10         35     60     58     84     81     34     28      54
   11         37     71     65     81     85     76     28      63
   12         19     55     69     84    111     67     43      64
   13         32     54     77     75     85     72     74      67
   14         28     64     71     80    101     51     68      66
   15         60    120    101    118    130     39     50      88
   16         79    147    109    174    154     44     41     107
   17         72    121    105    125    113     31     31      85
   18         36    101     78    119     82     25     33      68
   19         27     62     40     74     62     17     29      44
   20         17     50     50     63     49     18     38      41
   21         12     27     35     50     38      9     21      27
   22          6     14     12     21     21     20     11      15
   23          5     14      9     12     15      7      9      10
 
TOTALS
 
12HR 7-19    657   1091   1122   1248   1294    490    424     904
16HR 6-22    747   1256   1284   1463   1468    538    517    1039
18HR 6-24    758   1284   1305   1496   1504    565    537    1064
24HR 0-24    775   1298   1333   1514   1535    607    574    1091
 
 
 
 
*LOCATION   : ............................................................
*SITE NUMBER: 11501428
*FILE NUMBER:        9
*INTERVAL   :   15 MIN
*BATTERY    :    6.5 V
*RESTARTS   :        0
*CONFIG     :        0
*CHANNEL    :  1 OF  1
 
             MON    TUE    WED    THU    FRI    SAT    SUN    7-DAY
DATE    07/04/30     01     02     03     04     05     06   AVERAGE
 
START HOUR
 
    0          0      5      7      4      -      -      -       -
    1          2      7      3      2      -      -      -       -
    2          1      7      0      1      -      -      -       -
    3          0      6      5      1      -      -      -       -
    4          3      4      0      1      -      -      -       -
    5          6      6      8      8      -      -      -       -
    6         19      6     28     26      -      -      -       -
    7         58      5     71     76      -      -      -       -
    8         87     10    113    156      -      -      -       -
    9         73     23     90      -      -      -      -       -
   10         69     17     43      -      -      -      -       -
   11         54     43     40      -      -      -      -       -
   12         62     46     27      -      -      -      -       -
   13         84     62     49      -      -      -      -       -
   14         92     60     34      -      -      -      -       -
   15         99     49     75      -      -      -      -       -
   16         91     55    106      -      -      -      -       -
   17         50     43     75      -      -      -      -       -
   18         37     48     49      -      -      -      -       -
   19         26     29     31      -      -      -      -       -
   20         30     19     25      -      -      -      -       -
   21         12     15     19      -      -      -      -       -
   22         13     12     11      -      -      -      -       -
   23         12      7      7      -      -      -      -       -
 
TOTALS
 
12HR 7-19    856    461    772      -      -      -      -       -
16HR 6-22    943    530    875      -      -      -      -       -
18HR 6-24    968    549    893      -      -      -      -       -
24HR 0-24    980    584    916      -      -      -      -       -
 
