 
 
 
*LOCATION   : ............................................................
*SITE NUMBER: 11802213
*FILE NUMBER:        1
*INTERVAL   :   15 MIN
*BATTERY    :    6.5 V
*RESTARTS   :        0
*CONFIG     :        0
*CHANNEL    :  1 OF  1
 
             WED    THU    FRI    SAT    SUN    MON    TUE    7-DAY
DATE    06/05/31     01     02     03     04     05     06   AVERAGE
 
START HOUR
 
    0          -      0      1      3      1      2      2       -
    1          -      2      0      0      1      1      1       -
    2          -      2      0      1      3      0      1       -
    3          -      2      1      4      1      1      3       -
    4          -      4      1      1      0      7      0       -
    5          -     12     13      2      1     12     17       -
    6          -     44     57     10      8     63     70       -
    7          -     71    109      8     15    133    106       -
    8          -     39     54     25     16     55     51       -
    9          -     37     39     22     37     50     34       -
   10          -     40     56     27     54     68     50       -
   11          -     47     55     22     59     60     47       -
   12          -     59     61     15     93     68     56       -
   13          -     51     58     19    105     72     43       -
   14          -     50     66      6    121     86     52       -
   15         96     53     98      9    126    117    100      86
   16        125     72     95      8    103    144    129      97
   17        123     66     82     13     51    105     77      74
   18        108     63     80      7     92    114     84      78
   19         73     56     60      6     79     66     56      57
   20         60     36     43     12     47     65     53      45
   21         43     23     18      8     21     32     36      26
   22         18     13     14      1     16     24     19      15
   23          6      7     11      2      9     13      5       8
 
TOTALS
 
12HR 7-19      -    648    853    181    872   1072    829       -
16HR 6-22      -    807   1031    217   1027   1298   1044       -
18HR 6-24      -    827   1056    220   1052   1335   1068       -
24HR 0-24      -    849   1072    231   1059   1358   1092       -
 
 
 
 
*LOCATION   : ............................................................
*SITE NUMBER: 11802213
*FILE NUMBER:        1
*INTERVAL   :   15 MIN
*BATTERY    :    6.5 V
*RESTARTS   :        0
*CONFIG     :        0
*CHANNEL    :  1 OF  1
 
             WED    THU    FRI    SAT    SUN    MON    TUE    7-DAY
DATE    06/06/07     08     09     10     11     12     13   AVERAGE
 
START HOUR
 
    0          1      2      5      7      1      1      2       3
    1          3      5      1      8      2      0      0       3
    2          3      1      4      1      3      0      3       2
    3          3      6      0      2      0      1      2       2
    4          4      0      1      3      1      4      5       3
    5         15     11     12      1      2     15     19      11
    6         62     46     68      3      7     87     75      50
    7        110     77    100     24     15    128    134      84
    8         60     45     48     25     24     64     81      50
    9         39     48     53     58     58     45     57      51
   10         45     30     44     66     83     47     52      52
   11         36     55     35     70     99     47     76      60
   12         53     54     42     80    125     70     85      73
   13         48     44     63     87     98     71    106      74
   14         67     69     91     92     59     72     86      77
   15         79     68     83     82     91    148    127      97
   16        133    106    110     82     77    157    176     120
   17        106     95     74     60     75    145    143     100
   18         86     79     67     79     81    109    146      92
   19         55     99     49     56     80     98    147      83
   20         49     59     27     49     60    100    102      64
   21         36     34     24     29     51     49     68      42
   22          9     18     14     15     16     25     19      17
   23          8     11     12     10      8      8      9       9
 
TOTALS
 
12HR 7-19    862    770    810    805    885   1103   1269     929
16HR 6-22   1064   1008    978    942   1083   1437   1661    1168
18HR 6-24   1081   1037   1004    967   1107   1470   1689    1194
24HR 0-24   1110   1062   1027    989   1116   1491   1720    1216
 
 
 
 
*LOCATION   : ............................................................
*SITE NUMBER: 11802213
*FILE NUMBER:        1
*INTERVAL   :   15 MIN
*BATTERY    :    6.5 V
*RESTARTS   :        0
*CONFIG     :        0
*CHANNEL    :  1 OF  1
 
             WED    THU    FRI    SAT    SUN    MON    TUE    7-DAY
DATE    06/06/14     15     16     17     18     19     20   AVERAGE
 
START HOUR
 
    0          8      0      2      8     10      3      5       5
    1          1      4      2      1      3      2      0       2
    2          3      2      6      4      2      0      2       3
    3          2      4      1      3      1      3      3       2
    4          1      2      5      6      2      3      3       3
    5         17     22     12      6      4     18     25      15
    6         74     77     75      8      3     75     94      58
    7        126    109    112     18      9    110    114      85
    8         58     70     54     25     20     59     52      48
    9         61     43     56     40     46     66     57      53
   10         49     29     42     63     84     61     44      53
   11         65     52     58     89     96     73     71      72
   12         89     63     48     75    136     57     88      79
   13         68     74     85     98    120     76     90      87
   14         73     80     85    104    111    125     99      97
   15        118    131    123     68    115    121    134     116
   16        153    150    134     74    106    152    156     132
   17        127    124     90     73    127    131    112     112
   18        104    103     72     79    117    144    111     104
   19         74    105     53     82     81    114    109      88
   20         66     60     50     45     64    106     96      70
   21         47     33     32     24     48     53     70      44
   22         22     14     27     13     27     26     37      24
   23          8      9     16      8      9     11      8      10
 
TOTALS
 
12HR 7-19   1091   1028    959    806   1087   1175   1128    1039
16HR 6-22   1352   1303   1169    965   1283   1523   1497    1299
18HR 6-24   1382   1326   1212    986   1319   1560   1542    1332
24HR 0-24   1414   1360   1240   1014   1341   1589   1580    1363
 
 
 
 
*LOCATION   : ............................................................
*SITE NUMBER: 11802213
*FILE NUMBER:        1
*INTERVAL   :   15 MIN
*BATTERY    :    6.5 V
*RESTARTS   :        0
*CONFIG     :        0
*CHANNEL    :  1 OF  1
 
             WED    THU    FRI    SAT    SUN    MON    TUE    7-DAY
DATE    06/06/21     22     23     24     25     26     27   AVERAGE
 
START HOUR
 
    0          3      5      1     10      3      5      2       4
    1          3      2      3      6      3      5      7       4
    2          1      0      0      2      3      1      0       1
    3          5      2      3      0      1      1      1       2
    4          1      0      1      0      0      1      1       1
    5         12     14      1      1      5     14      7       8
    6         70     52      5      8      2     67     35      34
    7        102     69      3     13     13    112     52      52
    8         71     26     13     15     26     60     28      34
    9         45     29     23     25     38     33     26      31
   10         52     25     36     45     74     29     24      41
   11         56     44     52     58     53     43     30      48
   12         78     34     32     60     85     49     29      52
   13         79     59     26     92     95     64     36      64
   14         77     94     42     77     88     63     53      71
   15        142     61     57     74     64     96     63      80
   16        147     77     29     62     60    159     79      88
   17        114     59     22     69     64    106     73      72
   18         99     58     32     49     56     80     55      61
   19         98     72     31     44     71     93     51      66
   20         81     49     31     53     31     92     41      54
   21         67     21     22     33     28     55     32      37
   22         32     18     23     18     19     20     14      21
   23         15      6     11      0      4      7      7       7
 
TOTALS
 
12HR 7-19   1062    635    367    639    716    894    548     694
16HR 6-22   1378    829    456    777    848   1201    707     885
18HR 6-24   1425    853    490    795    871   1228    728     913
24HR 0-24   1450    876    499    814    886   1255    746     932
 
 
 
 
*LOCATION   : ............................................................
*SITE NUMBER: 11802213
*FILE NUMBER:        1
*INTERVAL   :   15 MIN
*BATTERY    :    6.5 V
*RESTARTS   :        0
*CONFIG     :        0
*CHANNEL    :  1 OF  1
 
             WED    THU    FRI    SAT    SUN    MON    TUE    7-DAY
DATE    06/06/28     29     30     01     02     03     04   AVERAGE
 
START HOUR
 
    0          2      2      -      -      -      -      -       -
    1          2      0      -      -      -      -      -       -
    2          1      2      -      -      -      -      -       -
    3          0      1      -      -      -      -      -       -
    4          2      2      -      -      -      -      -       -
    5         20     20      -      -      -      -      -       -
    6         51     70      -      -      -      -      -       -
    7         90     95      -      -      -      -      -       -
    8         49     56      -      -      -      -      -       -
    9         37     47      -      -      -      -      -       -
   10         25      -      -      -      -      -      -       -
   11         37      -      -      -      -      -      -       -
   12         54      -      -      -      -      -      -       -
   13         43      -      -      -      -      -      -       -
   14         53      -      -      -      -      -      -       -
   15         73      -      -      -      -      -      -       -
   16        112      -      -      -      -      -      -       -
   17         96      -      -      -      -      -      -       -
   18         59      -      -      -      -      -      -       -
   19         86      -      -      -      -      -      -       -
   20         71      -      -      -      -      -      -       -
   21         54      -      -      -      -      -      -       -
   22         24      -      -      -      -      -      -       -
   23          3      -      -      -      -      -      -       -
 
TOTALS
 
12HR 7-19    728      -      -      -      -      -      -       -
16HR 6-22    990      -      -      -      -      -      -       -
18HR 6-24   1017      -      -      -      -      -      -       -
24HR 0-24   1044      -      -      -      -      -      -       -
 
