 
 
 
*LOCATION   : ............................................................
*SITE NUMBER: 12002216
*FILE NUMBER:        6
*INTERVAL   :   15 MIN
*BATTERY    :    6.2 V
*RESTARTS   :        0
*CONFIG     :        0
*CHANNEL    :  1 OF  1
 
             WED    THU    FRI    SAT    SUN    MON    TUE    7-DAY
DATE    06/05/31     01     02     03     04     05     06   AVERAGE
 
START HOUR
 
    0          -      5      2     15      1      4      4       -
    1          -      0      3      3      0      1      1       -
    2          -      1      1      2      1      1      1       -
    3          -      1      3      1      1      0      0       -
    4          -      2      1      1      2      2      2       -
    5          -      4      8      2      1      5      9       -
    6          -     42     59      7      2     64     66       -
    7          -    129    132     15     10    196    203       -
    8          -    130    145     17      7    177    186       -
    9          -     68     68     16     15     73     82       -
   10          -     36     45     19     34     45     40       -
   11          -     45     47     21     41     50     46       -
   12          -     47     63     11     69     63     53       -
   13         59     35     59     10     66     48     42      46
   14         55     43     80      6     75     72     71      57
   15        111     90    106     10     90    126    128      94
   16        173    121    151      7     64    198    190     129
   17        131    113    127      5     48    153    152     104
   18        110     83     87      3     66    116     92      80
   19         93     75     58     10     47    113     94      70
   20         80     56     49      8     47     71     56      52
   21         51     37     28      8     21     41     27      30
   22         19     10     18      4      7     15     10      12
   23          6      1      6      2      6      8      4       5
 
TOTALS
 
12HR 7-19      -    940   1110    140    585   1317   1285       -
16HR 6-22      -   1150   1304    173    702   1606   1528       -
18HR 6-24      -   1161   1328    179    715   1629   1542       -
24HR 0-24      -   1174   1346    203    721   1642   1559       -
 
 
 
 
*LOCATION   : ............................................................
*SITE NUMBER: 12002216
*FILE NUMBER:        6
*INTERVAL   :   15 MIN
*BATTERY    :    6.2 V
*RESTARTS   :        0
*CONFIG     :        0
*CHANNEL    :  1 OF  1
 
             WED    THU    FRI    SAT    SUN    MON    TUE    7-DAY
DATE    06/06/07     08     09     10     11     12     13   AVERAGE
 
START HOUR
 
    0          3      2      1      4      5      4      6       4
    1          0      1      2      4      2      2      1       2
    2          0      0      1      4      2      1      0       1
    3          1      0      0      5      2      1      2       2
    4          1      2      3      1      1      2      2       2
    5          9      4      7      3      3     12      8       7
    6         61     38     46      7      4     69     73      43
    7        175    145    158     20     10    205    232     135
    8        161    131    120     27     20    203    199     123
    9         72     71     74     30     27     81     84      63
   10         36     39     43     44     58     61     69      50
   11         38     40     54     68     90     71     60      60
   12         44     54     45     89    107     68     70      68
   13         46     45     75     90    108     63     74      72
   14         48     52     79     94    105     89    130      85
   15        112     94    112     87     99    162    178     121
   16        167    142    149     75     52    221    223     147
   17        113    121    115     59     73    208    187     125
   18        111    115     72     48     63    160    169     105
   19         70     70     48     32     53    131    124      75
   20         65     48     29     34     51     81     99      58
   21         37     40     31     21     46     94     64      48
   22         23     17     12     14     12     25     27      19
   23          4      5      5      5      5      6      9       6
 
TOTALS
 
12HR 7-19   1123   1049   1096    731    812   1592   1675    1154
16HR 6-22   1356   1245   1250    825    966   1967   2035    1378
18HR 6-24   1383   1267   1267    844    983   1998   2071    1402
24HR 0-24   1397   1276   1281    865    998   2020   2090    1418
 
 
 
 
*LOCATION   : ............................................................
*SITE NUMBER: 12002216
*FILE NUMBER:        6
*INTERVAL   :   15 MIN
*BATTERY    :    6.2 V
*RESTARTS   :        0
*CONFIG     :        0
*CHANNEL    :  1 OF  1
 
             WED    THU    FRI    SAT    SUN    MON    TUE    7-DAY
DATE    06/06/14     15     16     17     18     19     20   AVERAGE
 
START HOUR
 
    0          6      5      5      6      2      5      5       5
    1          5      4      4      2      8      4      1       4
    2          1      4      5      5      3      2      0       3
    3          1      0      1      4      4      0      2       2
    4          4      5      4      2      1      2      2       3
    5         11      7      6      4      1     11      9       7
    6         76     84     73      6      2     58     73      53
    7        204    167    160     26     15    192    219     140
    8        198    191    154     21     13    187    194     137
    9         79     78     89     49     24    105     89      73
   10         67     57     46     82     66     67     59      63
   11         58     51     56     74     74     70     73      65
   12         65     57     62     84    106     64     68      72
   13         77     52     65     88    101     72     82      77
   14         78     97     89     99    110     77     95      92
   15        153    123    116     85     89    137    149     122
   16        201    185    145     65     96    228    181     157
   17        191    142    130     85     72    196    181     142
   18        129     98     76     49     80    169    136     105
   19         96     95     61     58     66    107    126      87
   20         66     56     37     45     53     86    102      64
   21         51     37     31     32     42     58     66      45
   22         21     16      6     15     10     21     36      18
   23         10     10      8      6      2     13      9       8
 
TOTALS
 
12HR 7-19   1500   1298   1188    807    846   1564   1526    1247
16HR 6-22   1789   1570   1390    948   1009   1873   1893    1496
18HR 6-24   1820   1596   1404    969   1021   1907   1938    1522
24HR 0-24   1848   1621   1429    992   1040   1931   1957    1545
 
 
 
 
*LOCATION   : ............................................................
*SITE NUMBER: 12002216
*FILE NUMBER:        6
*INTERVAL   :   15 MIN
*BATTERY    :    6.2 V
*RESTARTS   :        0
*CONFIG     :        0
*CHANNEL    :  1 OF  1
 
             WED    THU    FRI    SAT    SUN    MON    TUE    7-DAY
DATE    06/06/21     22     23     24     25     26     27   AVERAGE
 
START HOUR
 
    0          9      8      2      7      1      6      4       5
    1          2      3      3      1      2      2      0       2
    2          0      1      0      0      1      1      0       0
    3          2      2      1      6      0      1      0       2
    4          2      3      3      0      3      0      2       2
    5          7      5      2      0      2      4      3       3
    6         64     40      4      3      3     53     24      27
    7        181    117     11      3      7    149     65      76
    8        188     69     18      9     20    165     60      76
    9         95     32     23     17     19     57     33      39
   10         71     28     35     24     26     49     15      35
   11         58     31     31     46     55     47     23      42
   12         81     48     23     44     56     49     11      45
   13         72     53     30     57     57     44     24      48
   14         65     62     30     46     62     66     27      51
   15        118     98     27     50     52    112     56      73
   16        180     90     18     37     53    168     92      91
   17        141     71     37     52     61    162     96      89
   18        128     40     16     26     40    101     61      59
   19        101     53     13     20     33    103     57      54
   20         69     37     12     27     28     68     34      39
   21         44     31     13     12     24     30     40      28
   22         21      9     13     13     16     14     13      14
   23          6      8      4      5      4      7      6       6
 
TOTALS
 
12HR 7-19   1378    739    299    411    508   1169    563     724
16HR 6-22   1656    900    341    473    596   1423    718     872
18HR 6-24   1683    917    358    491    616   1444    737     892
24HR 0-24   1705    939    369    505    625   1458    746     907
 
 
 
 
*LOCATION   : ............................................................
*SITE NUMBER: 12002216
*FILE NUMBER:        6
*INTERVAL   :   15 MIN
*BATTERY    :    6.2 V
*RESTARTS   :        0
*CONFIG     :        0
*CHANNEL    :  1 OF  1
 
             WED    THU    FRI    SAT    SUN    MON    TUE    7-DAY
DATE    06/06/28     29     30     01     02     03     04   AVERAGE
 
START HOUR
 
    0          8      -      -      -      -      -      -       -
    1          2      -      -      -      -      -      -       -
    2          1      -      -      -      -      -      -       -
    3          0      -      -      -      -      -      -       -
    4          0      -      -      -      -      -      -       -
    5          6      -      -      -      -      -      -       -
    6         50      -      -      -      -      -      -       -
    7        141      -      -      -      -      -      -       -
    8        140      -      -      -      -      -      -       -
    9         59      -      -      -      -      -      -       -
   10          -      -      -      -      -      -      -       -
   11          -      -      -      -      -      -      -       -
   12          -      -      -      -      -      -      -       -
   13          -      -      -      -      -      -      -       -
   14          -      -      -      -      -      -      -       -
   15          -      -      -      -      -      -      -       -
   16          -      -      -      -      -      -      -       -
   17          -      -      -      -      -      -      -       -
   18          -      -      -      -      -      -      -       -
   19          -      -      -      -      -      -      -       -
   20          -      -      -      -      -      -      -       -
   21          -      -      -      -      -      -      -       -
   22          