 
 
 
*LOCATION   : ............................................................
*SITE NUMBER: 10304025
*FILE NUMBER:        3
*INTERVAL   :   15 MIN
*BATTERY    :    6.7 V
*RESTARTS   :        0
*CONFIG     :        0
*CHANNEL    :  1 OF  1
 
             THU    FRI    SAT    SUN    MON    TUE    WED    7-DAY
DATE    08/10/02     03     04     05     06     07     08   AVERAGE
 
START HOUR
 
    0          -      4      6      4      1      3      1       -
    1          -      2      5     11      1      3      5       -
    2          -      0      3      5      2      3      0       -
    3          -      0      1      4      0      0      1       -
    4          -      0      2      0      2      0      1       -
    5          -      9      0      1      6     14     11       -
    6          -     31      5      6     33     54     60       -
    7          -     82      3     11     82    139    113       -
    8          -     76     16     14    127    137    141       -
    9          -     37     13     10     47     62     64       -
   10          -     32     19     27     22     40     31       -
   11          -     18     17     43     30     41     38       -
   12          -     16     36     66     23     32     38       -
   13          -     20     36     67     19     43     38       -
   14          -     25     33     77     31     54     53       -
   15         49     57     25     73     72    122    122      74
   16         52     97     32     47    128    140    145      92
   17         51     56     34     25    103    145    117      76
   18         27     40     29     35     51     82     59      46
   19         25     27     27     24     38     51     41      33
   20         16     16     18     28     27     41     40      27
   21         13     18     12     22     22     27     28      20
   22          4     12      8      4      4     19     11       9
   23          5      5      0      2      7     10      6       5
 
TOTALS
 
12HR 7-19      -    556    293    495    735   1037    959       -
16HR 6-22      -    648    355    575    855   1210   1128       -
18HR 6-24      -    665    363    581    866   1239   1145       -
24HR 0-24      -    680    380    606    878   1262   1164       -
 
 
 
 
*LOCATION   : ............................................................
*SITE NUMBER: 10304025
*FILE NUMBER:        3
*INTERVAL   :   15 MIN
*BATTERY    :    6.7 V
*RESTARTS   :        0
*CONFIG     :        0
*CHANNEL    :  1 OF  1
 
             THU    FRI    SAT    SUN    MON    TUE    WED    7-DAY
DATE    08/10/09     10     11     12     13     14     15   AVERAGE
 
START HOUR
 
    0          5      2     10      1      1      6      3       4
    1          3      0      0      3      3      1      2       2
    2          0      1      7      5      1      1      0       2
    3          4      0      2      1      0      0      0       1
    4          2      2      1      1      3      1      1       2
    5          9      8      3      2     12     14     10       8
    6         50     43      3      4     49     48     49      35
    7         94     88      7      6     99    114    108      74
    8        117     97      5     14    143    113    118      87
    9         59     56     10      8     59     58     59      44
   10         28     21     18     12     31     22     37      24
   11         31     31     11     45     26     22     32      28
   12         37     28     12     56     26     27     46      33
   13         23     38     29     50     26     25     44      34
   14         35     62     14     75     47     33     53      46
   15         71     79     16     59     82     72     75      65
   16        115     98     19     70    150    115    138     101
   17         84     75     18     56    106    109    101      78
   18         51     42     16     31     53     70     59      46
   19         39     28     11     41     32     37     48      34
   20         27     29     12     20     32     44     32      28
   21         23     20      7     15     27     22     29      20
   22          7     15      8      8      5      8     11       9
   23          6      8      5      6      7      5      8       6
 
TOTALS
 
12HR 7-19    745    715    175    482    848    780    870     659
16HR 6-22    884    835    208    562    988    931   1028     777
18HR 6-24    897    858    221    576   1000    944   1047     792
24HR 0-24    920    871    244    589   1020    967   1063     811
 
 
 
 
*LOCATION   : ............................................................
*SITE NUMBER: 10304025
*FILE NUMBER:        3
*INTERVAL   :   15 MIN
*BATTERY    :    6.7 V
*RESTARTS   :        0
*CONFIG     :        0
*CHANNEL    :  1 OF  1
 
             THU    FRI    SAT    SUN    MON    TUE    WED    7-DAY
DATE    08/10/16     17     18     19     20     21     22   AVERAGE
 
START HOUR
 
    0          5      3      9      8      2      1      3       4
    1          2      1      1      8      1      2      4       3
    2          1      1      3      2      2      0      0       1
    3          2      1      0      8      0      0      0       2
    4          1      0      2      0      1      0      0       1
    5         11     13      2      0     13     11      9       8
    6         42     37      6      2     50     41     41      31
    7         73     77      5      2     97     97     84      62
    8         61     69      9      3    106    108     98      65
    9         29     41     24     12     63     37     62      38
   10          8     15     20      4     22     15     20      15
   11          7     23     36     11     28     14     34      22
   12         18     27     53     25     27     23     29      29
   13         13     35     52     35     30     16     38      31
   14         22     42     40     30     43     20     25      32
   15         57     71     42     28     86     67     62      59
   16         61     81     39     18    139    100    109      78
   17         49     68     27      6     89     76     74      56
   18         26     34     34      8     50     46     57      36
   19         20     21     20     12     34     24     26      22
   20         22     14     11      4     28     22     28      18
   21         16     19     10      4     20     13     25      15
   22         11     10      5      5      9      5     13       8
   23          3      4      3      3      4      7      3       4
 
TOTALS
 
12HR 7-19    424    583    381    182    780    619    692     523
16HR 6-22    524    674    428    204    912    719    812     610
18HR 6-24    538    688    436    212    925    731    828     623
24HR 0-24    560    707    453    238    944    745    844     642
 
 
 
 
*LOCATION   : ............................................................
*SITE NUMBER: 10304025
*FILE NUMBER:        3
*INTERVAL   :   15 MIN
*BATTERY    :    6.7 V
*RESTARTS   :        0
*CONFIG     :        0
*CHANNEL    :  1 OF  1
 
             THU    FRI    SAT    SUN    MON    TUE    WED    7-DAY
DATE    08/10/23     24     25     26     27     28     29   AVERAGE
 
START HOUR
 
    0          5      9      2      5      1      7      2       4
    1          2      2      4      2      1      1      2       2
    2          3      0      1      4      0      1      4       2
    3          0      0      0      2      1      1      0       1
    4          2      1      0      1      0      1      0       1
    5         10      9      3      1      3      0      1       4
    6         39     37      3      1      6     16     13      16
    7        112     81      4      5     28     33     41      43
    8         98     68     10      1     56     74    105      59
    9         46     29     15      5     72     87     98      50
   10         25     12     29      5     42     36     54      29
   11         34     22     37      6     12     22     17      21
   12         22     19     36      5     13     14     22      19
   13         23     19     45      6     24     14     35      24
   14         41     39     33      6     16     10     39      26
   15         69     64     38     10     33     27     29      39
   16        115     58     27      8     43     51     68      53
   17         79     49     19      7     78     96    112      63
   18         50     28     18      5     59     42     75      40
   19         31     15     28      6     26     24     50      26
   20         38     13     14      7     24     32     26      22
   21         22      8     18      2     17     16     17      14
   22          9      6     10      4     18     17     20      12
   23          4     12      4      1     10     11     10       7
 
TOTALS
 
12HR 7-19    714    488    311     69    476    506    695     466
16HR 6-22    844    561    374     85    549    594    801     544
18HR 6-24    857    579    388     90    577    622    831     563
24HR 0-24    879    600    398    105    583    633    840     577
 
 
 
 
*LOCATION   : ............................................................
*SITE NUMBER: 10304025
*FILE NUMBER:        3
*INTERVAL   :   15 MIN
*BATTERY    :    6.7 V
*RESTARTS   :        0
*CONFIG     :        0
*CHANNEL    :  1 OF  1
 
             THU    FRI    SAT    SUN    MON    TUE    WED    7-DAY
DATE    08/10/30     31     01     02     03     04     05   AVERAGE
 
START HOUR
 
    0          5      8      2      1      2      4      -       -
    1          2      0      1      3      0      1      -       -
    2          2      2      3      4      0      0      -       -
    3          1      0      1      1      1      1      -       -
    4          0      1      1      0      0      0      -       -
    5          0      0      2      0      2      1      -       -
    6         13     10      3      0     12      8      -       -
    7         37     21      6      5     33     34      -       -
    8         85     37      5      4     80     85      -       -
    9         93     30      5      7     97     73      -       -
   10         33     20      8      7     49     34      -       -
   11         18     11     15     18     22     24      -       -
   12         16     16     15     30     15     18      -       -
   13         22     19     28     43     18     26      -       -
   14         18     26     30     39     22      -      -       -
   15         23     28     28     42     33      -      -       -
   16         65     45     32     34     67      -      -       -
   17         95     50     21     33     90      -      -       -
   18         54     30     23     15     82      -      -       -
   19         31     13     13     14     44      -      -       -
   20         10     10      7     11     27      -      -       -
   21         15      7      4     13     24      -      -       -
   22          6      3      5     12     13      -      -       -
   23          6      6      4      2     11      -      -       -
 
TOTALS
 
12HR 7-19    559    333    216    277    608      -      -       -
16HR 6-22    628    373    243    315    715      -      -       -
18HR 6-24    640    382    252    329    739      -      -       -
24HR 0-24    650    393    262    338    744      -      -       -
 
