 
 
 
*LOCATION   : ............................................................
*SITE NUMBER: 11504028
*FILE NUMBER:        1
*INTERVAL   :   15 MIN
*BATTERY    :    6.4 V
*RESTARTS   :        0
*CONFIG     :        0
*CHANNEL    :  1 OF  1
 
             THU    FRI    SAT    SUN    MON    TUE    WED    7-DAY
DATE    08/10/02     03     04     05     06     07     08   AVERAGE
 
START HOUR
 
    0          -      5     11     11      1      5      7       -
    1          -      7      5     11      2      2      2       -
    2          -      1      7      6      2      2      1       -
    3          -      2      7      9      0      0      0       -
    4          -      1      6      9      0      1      1       -
    5          -      5      3      4      8      8      9       -
    6          -     26      7      1     24     30     42       -
    7          -     65     11      8     77    113    106       -
    8          -    141      9     12    167    174    202       -
    9          -     94     31     20    110    136    117       -
   10          -     74     34     40     59    103     75       -
   11         36     54     43     66     64     79     60      57
   12         29     51     46     95     63     97     92      68
   13         53     58     57    110     71     74     80      72
   14         48     76     64     90     70     90     87      75
   15         63    112     74     86    107    149    141     105
   16        103    119     53     60    154    188    209     127
   17         88     96     53     49    137    173    189     112
   18         62     80     39     53     99    143    110      84
   19         34     51     28     31     63    115     85      58
   20         36     34     22     17     55     57     62      40
   21         23     27     20     16     26     42     49      29
   22         12     14     11     15     22     28     28      19
   23         10     10     11      9     11     11     13      11
 
TOTALS
 
12HR 7-19      -   1020    514    689   1178   1519   1468       -
16HR 6-22      -   1158    591    754   1346   1763   1706       -
18HR 6-24      -   1182    613    778   1379   1802   1747       -
24HR 0-24      -   1203    652    828   1392   1820   1767       -
 
 
 
 
*LOCATION   : ............................................................
*SITE NUMBER: 11504028
*FILE NUMBER:        1
*INTERVAL   :   15 MIN
*BATTERY    :    6.4 V
*RESTARTS   :        0
*CONFIG     :        0
*CHANNEL    :  1 OF  1
 
             THU    FRI    SAT    SUN    MON    TUE    WED    7-DAY
DATE    08/10/09     10     11     12     13     14     15   AVERAGE
 
START HOUR
 
    0          5      8     19      7      7      3      5       8
    1          4      8      9      6      1      1      1       4
    2          5      3     14     12      2      1      3       6
    3          3      1      3      4      2      0      0       2
    4          2      4      9      8      1      1      0       4
    5         11      9      5      1      7      5      7       6
    6         31     31      2      4     35     30     31      23
    7         85     97     12      4    102     86     86      67
    8        171    158     14     14    178    159    171     124
    9        114    102     27     15    131    118    102      87
   10         82     72     20     26     60     83     71      59
   11         71     68     35     33     77     64     58      58
   12         93     88     36     34     75     64     75      66
   13         83     73     28     66     70     66     69      65
   14         77     82     40     77     74     53     87      70
   15        128    113     40     82    120     97    123     100
   16        151    173     34     63    155    173    148     128
   17        160    129     27     38    146    151    199     121
   18        122     97     28     55    114    128    102      92
   19         67     63     17     35     61     69     69      54
   20         41     50      9     24     43     54     40      37
   21         22     27     19     21     30     28     42      27
   22         15     16     12     12     19     16     20      16
   23         10     14     16      6      6      9     10      10
 
TOTALS
 
12HR 7-19   1337   1252    341    507   1302   1242   1291    1039
16HR 6-22   1498   1423    388    591   1471   1423   1473    1181
18HR 6-24   1523   1453    416    609   1496   1448   1503    1207
24HR 0-24   1553   1486    475    647   1516   1459   1519    1236
 
 
 
 
*LOCATION   : ............................................................
*SITE NUMBER: 11504028
*FILE NUMBER:        1
*INTERVAL   :   15 MIN
*BATTERY    :    6.4 V
*RESTARTS   :        0
*CONFIG     :        0
*CHANNEL    :  1 OF  1
 
             THU    FRI    SAT    SUN    MON    TUE    WED    7-DAY
DATE    08/10/16     17     18     19     20     21     22   AVERAGE
 
START HOUR
 
    0          5      7     12      6      1      6      2       6
    1          2      3      7      7      1      2      2       3
    2          6      3      8      3      2      1      1       3
    3          2      0      4      6      0      0      1       2
    4          2      1      1      6      1      2      0       2
    5          5      6      3      3      8      6      6       5
    6         26     20      4      1     27     24     20      17
    7         60     62      8      3     86     85     77      54
    8        121    108     11      3    160    149    136      98
    9         68     71     29      8    119     97     99      70
   10         26     57     44     10     73     46     67      46
   11         30     62     41     10     71     54     49      45
   12         34     63     47     21     55     67     75      52
   13         26     74     52     30     57     55     62      51
   14         34     86     65     45     74     66     54      61
   15         70    107     79     32    121     83    104      85
   16         72    135     47     20    163    129    135     100
   17         74    110     30     17    161    160    134      98
   18         47     69     40     10    100     89     75      61
   19         33     45     23     12     65     40     58      39
   20         19     26     19      8     45     34     53      29
   21         11     36     16      7     29     24     28      22
   22         16     10     16      7     19      8     24      14
   23         10     15      8      6     10      5      6       9
 
TOTALS
 
12HR 7-19    662   1004    493    209   1240   1080   1067     822
16HR 6-22    751   1131    555    237   1406   1202   1226     930
18HR 6-24    777   1156    579    250   1435   1215   1256     953
24HR 0-24    799   1176    614    281   1448   1232   1268     974
 
 
 
 
*LOCATION   : ............................................................
*SITE NUMBER: 11504028
*FILE NUMBER:        1
*INTERVAL   :   15 MIN
*BATTERY    :    6.4 V
*RESTARTS   :        0
*CONFIG     :        0
*CHANNEL    :  1 OF  1
 
             THU    FRI    SAT    SUN    MON    TUE    WED    7-DAY
DATE    08/10/23     24     25     26     27     28     29   AVERAGE
 
START HOUR
 
    0          4      5      7      9      0      1      6       5
    1          4      8     12      8      1      2      4       6
    2          4      4      4      7      2      1      4       4
    3          2      1      4      7      1      0      3       3
    4          1      5      2      6      1      0      0       2
    5          5      3      3      2      1      1      2       2
    6         29     23      1      4      3      5      6      10
    7         79     72      6      1     14     23     26      32
    8        146    126     13      2     52     67     75      69
    9        118     78     21      2    128    144    144      91
   10         63     46     43      5     90     96     97      63
   11         59     49     59      4     50     53     51      46
   12         49     45     60      5     59     48     49      45
   13         49     51     63      4     53     28     69      45
   14         56     55     53     11     61     25     71      47
   15        112     82     54      7     53     43     66      60
   16        143    121     59     10     89     72    119      88
   17        128     74     34      3    114    122    135      87
   18        105     48     30      4     94    103    126      73
   19         61     43     14      9     69     52     97      49
   20         44     21     19      5     31     39     50      30
   21         44     15     10      4     28     31     38      24
   22         13      8      7      5     26     27     17      15
   23         13      9     14      3      8     16     17      11
 
TOTALS
 
12HR 7-19   1107    847    495     58    857    824   1028     745
16HR 6-22   1285    949    539     80    988    951   1219     859
18HR 6-24   1311    966    560     88   1022    994   1253     885
24HR 0-24   1331    992    592    127   1028    999   1272     906
 
 
 
 
*LOCATION   : ............................................................
*SITE NUMBER: 11504028
*FILE NUMBER:        1
*INTERVAL   :   15 MIN
*BATTERY    :    6.4 V
*RESTARTS   :        0
*CONFIG     :        0
*CHANNEL    :  1 OF  1
 
             THU    FRI    SAT    SUN    MON    TUE    WED    7-DAY
DATE    08/10/30     31     01     02     03     04     05   AVERAGE
 
START HOUR
 
    0          8      8     10      6      3      8      -       -
    1          3      9      6      9      2      5      -       -
    2          2      2      8      3      0      1      -       -
    3          0      0      2      3      0      0      -       -
    4          1      0      3      6      1      1      -       -
    5          0      1      3      1      0      3      -       -
    6          6      6      2      1      5      6      -       -
    7         26     17      5      1     22     23      -       -
    8         68     37      3      3     81     72      -       -
    9        126     53      4      6    126    148      -       -
   10         68     42     10     10     87     93      -       -
   11         65     28     19     15     44     52      -       -
   12         67     45     30     19     55     54      -       -
   13         52     28     21     34     56     50      -       -
   14         53     40     32     41     41      -      -       -
   15         51     43     37     41     46      -      -       -
   16         74     66     33     33    100      -      -       -
   17        109     76     22     35    131      -      -       -
   18         76     62     18     33    121      -      -       -
   19         54     30     18     22     86      -      -       -
   20         32     16     13     14     49      -      -       -
   21         23     19     10     12     43      -      -       -
   22         23      7      7     11     22      -      -       -
   23         12     14      9     10     23      -      -       -
 
TOTALS
 
12HR 7-19    835    537    234    271    910      -      -       -
16HR 6-22    950    608    277    320   1093      -      -       -
18HR 6-24    985    629    293    341   1138      -      -       -
24HR 0-24    999    649    325    369   1144      -      -       -
 
