 
 
 
*LOCATION   : ............................................................
*SITE NUMBER: 11704009
*FILE NUMBER:        1
*INTERVAL   :   15 MIN
*BATTERY    :    6.2 V
*RESTARTS   :        0
*CONFIG     :       12
*CHANNEL    :  1 OF  2
 
             THU    FRI    SAT    SUN    MON    TUE    WED    7-DAY
DATE    08/10/02     03     04     05     06     07     08   AVERAGE
 
START HOUR
 
    0          -     14     24     29     12      9     12       -
    1          -      9     21     25      6      8      9       -
    2          -      6     21     10      0      3      2       -
    3          -      6     15     17      1      1      2       -
    4          -      3     15     10      6      2      1       -
    5          -     16      8      6     28     16     18       -
    6          -     74     26     14     77     88     75       -
    7          -    174     40     20    212    239    232       -
    8          -    313     53     30    378    373    385       -
    9          -    230     97     60    262    260    250       -
   10        120    165    127     88    134    160    169     138
   11        138    132    155    126    138    165    155     144
   12        130    155    185    147    178    152    159     158
   13        150    163    176    150    153    174    171     162
   14        134    182    167    168    158    170    158     162
   15        184    203    152    137    216    225    221     191
   16        204    271    101    133    270    299    314     227
   17        182    219    152    123    270    280    290     217
   18        136    153    100    113    193    232    199     161
   19         82    112     66     74    130    154    132     107
   20         71     83     56     57     67    114    115      80
   21         49     56     41     36     82     74     70      58
   22         52     46     27     26     48     42     50      42
   23         36     49     34     18     20     27     29      30
 
TOTALS
 
12HR 7-19      -   2360   1505   1295   2562   2729   2703       -
16HR 6-22      -   2685   1694   1476   2918   3159   3095       -
18HR 6-24      -   2780   1755   1520   2986   3228   3174       -
24HR 0-24      -   2834   1859   1617   3039   3267   3218       -
 
 
 
 
*LOCATION   : ............................................................
*SITE NUMBER: 11704009
*FILE NUMBER:        1
*INTERVAL   :   15 MIN
*BATTERY    :    6.2 V
*RESTARTS   :        0
*CONFIG     :       12
*CHANNEL    :  1 OF  2
 
             THU    FRI    SAT    SUN    MON    TUE    WED    7-DAY
DATE    08/10/09     10     11     12     13     14     15   AVERAGE
 
START HOUR
 
    0         17     11     23     33     10      6     13      16
    1         12     14     19     25      4      8      7      13
    2          5      9     11      8      2      1      2       5
    3          4      5     22     21      2      2      2       8
    4          3      1     13     11      1      6      6       6
    5         19     21      9      5     16     17     17      15
    6         71     72     25      9     75     78     92      60
    7        206    229     33     17    199    208    217     158
    8        320    335     63     23    338    365    312     251
    9        244    199    103     45    240    230    235     185
   10        164    151    118     64    137    159    145     134
   11        169    155    110     92    170    130    133     137
   12        163    142     98    110    168    153    162     142
   13        179    163    117    132    173    145    172     154
   14        176    181    114    153    168    129    156     154
   15        222    202    106    132    220    183    211     182
   16        303    260    103    157    254    281    264     232
   17        266    229     96    124    279    245    278     217
   18        158    162     67    127    189    195    179     154
   19        130    104     58     72    118    124    129     105
   20         93     73     47     50     95    106    127      84
   21         78     59     51     45     75     51     71      61
   22         36     42     29     30     45     35     52      38
   23         31     31     27     19     23     30     30      27
 
TOTALS
 
12HR 7-19   2570   2408   1128   1176   2535   2423   2464    2101
16HR 6-22   2942   2716   1309   1352   2898   2782   2883    2412
18HR 6-24   3009   2789   1365   1401   2966   2847   2965    2477
24HR 0-24   3069   2850   1462   1504   3001   2887   3012    2541
 
 
 
 
*LOCATION   : ............................................................
*SITE NUMBER: 11704009
*FILE NUMBER:        1
*INTERVAL   :   15 MIN
*BATTERY    :    6.2 V
*RESTARTS   :        0
*CONFIG     :       12
*CHANNEL    :  1 OF  2
 
             THU    FRI    SAT    SUN    MON    TUE    WED    7-DAY
DATE    08/10/16     17     18     19     20     21     22   AVERAGE
 
START HOUR
 
    0         17     16     27     18     12      -      -       -
    1         18     13     20     19      6      -      -       -
    2          2      3     10     14      2      -      -       -
    3          8      5      8     17      6      -      -       -
    4          4      2      4      8      1      -      -       -
    5         14     11      9      3     14      -      -       -
    6         76     71     24      9     68      -      -       -
    7        173    168     29     18    186      -      -       -
    8        300    267     54     12    322      -      -       -
    9        184    147     81     26    212      -      -       -
   10        100    124    107     32    155      -      -       -
   11        112    137    152     70    137      -      -       -
   12        132    161    134     85      -      -      -       -
   13        162    143    138    109      -      -      -       -
   14        155    150    155    108      -      -      -       -
   15        166    184    142     93      -      -      -       -
   16        179    250    113     76      -      -      -       -
   17        149    190    113     54      -      -      -       -
   18        121    135     86     68      -      -      -       -
   19         90     88     56     42      -      -      -       -
   20         55     80     59     37      -      -      -       -
   21         62     47     47     35      -      -      -       -
   22         37     38     30     22      -      -      -       -
   23         30     23     26     26      -      -      -       -
 
TOTALS
 
12HR 7-19   1933   2056   1304    751      -      -      -       -
16HR 6-22   2216   2342   1490    874      -      -      -       -
18HR 6-24   2283   2403   1546    922      -      -      -       -
24HR 0-24   2346   2453   1624   1001      -      -      -       -
 
 
 
 
*LOCATION   : ............................................................
*SITE NUMBER: 11704009
*FILE NUMBER:        1
*INTERVAL   :   15 MIN
*BATTERY    :    6.2 V
*RESTARTS   :        0
*CONFIG     :       12
*CHANNEL    :  2 OF  2
 
             THU    FRI    SAT    SUN    MON    TUE    WED    7-DAY
DATE    08/10/02     03     04     05     06     07     08   AVERAGE
 
START HOUR
 
    0          -      2      2      3      1      4      2       -
    1          -      1      3      7      1      3      0       -
    2          -      1      3      4      0      0      2       -
    3          -      0      2      4      0      1      1       -
    4          -      0      2      1      0      0      1       -
    5          -      3      2      2      4      5      6       -
    6          -     29      5      6     20     24     32       -
    7          -     58      8      6     73     94     92       -
    8          -     96      3      9    124    150    115       -
    9          -     56     13     21     70     72     71       -
   10         11     29     14     23     19     31     32      23
   11         23     22     18     56     21     41     29      30
   12         15     10     25     69     26     38     40      32
   13         13     20     51     53     25     39     35      34
   14         17     27     29     67     34     31     51      37
   15         46     69     49     65     51     60     85      61
   16         66     76     39     31     99    156    119      84
   17         54     73     37     39    110    131    120      81
   18         38     43     31     32     92    110    105      64
   19         23     25     25     31     48     67     53      39
   20         29     24      8     13     49     44     47      31
   21         21     12      7      9     25     41     34      21
   22          5      4     13     12     14     21     12      12
   23          4      3      5      2      5      2      4       4
 
TOTALS
 
12HR 7-19      -    579    317    471    744    953    894       -
16HR 6-22      -    669    362    530    886   1129   1060       -
18HR 6-24      -    676    380    544    905   1152   1076       -
24HR 0-24      -    683    394    565    911   1165   1088       -
 
 
 
 
*LOCATION   : ............................................................
*SITE NUMBER: 11704009
*FILE NUMBER:        1
*INTERVAL   :   15 MIN
*BATTERY    :    6.2 V
*RESTARTS   :        0
*CONFIG     :       12
*CHANNEL    :  2 OF  2
 
             THU    FRI    SAT    SUN    MON    TUE    WED    7-DAY
DATE    08/10/09     10     11     12     13     14     15   AVERAGE
 
START HOUR
 
    0          5      1      9      3      1      2      1       3
    1          1      3      5      1      2      1      0       2
    2          0      1      2      2      0      1      1       1
    3          0      1      2      2      0      0      0       1
    4          0      0      0      4      1      0      0       1
    5          6      1      4      1      5      5      8       4
    6         31     26      5      5     33     30     41      24
    7         95     96      3      5     94     89     92      68
    8        126     95      7      5    142    124    119      88
    9         65     57     20     13     94     58     80      55
   10         31     31     15     19     34     41     40      30
   11         28     16     21     20     32     25     31      25
   12         20     35     11     38     39     38     26      30
   13         34     37     16     53     31     13     30      31
   14         35     47     22     65     32     18     36      36
   15         68     60     26     62     77     68     71      62
   16        112    100     21     60    103    101    108      86
   17        107     98      9     47    123     98    134      88
   18         77     60     20     47     82     82     97      66
   19         40     29     12     26     52     52     55      38
   20         23     22     14     18     37     26     53      28
   21         33     20      9     10     13     28     36      21
   22          8     12      8     11      9      8     15      10
   23          6     13      6      5      3      2      7       6
 
TOTALS
 
12HR 7-19    798    732    191    434    883    755    864     665
16HR 6-22    925    829    231    493   1018    891   1049     777
18HR 6-24    939    854    245    509   1030    901   1071     793
24HR 0-24    951    861    267    522   1039    910   1081     804
 
 
 
 
*LOCATION   : ............................................................
*SITE NUMBER: 11704009
*FILE NUMBER:        1
*INTERVAL   :   15 MIN
*BATTERY    :    6.2 V
*RESTARTS   :        0
*CONFIG     :       12
*CHANNEL    :  2 OF  2
 
             THU    FRI    SAT    SUN    MON    TUE    WED    7-DAY
DATE    08/10/16     17     18     19     20     21     22   AVERAGE
 
START HOUR
 
    0          3      2      8      2      4      -      -       -
    1          2      0      5      2      0      -      -       -
    2          1      1      4      1      0      -      -       -
    3          1      0      4      0      0      -      -       -
    4          0      0      0      6      0      -      -       -
    5          4      6      3      1      5      -      -       -
    6         27     30      2      4     36      -      -       -
    7         69     69      6      5     86      -      -       -
    8         81     79      6      1    101      -      -       -
    9         35     47     22      2     84      -      -       -
   10         12     25     21      3     25      -      -       -
   11         14     32     34     17     31      -      -       -
   12         16     23     35     17      -      -      -       -
   13         15     28     38     37      -      -      -       -
   14         22     50     35     29      -      -      -       -
   15         34     46     46     33      -      -      -       -
   16         51     87     35     19      -      -      -       -
   17         61     77     29     12      -      -      -       -
   18         36     43     26      9      -      -      -       -
   19         17     28     15      8      -      -      -       -
   20         11     23     20      7      -      -      -       -
   21         14     15     14      4      -      -      -       -
   22          5     13      7      6      -      -      -       -
   23          3      4      4      1      -      -      -       -
 
TOTALS
 
12HR 7-19    446    606    333    184      -      -      -       -
16HR 6-22    515    70