 
 
 
*LOCATION   : ............................................................
*SITE NUMBER: 11500128
*FILE NUMBER:        1
*INTERVAL   :   15 MIN
*BATTERY    :    6.4 V
*RESTARTS   :        0
*CONFIG     :        0
*CHANNEL    :  1 OF  1
 
             WED    THU    FRI    SAT    SUN    MON    TUE    7-DAY
DATE    08/01/02     03     04     05     06     07     08   AVERAGE
 
START HOUR
 
    0          -      1      2      2      3      2      2       -
    1          -      2      3      2      1      0      1       -
    2          -      2      1      2      1      1      0       -
    3          -      0      0      2      3      0      1       -
    4          -      0      1      1      1      2      1       -
    5          -      4      5      1      1      4      4       -
    6          -      7      8      1      2      5      9       -
    7          -     24     17      1      2     12     19       -
    8          -     33     36      6      1     28     23       -
    9          -     24     27     10      3     23     25       -
   10         23     14     27      7      5     15     14      15
   11          9     17     25     10      5     14     10      13
   12         20     18     20     11      8     10     15      15
   13         20     24     30     18      8     12     10      17
   14         19     15     19     13      7     17     17      15
   15         25     30     32     16     10     22     21      22
   16         38     38     43     11      3     20     37      27
   17         35     31     30     11      6     21     22      22
   18         16     21     16      4      1     17     18      13
   19         14     15      9      3      3      5     13       9
   20         10     10      6      9      5      6      7       8
   21          5      9      7      5      1      4     10       6
   22          5      6      7      5      1      1      2       4
   23          1      2      2      0      1      1      1       1
 
TOTALS
 
12HR 7-19      -    289    322    118     59    211    231       -
16HR 6-22      -    330    352    136     70    231    270       -
18HR 6-24      -    338    361    141     72    233    273       -
24HR 0-24      -    347    373    151     82    242    282       -
 
 
 
 
*LOCATION   : ............................................................
*SITE NUMBER: 11500128
*FILE NUMBER:        1
*INTERVAL   :   15 MIN
*BATTERY    :    6.4 V
*RESTARTS   :        0
*CONFIG     :        0
*CHANNEL    :  1 OF  1
 
             WED    THU    FRI    SAT    SUN    MON    TUE    7-DAY
DATE    08/01/09     10     11     12     13     14     15   AVERAGE
 
START HOUR
 
    0          0      1      4      4      1      2      4       2
    1          1      1      3      5      1      0      1       2
    2          0      0      0      2      1      0      1       1
    3          0      0      0      3      2      0      0       1
    4          0      0      0      0      1      0      0       0
    5          4      4      4      0      0      3      6       3
    6          6     13     10      1      5     14     14       9
    7         15     23     18      3      1     27     24      16
    8         32     30     23      6      1     41     43      25
    9         19     28     20      8      5     37     42      23
   10         16     17     21     19      3     24     25      18
   11         20     21     17     17      7     21     41      21
   12         15     22     16     17     11     22     18      17
   13         18     13     18     12      7     22     23      16
   14         18     19     23     17     14     33     27      22
   15         22     33     33     12     11     38     46      28
   16         24     23     29     15     15     40     49      28
   17         28     27     21      8      4     48     47      26
   18         17     16     17      6     10     25     30      17
   19          6      7     11      5      5     12     16       9
   20          6     12     11      5      6     15     13      10
   21          2      8      8      7      7     11      8       7
   22          2      1      7      7      2      4      5       4
   23          0      5      2      4      0      1      3       2
 
TOTALS
 
12HR 7-19    244    272    256    140     89    378    415     256
16HR 6-22    264    312    296    158    112    430    466     291
18HR 6-24    266    318    305    169    114    435    474     297
24HR 0-24    271    324    316    183    120    440    486     306
 
 
 
 
*LOCATION   : ............................................................
*SITE NUMBER: 11500128
*FILE NUMBER:        1
*INTERVAL   :   15 MIN
*BATTERY    :    6.4 V
*RESTARTS   :        0
*CONFIG     :        0
*CHANNEL    :  1 OF  1
 
             WED    THU    FRI    SAT    SUN    MON    TUE    7-DAY
DATE    08/01/16     17     18     19     20     21     22   AVERAGE
 
START HOUR
 
    0          1      3      1      4      2      1      2       2
    1          0      1      1      2      1      0      0       1
    2          1      2      2      1      0      0      2       1
    3          0      1      0      3      1      0      1       1
    4          0      1      0      1      0      0      2       1
    5          4      2      3      0      1      2      3       2
    6         16     11     15      1      3     13     12      10
    7         29     21     16      3      1     31     24      18
    8         53     44     49      5      0     44     40      34
    9         41     29     35      8      4     26     31      25
   10         24     24     30      8     11     17     20      19
   11         22     31     22      8      9     19     21      19
   12         30     15     32     10      7     14     18      18
   13         21     20     23     11     11     10     21      17
   14         24     31     37      8     18     29     14      23
   15         40     34     35      7     18     31     28      28
   16         51     50     53      3     16     48     41      37
   17         45     39     51      4     10     44     25      31
   18         31     37     22      6     10     28     25      23
   19         19     18     11      2      3     24      9      12
   20         20     15      8      3      4     14      6      10
   21          9     13     10      4      4     15      9       9
   22         10      7      9      4      5      5      5       6
   23          2      2      7      3      3      6      2       4
 
TOTALS
 
12HR 7-19    411    375    405     81    115    341    308     291
16HR 6-22    475    432    449     91    129    407    344     332
18HR 6-24    487    441    465     98    137    418    351     342
24HR 0-24    493    451    472    109    142    421    361     350
 
 
 
 
*LOCATION   : ............................................................
*SITE NUMBER: 11500128
*FILE NUMBER:        1
*INTERVAL   :   15 MIN
*BATTERY    :    6.4 V
*RESTARTS   :        0
*CONFIG     :        0
*CHANNEL    :  1 OF  1
 
             WED    THU    FRI    SAT    SUN    MON    TUE    7-DAY
DATE    08/01/23     24     25     26     27     28     29   AVERAGE
 
START HOUR
 
    0          6      2      0      2      0      3      4       2
    1          1      2      4      2      1      0      1       2
    2          1      0      1      3      2      0      1       1
    3          0      0      2      5      1      0      0       1
    4          1      1      1      0      0      0      1       1
    5          4      7      4      1      1      5      3       4
    6         19     13      6      1      1     15     11       9
    7         28     29     11      2      0     22     35      18
    8         39     31     29      9      1     42     36      27
    9         39     41     26      6      5     37     43      28
   10         12     24     22     11      9     25     14      17
   11         20     19     22     10     18     22     34      21
   12         27     13     14     25     13     18     33      20
   13         23     15     29     21      7     30     28      22
   14         28     15     27     19     20     30     27      24
   15         36     22     36     18     11     46     34      29
   16         37     24     33     17     11     36     38      28
   17         37     30     22      5      8     40     35      25
   18         22     14     13     11      5     28     25      17
   19         20      3      9      3      4     11     11       9
   20         16      8      6      3      9      8     10       9
   21          9      5      5      4      6      7      8       6
   22          6      0      8      3      2     12      5       5
   23          3      5      8      3      0      3      7       4
 
TOTALS
 
12HR 7-19    348    277    284    154    108    376    382     276
16HR 6-22    412    306    310    165    128    417    422     309
18HR 6-24    421    311    326    171    130    432    434     318
24HR 0-24    434    323    338    184    135    440    444     328
 
 
 
 
*LOCATION   : ............................................................
*SITE NUMBER: 11500128
*FILE NUMBER:        1
*INTERVAL   :   15 MIN
*BATTERY    :    6.4 V
*RESTARTS   :        0
*CONFIG     :        0
*CHANNEL    :  1 OF  1
 
             WED    THU    FRI    SAT    SUN    MON    TUE    7-DAY
DATE    08/01/30     31     01     02     03     04     05   AVERAGE
 
START HOUR
 
    0          1      -      -      -      -      -      -       -
    1          1      -      -      -      -      -      -       -
    2          0      -      -      -      -      -      -       -
    3          0      -      -      -      -      -      -       -
    4          1      -      -      -      -      -      -       -
    5          3      -      -      -      -      -      -       -
    6         14      -      -      -      -      -      -       -
    7         23      -      -      -      -      -      -       -
    8         51      -      -      -      -      -      -       -
    9          -      -      -      -      -      -      -       -
   10          -      -      -      -      -      -      -       -
   11          -      -      -      -      -      -      -       -
   12          -      -      -      -      -      -      -       -
   13          -      -      -      -      -      -      -       -
   14          -      -      -      -      -      -      -       -
   15          -      -      -      -      -      -      -       -
   16          -      -      -      -      -      -      -       -
   17          -      -      -      -      -      -      -       -
   18          -      -      -      -      -      -      -       -
   19          -      -      -      -      -      -      -       -
   20          -      -      -      -      -      -      -       -
   21          -      -      -      -      -      -      -       -
   22          