 
 
 
*LOCATION   : ............................................................
*SITE NUMBER: 11700109
*FILE NUMBER:        2
*INTERVAL   :   15 MIN
*BATTERY    :    6.1 V
*RESTARTS   :        0
*CONFIG     :       12
*CHANNEL    :  1 OF  2
 
             FRI    SAT    SUN    MON    TUE    WED    THU    7-DAY
DATE    08/01/04     05     06     07     08     09     10   AVERAGE
 
START HOUR
 
    0          -     10     10     11      6      8      5       -
    1          -     10      8      3      6      4      3       -
    2          -      2      2      4      2      1      0       -
    3          -      5      3      1      0      0      1       -
    4          -      0      1      5      2      1      2       -
    5          -      5      2     13     11      9     11       -
    6          -     12      2     47     41     38     45       -
    7          -     17     13     73     67     65     60       -
    8          -     17     13     86     84     77     79       -
    9          -     24     17     80     62     54     57       -
   10         54     38     16     61     42     48     38      42
   11         57     38     26     68     37     49     43      45
   12         63     47     37     63     44     59     56      53
   13         58     34     37     61     47     50     55      49
   14         63     34     25     56     57     45     47      47
   15         69     42     31     78     51     52     66      56
   16         80     35     22     80     76     77     83      65
   17         79     26     24     82     69     67     64      59
   18         54     31     25     59     44     44     47      43
   19         42     34     19     31     44     43     34      35
   20         30     25     16     41     32     37     29      30
   21         27     20     16     22     22     19     21      21
   22         18     13     12     18     15     13     20      16
   23          8      9      8      8      8      8      9       8
 
TOTALS
 
12HR 7-19      -    383    286    847    680    687    695       -
16HR 6-22      -    474    339    988    819    824    824       -
18HR 6-24      -    496    359   1014    842    845    853       -
24HR 0-24      -    528    385   1051    869    868    875       -
 
 
 
 
*LOCATION   : ............................................................
*SITE NUMBER: 11700109
*FILE NUMBER:        2
*INTERVAL   :   15 MIN
*BATTERY    :    6.1 V
*RESTARTS   :        0
*CONFIG     :       12
*CHANNEL    :  1 OF  2
 
             FRI    SAT    SUN    MON    TUE    WED    THU    7-DAY
DATE    08/01/11     12     13     14     15     16     17   AVERAGE
 
START HOUR
 
    0          7      9     10      5      8      8      9       8
    1          6      8     11      4      4      3      4       6
    2          0      0      0      0      0      3      0       0
    3          2      3      5      2      1      1      1       2
    4          5      5      1      2      1      2      2       3
    5         10      6      4      8     11     12      7       8
    6         38     15      5     46     39     41     45      33
    7         57     15     11     77     81     73     62      54
    8         72     20     13     85     96     88     90      66
    9         61     34     19     66     84     83     72      60
   10         46     40     18     45     60     59     60      47
   11         46     53     30     58     53     61     66      52
   12         51     51     45     62     69     63     63      58
   13         45     52     33     59     55     67     70      54
   14         49     53     43     68     57     69     64      58
   15         71     40     47     76     77     78     83      67
   16         86     37     29    106    112    105     91      81
   17         57     29     28     92     75     71     77      61
   18         52     28     22     64     59     73     76      53
   19         43     30     20     56     47     41     51      41
   20         26     24     17     31     36     38     40      30
   21         21     18     23     32     28     28     31      26
   22         22     19     17     18     19     20     23      20
   23          8     10     11     10     11     11      8      10
 
TOTALS
 
12HR 7-19    693    452    338    858    878    890    874     712
16HR 6-22    821    539    403   1023   1028   1038   1041     842
18HR 6-24    851    568    431   1051   1058   1069   1072     871
24HR 0-24    881    599    462   1072   1083   1098   1095     899
 
 
 
 
*LOCATION   : ............................................................
*SITE NUMBER: 11700109
*FILE NUMBER:        2
*INTERVAL   :   15 MIN
*BATTERY    :    6.1 V
*RESTARTS   :        0
*CONFIG     :       12
*CHANNEL    :  1 OF  2
 
             FRI    SAT    SUN    MON    TUE    WED    THU    7-DAY
DATE    08/01/18     19     20     21     22     23     24   AVERAGE
 
START HOUR
 
    0          8      9      9      7      7      6      6       7
    1          3      7      6      1      4      8      5       5
    2          0      2      0      4      0      1      2       1
    3          1      3      4      2      3      1      0       2
    4          2      0      3      2      2      2      3       2
    5          8      4      1      7     10     12     15       8
    6         45     13      3     42     43     40     43      33
    7         83     16     14     75     74     67     64      56
    8         78     20     14     88     84     87     80      64
    9         84     24     19     69     73     70     72      59
   10         58     33     27     52     60     56     53      48
   11         68     31     38     48     48     59     49      49
   12         76     30     53     42     53     58     54      52
   13         57     28     38     55     54     56     50      48
   14         67     38     48     56     59     53     51      53
   15         89     28     52     74     83     72     67      66
   16         90     24     41     98     96     97     73      74
   17         84     24     37     81     71     80     72      64
   18         66     25     33     53     43     56     48      46
   19         41     25     23     48     44     39     31      36
   20         37     19     24     37     28     44     31      31
   21         32     15     23     27     26     24     27      25
   22         21     17     11     19     19     26     18      19
   23          9      8      9     10      9      9     14      10
 
TOTALS
 
12HR 7-19    900    321    414    791    798    811    733     681
16HR 6-22   1055    393    487    945    939    958    865     806
18HR 6-24   1085    418    507    974    967    993    897     834
24HR 0-24   1107    443    530    997    993   1023    928     860
 
 
 
 
*LOCATION   : ............................................................
*SITE NUMBER: 11700109
*FILE NUMBER:        2
*INTERVAL   :   15 MIN
*BATTERY    :    6.1 V
*RESTARTS   :        0
*CONFIG     :       12
*CHANNEL    :  1 OF  2
 
             FRI    SAT    SUN    MON    TUE    WED    THU    7-DAY
DATE    08/01/25     26     27     28     29     30     31   AVERAGE
 
START HOUR
 
    0          8      8      8      5      6      6      -       -
    1          4     10      6      1      5      5      -       -
    2          1      1      1      0      1      1      -       -
    3          2      0      4      0      0      0      -       -
    4          1      1      1      3      2      2      -       -
    5         14      4      2      6     11     10      -       -
    6         35     14      4     43     40     46      -       -
    7         57     15     10     65     75     75      -       -
    8         84     20     13     80     94    104      -       -
    9         57     31     17     65     70     78      -       -
   10         50     36     20     43     63     58      -       -
   11         53     46     26     52     51     57      -       -
   12         54     47     38     52     60     65      -       -
   13         48     55     45     54     71     54      -       -
   14         64     44     52     50     58      -      -       -
   15         67     38     33     79     77      -      -       -
   16         76     42     26     84     99      -      -       -
   17         59     35     23     75     69      -      -       -
   18         38     28     22     52     52      -      -       -
   19         33     26     18     43     52      -      -       -
   20         21     25     17     30     38      -      -       -
   21         20     18     19     29     22      -      -       -
   22         16     18     11     20     19      -      -       -
   23         12      9     11     12      8      -      -       -
 
TOTALS
 
12HR 7-19    707    437    325    751    839      -      -       -
16HR 6-22    816    520    383    896    991      -      -       -
18HR 6-24    844    547    405    928   1018      -      -       -
24HR 0-24    874    571    427    943   1043      -      -       -
 
 
 
 
*LOCATION   : ............................................................
*SITE NUMBER: 11700109
*FILE NUMBER:        2
*INTERVAL   :   15 MIN
*BATTERY    :    6.1 V
*RESTARTS   :        0
*CONFIG     :       12
*CHANNEL    :  2 OF  2
 
             FRI    SAT    SUN    MON    TUE    WED    THU    7-DAY
DATE    08/01/04     05     06     07     08     09     10   AVERAGE
 
START HOUR
 
    0          -      1      1      1      1      1      1       -
    1          -      0      1      1      4      1      0       -
    2          -      0      1      1      1      0      0       -
    3          -      0      2      1      0      0      0       -
    4          -      0      0      0      3      0      0       -
    5          -      0      0      0      1      3      2       -
    6          -      0      1     10      6      6      7       -
    7          -      1      1     18     22     16     22       -
    8          -      2      2     17     20     24     21       -
    9          -      5      4     10      7     17      8       -
   10          8      9      3      4      5      9      7       6
   11          8      4      9      3      5      1      4       5
   12         10      7      9      3      3      3      3       5
   13         10      7     17      4      6      7      0       7
   14          9     24     11      8      8      5      8      10
   15         21      6     10     17     12     13     11      13
   16         21      1      7     15     22     17     21      15
   17         16      3      4     11     20     16     17      12
   18         15      4      3      8     15     18     10      10
   19          4      4      3     10     10     11     12       8
   20          4      4      6      5      5      8      9       6
   21          5      0      2      6      7      6     10       5
   22          3      3      1      2      4      7      2       3
   23          1      1      0      2      1      1      0       1
 
TOTALS
 
12HR 7-19      -     73     80    118    145    146    132       -
16HR 6-22      -     81     92    149    173    177    170       -
18HR 6-24      -     85     93    153    178    185    172       -
24HR 0-24      -     86     98    157    188    190    175       -
 
 
 
 
*LOCATION   : ............................................................
*SITE NUMBER: 11700109
*FILE NUMBER:        2
*INTERVAL   :   15 MIN
*BATTERY    :    6.1 V
*RESTARTS   :        0
*CONFIG     :       12
*CHANNEL    :  2 OF  2
 
             FRI    SAT    SUN    MON    TUE    WED    THU    7-DAY
DATE    08/01/11     12     13     14     15     16     17   AVERAGE
 
START HOUR
 
    0          2      1      2      1      1      0      0       1
    1          0      0      0      0      1      1      1       0
    2          0      0      2      0      0      0      0       0
    3          0      0      2      0      0      0      0       0
    4          0      0      0      0      0      0      0       0
    5          2      0      0      3      4      3      3       2
    6          6      0      2      7      6      9     11       6
    7         16      1      1     23     28     21     26      17
    8         19      4      1     37     35     37     32      24
    9          7      7      4     14     20     21     14      12
   10          4      7      3      7      9     11      7       7
   11          5      8      4      2      9      5      6       6
   12          4      8      5      8      5     10     12       7
   13          6     10     16      7      7     15     10      10
   14          9      5     16      9     11      7     16      10
   15         14     12     17     12     17     23     18      16
   16         18      3     14     29     27     29     25      21
   17          8      4      7     30     28     37     17      19
   18         15      4      5     20     27     22     27      17
   19          9      3      2     12     16     27     13      12
   20          6      1      7     17      9     12     11       9
   21          4      3      2     14      6      6      7       6
   22          1      1      3      2      4      9      4       3
   23          2      1      1      0      1      2      1       1
 
TOTALS
 
12HR 7-19    125     73     93    198    223    238    210     166
16HR 6-22    150     80    106    248    260    292    252     198
18HR 6-24    153     82    110    250    265    303    257     203
24HR 0-24    157     83    116    254    271    307    261     207
 
 
 
 
*LOCATION   : ............................................................
*SITE NUMBER: 11700109
*FILE NUMBER:        2
*INTERVAL   :   15 MIN
*BATTERY    :    6.1 V
*RESTARTS   :        0
*CONFIG     :       12
*CHANNEL    :  2 OF  2
 
             FRI    SAT    SUN    MON    TUE    WED    THU    7-DAY
DATE    08/01/18     19     20     21     22     23     24   AVERAGE
 
START HOUR
 
    0          1      1      0      1      0      2      0       1
    1          0      3      0      0      0      0      0       0
    2          0      0      2      0      0      0      0       0
    3          0      2      2      0      0      0      0       1
    4          0      1      1      0      0      0      0       0
    5          4      4      0      3      3      3      1       3
    6          8      1      1     10     10      8      8       7
    7         20      2      1     19     23     30     18      16
    8         40      2      1     37     30     38     29      25
    9         15      2      1     11     13     14     12      10
   10         13      3      8      6      7      7      5       7
   11         11      4     11      9     13      5     10       9
   12         15      5     13      7      5      7      2       8
   13          9      2     10      6      7      9      3       7
   14         13      4     20      7     14     10      8      11
   15         17      6     25     16     13     21     11      16
   16         24      3      9     30     27     23     12      18
   17         27      2     10     29     23     30     22      20
   18         12      2     10     18     25     19      9      14
   19          9      0      6     14     14     10      9       9
   20         10      2     10     20     12     11      4      10
   21          6      1     10      3      4     11      7       6
   22          2      1      3      2      1      5      1       2
   23          2      1      0      1      1      2      1       1
 
TOTALS
 
12HR 7-19    216     37    119    195    200    213    141     160
16HR 6-22    249     41    146    242    240    253    169     191
18HR 6-24    253     43    149    245    242    260    171     195
24HR 0-24    258     54    154    249    245    265    172     200
 
 
 
 
*LOCATION   : ............................................................
*SITE NUMBER: 11700109
*FILE NUMBER:        2
*INTERVAL   :   15 MIN
*BATTERY    :    6.1 V
*RESTARTS   :        0
*CONFIG     :       12
*CHANNEL    :  2 OF  2
 
             FRI    SAT    SUN    MON    TUE    WED    THU    7-DAY
DATE    08/01/25     26     27     28     29     30     31   AVERAGE
 
START HOUR
 
    0          0      1      3      0      1      1      -       -
    1          2      2      2      0      0      1      -       -
    2          0      2      1      0      0      0      -       -
    3          0      0      0      0      0      0      -       -
    4          0      0      0      0      0      0      -       -
    5          0      0      1      3      1      4      -       -
    6          6      0      2      9      8      4      -       -
    7         13      2      0     19     23     33      -       -
    8         22      2      3     24     28     34      -       -
    9         13      4      2     12     13      9      -       -
   10          4     12      5      6     13     12      -       -
   11          7      9      9      5      9      6      -       -
   12          6     11     14     12      6      6      -       -
   13          8     13     15     15      7     10      -       -
   14         10      6     15      6     10      -      -       -
   15          8     11     13     15     18      -      -       -
   16         18      5     11     28     27      -      -       -
   17         11      2     11     18     21      -      -       -
   18         12      6      7     18     12      -      -       -
   19         10      0      3     14     16      -      -       -
   20          8      2      4      9      6      -      -       -
   21          3      4      2     10      9      -      -       -
   22          2      3      3      3      4      -      -       -
   23          2      1      1      1      0      -      -       -
 
TOTALS
 
12HR 7-19    132     83    105    178    187      -      -       -
16HR 6-22    159     89    116    220    226      -      -       -
18HR 6-24    163     93    120    224    230      -      -       -
24HR 0-24    165     98    127    227    232      -      -       -
 
