 
 
 
*LOCATION   : ............................................................
*SITE NUMBER: 10202311
*FILE NUMBER:        1
*INTERVAL   :   15 MIN
*BATTERY    :    6.2 V
*RESTARTS   :        0
*CONFIG     :       12
*CHANNEL    :  1 OF  2
 
             MON    TUE    WED    THU    FRI    SAT    SUN    7-DAY
DATE    04/05/31     01     02     03     04     05     06   AVERAGE
 
START HOUR
 
    0          -      6      9     10     15      7     11       -
    1          -      6      5      5      2      7      5       -
    2          -      5      4      0      1      3      5       -
    3          -      1      1      1      4      3      3       -
    4          -      2      2      1      4      1      3       -
    5          -     24     20     21     17      5      3       -
    6          -    115    146    129     99     13     10       -
    7          -    248    271    310    264     15     17       -
    8          -    261    288    287    264     47     15       -
    9          -    129    125    137    109     50     28       -
   10          -     65     66     76     48     62     50       -
   11          -     57     89     68     71     85     71       -
   12          -     64    107     83     74     97     92       -
   13          -     76     65     76     87    117     85       -
   14          -     88     81    113    105    123     80       -
   15          -    185    211    206    214    142     61       -
   16          0    290    300    285    252    115     59     186
   17         36    227    241    246    174    102     60     155
   18        120    177    192    166    114     98     90     137
   19         83    141    147    145     89     50     90     106
   20         53     89    125    111     64     53     62      80
   21         50     68     85     79     53     37     53      61
   22         28     35     41     44     22     26     30      32
   23          5     14     20     15     18     10      9      13
 
TOTALS
 
12HR 7-19      -   1867   2036   2053   1776   1053    708       -
16HR 6-22      -   2280   2539   2517   2081   1206    923       -
18HR 6-24      -   2329   2600   2576   2121   1242    962       -
24HR 0-24      -   2373   2641   2614   2164   1268    992       -

 
 
 
 













*LOCATION   : ............................................................
*SITE NUMBER: 10202311
*FILE NUMBER:        1
*INTERVAL   :   15 MIN
*BATTERY    :    6.2 V
*RESTARTS   :        0
*CONFIG     :       12
*CHANNEL    :  1 OF  2
 
             MON    TUE    WED    THU    FRI    SAT    SUN    7-DAY
DATE    04/06/07     08     09     10     11     12     13   AVERAGE
 
START HOUR
 
    0         11      6      5     16      3      6      7       8
    1          2      2      3      4      2      6      7       4
    2          1      1      2      1      0      4      0       1
    3          1      2      2      2      3      5      1       2
    4          5      4      4      1      3      3      1       3
    5         21     12     22     23     10      4      2      13
    6        109    100    111    117     71     10     10      75
    7        279    234    321    289    112     18      7     180
    8        261    197    286    302    120     21     18     172
    9        118     87    124    130     53     26     29      81
   10         55     42     80     83     26     16     62      52
   11         59     47     68     73     21     14     99      54
   12         39     44     72     85     24     22    154      63
   13         48     52     77     68     39     17    151      65
   14         66     67     95     90     47     35    170      81
   15        164    141    190    223    112     24    186     149
   16        270    203    289    285    115     15     97     182
   17        216    158    264    230     78     30    100     154
   18        129    129    202    164     51     22    108     115
   19         96    129    157    120     32     21     88      92
   20         81     86    143     95     30     17     80      76
   21         49     50     93     68     25     11     53      50
   22         28     23     46     28     19     16     19      26
   23          9     14     14     11      5      6     14      10
 
TOTALS
 
12HR 7-19   1704   1401   2068   2022    798    260   1181    1348
16HR 6-22   2039   1766   2572   2422    956    319   1412    1641
18HR 6-24   2076   1803   2632   2461    980    341   1445    1677
24HR 0-24   2117   1830   2670   2508   1001    369   1463    1708

 
 
 
 
*LOCATION   : ............................................................
*SITE NUMBER: 10202311
*FILE NUMBER:        1
*INTERVAL   :   15 MIN
*BATTERY    :    6.2 V
*RESTARTS   :        0
*CONFIG     :       12
*CHANNEL    :  1 OF  2
 
             MON    TUE    WED    THU    FRI    SAT    SUN    7-DAY
DATE    04/06/14     15     16     17     18     19     20   AVERAGE
 
START HOUR
 
    0          5      5     11     10     11     12     10       9
    1          3      5      5      2      4      3      6       4
    2          1      1      3      2      7      5      4       3
    3          2      3      1      0      1      3      1       2
    4          2      2      4      2      2      2      1       2
    5         20     23     30     26     29      6      2      19
    6         99    136    112     96     93     19      8      80
    7        244    293    257    259    238     21      9     189
    8        211    324    196    255    227     26     11     179
    9        100    132    112    119    103     43      7      88
   10         25     80     51     75     62     35      4      47
   11         33     68     40     55     53     45     24      45
   12         28    100     63     54     52     75     72      63
   13         35     78     49     73     52     83    107      68
   14         55    121     73     65     82     94    126      88
   15        136    207    152    152    196    110    118     153
   16        226    326    249    211    210     80    117     203
   17        204    246    188    196    168     77    116     171
   18        144    192     84    127     96     87     90     117
   19        104    140     80     62     69     50     81      84
   20         84    113     54     64     56     41     46      65
   21         59     53     35     50     40     29     56      46
   22         27     33     25     38     26     27     27      29
   23         13     21     13     20     13     16      9      15
 
TOTALS
 
12HR 7-19   1441   2167   1514   1641   1539    776    801    1411
16HR 6-22   1787   2609   1795   1913   1797    915    992    1687
18HR 6-24   1827   2663   1833   1971   1836    958   1028    1731
24HR 0-24   1860   2702   1887   2013   1890    989   1052    1770

 
 
 
 












*LOCATION   : ............................................................
*SITE NUMBER: 10202311
*FILE NUMBER:        1
*INTERVAL   :   15 MIN
*BATTERY    :    6.2 V
*RESTARTS   :        0
*CONFIG     :       12
*CHANNEL    :  1 OF  2
 
             MON    TUE    WED    THU    FRI    SAT    SUN    7-DAY
DATE    04/06/21     22     23     24     25     26     27   AVERAGE
 
START HOUR
 
    0          7     15      9      5      3     19      9      10
    1          1      3      3      8      3      7      3       4
    2          3      3      2      2      1      6      2       3
    3          3      2      2      5      0      5      2       3
    4          2      4      1      3      2      2      0       2
    5         19     22     23     16      4      4      3      13
    6        101    107     78     76     11     10     11      56
    7        287    258    169    176      6      4     10     130
    8        253    248    182    182     13      3     19     129
    9        135    128     95     65     24      8      7      66
   10         63     79     52     31     46     17      9      42
   11         60     58     55     24     55     17      8      40
   12         53     59     51     27     46     28     18      40
   13         68     70     65     56     69     54     32      59
   14         70     88     71     78     68     65     23      66
   15        179    166    143    112     67     85     31     112
   16        240    254    196    122     46     76     13     135
   17        236    220    171     61     60     81     24     122
   18        164    165    114     36     60     63     22      89
   19        117    152     92     19     42     25     34      69
   20         80    121     87     16     50     42     32      61
   21         82     80     58     13     55     26     21      48
   22         31     39     31      7     34     10     14      24
   23         10     11      9      4     37      9      6      12
 
TOTALS
 
12HR 7-19   1808   1793   1364    970    560    501    216    1030
16HR 6-22   2188   2253   1679   1094    718    604    314    1264
18HR 6-24   2229   2303   1719   1105    789    623    334    1300
24HR 0-24   2264   2352   1759   1144    802    666    353    1334

 
 
 
 
*LOCATION   : ............................................................
*SITE NUMBER: 10202311
*FILE NUMBER:        1
*INTERVAL   :   15 MIN
*BATTERY    :    6.2 V
*RESTARTS   :        0
*CONFIG     :       12
*CHANNEL    :  1 OF  2
 
             MON    TUE    WED    THU    FRI    SAT    SUN    7-DAY
DATE    04/06/28     29     30     01     02     03     04   AVERAGE
 
START HOUR
 
    0          4      5      -      -      -      -      -       -
    1          5      6      -      -      -      -      -       -
    2          1      4      -      -      -      -      -       -
    3          1      0      -      -      -      -      -       -
    4          0      0      -      -      -      -      -       -
    5         16     26      -      -      -      -      -       -
    6         56     92      -      -      -      -      -       -
    7        143    227      -      -      -      -      -       -
    8        144    205      -      -      -      -      -       -
    9         83     96      -      -      -      -      -       -
   10         44     63      -      -      -      -      -       -
   11         41     78      -      -      -      -      -       -
   12         47     76      -      -      -      -      -       -
   13         47     71      -      -      -      -      -       -
   14         50      -      -      -      -      -      -       -
   15        109      -      -      -      -      -      -       -
   16        158      -      -      -      -      -      -       -
   17        138      -      -      -      -      -      -       -
   18        109      -      -      -      -      -      -       -
   19         92      -      -      -      -      -      -       -
   20         75      -      -      -      -      -      -       -
   21         40      -      -      -      -      -      -       -
   22         16      -      -      -      -      -      -       -
   23         15      -      -      -      -      -      -       -
 
TOTALS
 
12HR 7-19   1113      -      -      -      -      -      -       -
16HR 6-22   1376      -      -      -      -      -      -       -
18HR 6-24   1407      -      -      -      -      -      -       -
24HR 0-24   1434      -      -      -      -      -      -       -

 
 
 
 
 
















