 
 
 
*LOCATION   : ............................................................
*SITE NUMBER: 10702302
*FILE NUMBER:        2
*INTERVAL   :   15 MIN
*BATTERY    :    5.9 V
*RESTARTS   :        0
*CONFIG     :        0
*CHANNEL    :  1 OF  1
 
             TUE    WED    THU    FRI    SAT    SUN    MON    7-DAY
DATE    04/06/01     02     03     04     05     06     07   AVERAGE
 
START HOUR
 
    0          -      9     14     11     28     19      6       -
    1          -      2     10     11     20     13      4       -
    2          -      2      4      4     13     15      4       -
    3          -      0     10      9      7     13      6       -
    4          -      4      4      6      8      8      4       -
    5          -     16     17     10      6      3      8       -
    6          -     71     69     71     19      6     62       -
    7          -    207    201    191     26     10    182       -
    8          -    260    264    238     34      8    268       -
    9          -    130    162    127     48     11    121       -
   10         87     85     77    100     74     38     67      75
   11         96     95     96     92     94     46     87      87
   12         79     86    110    115    116     79     74      94
   13         88    103    117    134    191     64     59     108
   14        114    105    126    143    204     60     76     118
   15        203    204    230    223    239     65    160     189
   16        297    268    307    293    206     41    274     241
   17        216    259    257    158    219     62    180     193
   18        162    171    194    120    158     81    134     146
   19        133    150    147    103     95     69    100     114
   20         73    118    122     81     71     64     57      84
   21         53     65     62     69     41     49     46      55
   22         22     31     38     43     27     27     18      29
   23         20     30     25     30     22     14     14      22
 
TOTALS
 
12HR 7-19      -   1973   2141   1934   1609    565   1682       -
16HR 6-22      -   2377   2541   2258   1835    753   1947       -
18HR 6-24      -   2438   2604   2331   1884    794   1979       -
24HR 0-24      -   2471   2663   2382   1966    865   2011       -
 
 
 
 
*LOCATION   : ............................................................
*SITE NUMBER: 10702302
*FILE NUMBER:        2
*INTERVAL   :   15 MIN
*BATTERY    :    5.9 V
*RESTARTS   :        0
*CONFIG     :        0
*CHANNEL    :  1 OF  1
 
             TUE    WED    THU    FRI    SAT    SUN    MON    7-DAY
DATE    04/06/08     09     10     11     12     13     14   AVERAGE
 
START HOUR
 
    0          5      4     14     14      6     10     11       9
    1          4      8     14      6     13     10      5       9
    2          0      3      5      6     17      6      3       6
    3          2      5      6      6      8      9      2       5
    4          5      4      5      3      6      4      1       4
    5          8     12      8      3      6      4      8       7
    6         59     77     68     50      7      4     64      47
    7        148    187    193    102     12      4    158     115
    8        202    241    265     91     39      8    220     152
    9         96    133    140     44     35     21    106      82
   10         50     96     74     23     17     27     38      46
   11         60     97     90     29     27     58     41      57
   12         69    108    134     42     25     86     26      70
   13         74    116    119     49     25    108     41      76
   14         71    140    114     46     26    142     80      88
   15        144    205    203     89     24    118    134     131
   16        229    303    292     95     25     91    231     181
   17        165    254    224     71     25    100    173     145
   18        138    202    203     61     24     87    145     123
   19        108    162    123     41     26     76     89      89
   20         76    122    108     30     18     65     75      71
   21         54     77     68     22     14     44     55      48
   22         23     34     23     20     13     30     19      23
   23        273     36     22     22     10     23     10      57
 
TOTALS
 
12HR 7-19   1446   2082   2051    742    304    850   1393    1267
16HR 6-22   1743   2520   2418    885    369   1039   1676    1521
18HR 6-24   2039   2590   2463    927    392   1092   1705    1601
24HR 0-24   2063   2626   2515    965    448   1135   1735    1641
 
 
 
 
*LOCATION   : ............................................................
*SITE NUMBER: 10702302
*FILE NUMBER:        2
*INTERVAL   :   15 MIN
*BATTERY    :    5.9 V
*RESTARTS   :        0
*CONFIG     :        0
*CHANNEL    :  1 OF  1
 
             TUE    WED    THU    FRI    SAT    SUN    MON    7-DAY
DATE    04/06/15     16     17     18     19     20     21   AVERAGE
 
START HOUR
 
    0         13     16      8     10     16      9      3      11
    1          1      9      5      1      9     12      3       6
    2          4      5      4      1      9     13      3       6
    3          1      1      1      7      9     10      3       5
    4          2      2      8      6      7      5      2       5
    5         17     10     11      8      7      4     10      10
    6         68     59     65     58     19      7     53      47
    7        198    170    150    156     18     12    162     124
    8        284    198    239    211     25      6    258     174
    9        129    119    138    112     49      9    136      99
   10        105     55     76     88     50      4     96      68
   11        115     63     91     85     74     20     93      77
   12        127     57     89     75     91     49    108      85
   13        109     64     89     85     91     85     95      88
   14        115     98     84    124    128     89     90     104
   15        172    170    168    177    110     83    181     152
   16        274    229    256    186     98     91    270     201
   17        224    144    219    156     91    104    212     164
   18        177     94    170    113     65     64    153     119
   19        155     77    111     74     50     63    111      92
   20         99     62     84     56     51     52     80      69
   21         72     42     52     46     40     32     54      48
   22         33     24     22     23     22     19     21      23
   23         31     16     22     23     23     14      9      20
 
TOTALS
 
12HR 7-19   2029   1461   1769   1568    890    616   1854    1455
16HR 6-22   2423   1701   2081   1802   1050    770   2152    1711
18HR 6-24   2487   1741   2125   1848   1095    803   2182    1754
24HR 0-24   2525   1784   2162   1881   1152    856   2206    1795
 
 
 
 
*LOCATION   : ............................................................
*SITE NUMBER: 10702302
*FILE NUMBER:        2
*INTERVAL   :   15 MIN
*BATTERY    :    5.9 V
*RESTARTS   :        0
*CONFIG     :        0
*CHANNEL    :  1 OF  1
 
             TUE    WED    THU    FRI    SAT    SUN    MON    7-DAY
DATE    04/06/22     23     24     25     26     27     28   AVERAGE
 
START HOUR
 
    0         10     10     11      6     10      5      4       8
    1          3      5      8      5     10      4      2       5
    2          2      1     10      4      4      3      1       4
    3          2      2      9      0      8      1      2       3
    4          2      2      8      2      4      5      1       3
    5          8     11     15      4      3      1      5       7
    6         62     49     52      6      3      8     25      29
    7        173    113    116      6     12     10     75      72
    8        224    184    177     20      1     11    123     106
    9        140    105    101     23     10      8      -       -
   10        114     70     35     43     12      3      -       -
   11         84     77     38     47     21      7      -       -
   12         92     89     33     60     34     19      -       -
   13         86     81     38     64     35     20      -       -
   14        105     91     59     60     60     17      -       -
   15        198    161    110     39     48     12      -       -
   16        237    215    105     34     42     23      -       -
   17        241    167     68     28     58     15      -       -
   18        181    132     52     40     53     20      -       -
   19        146    125     37     33     38     19      -       -
   20         96     93     23     25     35     19      -       -
   21         62     56     17     29     34     15      -       -
   22         42     28     14     22     10     14      -       -
   23         16     30     12     19     12      6      -       -
 
TOTALS
 
12HR 7-19   1875   1485    932    464    386    165      -       -
16HR 6-22   2241   1808   1061    557    496    226      -       -
18HR 6-24   2299   1866   1087    598    518    246      -       -
24HR 0-24   2326   1897   1148    619    557    265      -       -
 
