 
 
 
*LOCATION   : ............................................................
*SITE NUMBER: 11202314
*FILE NUMBER:        6
*INTERVAL   :   15 MIN
*BATTERY    :    6.2 V
*RESTARTS   :        0
*CONFIG     :        0
*CHANNEL    :  1 OF  1
 
             MON    TUE    WED    THU    FRI    SAT    SUN    7-DAY
DATE    04/05/31     01     02     03     04     05     06   AVERAGE
 
START HOUR
 
    0          -      0      2      0      1      6      1       -
    1          -      0      0      2      0      0      0       -
    2          -      0      0      0      1      0      1       -
    3          -      1      0      1      1      0      0       -
    4          -      0      1      1      2      2      0       -
    5          -      1      1      1      3      2      0       -
    6          -     15     10     11      7      2      1       -
    7          -     25     30     24     18      1      1       -
    8          -     22     23     20     10      4      6       -
    9          -      3     10     15     11      6     11       -
   10         10     15     17     25      9     25     15      17
   11          7     16     19     18     12     27     19      17
   12         12     20     17     15      9     31     29      19
   13         15     17     20     28     15     61     26      26
   14         16     19     29     14     26     46     23      25
   15         19     34     36     38     22     43     20      30
   16         21     34     49     38     40     42     22      35
   17         13     36     37     28     13     34     33      28
   18         27     25     27     27     18     46     23      28
   19         21     33     50     29     36     27     33      33
   20         13     21     32     34     20     16     21      22
   21         10     14     13     16     11      9     10      12
   22          1      7      3      3      8      1      6       4
   23          1      1      1      3      5      3      1       2
 
TOTALS
 
12HR 7-19      -    266    314    290    203    366    228       -
16HR 6-22      -    349    419    380    277    420    293       -
18HR 6-24      -    357    423    386    290    424    300       -
24HR 0-24      -    359    427    391    298    434    302       -
 
 
 
 
*LOCATION   : ............................................................
*SITE NUMBER: 11202314
*FILE NUMBER:        6
*INTERVAL   :   15 MIN
*BATTERY    :    6.2 V
*RESTARTS   :        0
*CONFIG     :        0
*CHANNEL    :  1 OF  1
 
             MON    TUE    WED    THU    FRI    SAT    SUN    7-DAY
DATE    04/06/07     08     09     10     11     12     13   AVERAGE
 
START HOUR
 
    0          0      1      1      0      0      1      1       1
    1          0      0      0      0      1      1      0       0
    2          0      0      0      0      0      1      7       1
    3          0      1      0      0      0      0      3       1
    4          1      1      1      0      0      0      0       0
    5          3      1      1      3      1      0      0       1
    6         16      6     16     14      9      4      1       9
    7         27     23     33     29     16      1      3      19
    8         17      7     15     21      5      4      3      10
    9          6      9     14      9      2      3      5       7
   10         11      9     22     12      1      1     20      11
   11         20      6     21     22      3      0     44      17
   12          9      7     28     25      4      2     44      17
   13          6     11     29     31      8      4     66      22
   14         10     15     20     28      8      3     61      21
   15         19     12     33     45      9      5     44      24
   16         28     26     44     38      8      4     36      26
   17         30     28     31     24     12      1     37      23
   18         28     26     36     19      6      2     48      24
   19         18     15     40     17      3      3     47      20
   20         18     30     26     21      4      2     45      21
   21          3      5     17     11      3      8     10       8
   22          1      5      5      2      3      1      6       3
   23          0      1      2      2      2      0      9       2
 
TOTALS
 
12HR 7-19    211    179    326    303     82     30    411     220
16HR 6-22    266    235    425    366    101     47    514     279
18HR 6-24    267    241    432    370    106     48    529     285
24HR 0-24    271    245    435    373    108     51    540     289
 
 
 
 
*LOCATION   : ............................................................
*SITE NUMBER: 11202314
*FILE NUMBER:        6
*INTERVAL   :   15 MIN
*BATTERY    :    6.2 V
*RESTARTS   :        0
*CONFIG     :        0
*CHANNEL    :  1 OF  1
 
             MON    TUE    WED    THU    FRI    SAT    SUN    7-DAY
DATE    04/06/14     15     16     17     18     19     20   AVERAGE
 
START HOUR
 
    0          2      0      1      1      0      0      1       1
    1          0      0      1      1      3      0      0       1
    2          3      2      0      0      0      0      0       1
    3          0      0      1      0      0      0      0       0
    4          1      1      3      1      1      1      1       1
    5          1      4      2      2      4      2      0       2
    6         10     13     16     10     17      2      1      10
    7         24     30     24     24     17      3      3      18
    8         16     22     13     10     18      2      1      12
    9          5     15     11      6      9      2      1       7
   10          4      9      7     11      6     11      1       7
   11          4     29      7     15     10     16      8      13
   12          3     12      6     25      7     17     30      14
   13          0     17      9     19     15     17     28      15
   14          4     26     11     19     16     22     47      21
   15         12     25     16     21     21     53     31      26
   16         22     44     26     22     23     44     37      31
   17         28     39     13     20     19     32     42      28
   18         32     34      5     18     21     32     27      24
   19         26     41      9     13     12     21     34      22
   20         14     21      4     21     22     17     23      17
   21         27     13      4     12      6      9      5      11
   22          2      8      7      7      2      7      5       5
   23          0      5      3      3      5      2      2       3
 
TOTALS
 
12HR 7-19    154    302    148    210    182    251    256     215
16HR 6-22    231    390    181    266    239    300    319     275
18HR 6-24    233    403    191    276    246    309    326     283
24HR 0-24    240    410    199    281    254    312    328     289
 
 
 
 
*LOCATION   : ............................................................
*SITE NUMBER: 11202314
*FILE NUMBER:        6
*INTERVAL   :   15 MIN
*BATTERY    :    6.2 V
*RESTARTS   :        0
*CONFIG     :        0
*CHANNEL    :  1 OF  1
 
             MON    TUE    WED    THU    FRI    SAT    SUN    7-DAY
DATE    04/06/21     22     23     24     25     26     27   AVERAGE
 
START HOUR
 
    0          0      0      1      4      2      1      0       1
    1          1      1      0      0      1      2      0       1
    2          0      1      0      1      1      1      2       1
    3          1      0      1      0      0      1      2       1
    4          1      0      1      1      0      8      0       2
    5          2      3      1      1      1      5      2       2
    6         18      8     16     18      2      0      5      10
    7         26     23     11     11      1      3      2      11
    8         19     11     13     12      3      2      4       9
    9         18      8      5      6      7      1      0       6
   10         14     15     11      5     17      1      3       9
   11         11     14      8      3     11     11      1       8
   12         20     14     15      2     32     15      9      15
   13         24     17      6      7     31     23      6      16
   14         20     15     16      4     28     20      5      15
   15         24     28     37      9     25     24     11      23
   16         32     37     30      1     28     31      4      23
   17         29     36     20      7     11     37      2      20
   18         44     23     17      5     23     34     12      23
   19         31     41     24      6     17     26     11      22
   20         16     24     23      4     18     10      6      14
   21          9     12     15      3      9     12      9      10
   22          3      5      5      0     11      3      4       4
   23          1      2      1      1      7      1      0       2
 
TOTALS
 
12HR 7-19    281    241    189     72    217    202     59     180
16HR 6-22    355    326    267    103    263    250     90     236
18HR 6-24    359    333    273    104    281    254     94     243
24HR 0-24    364    338    277    111    286    272    100     250
 
 
 
 
*LOCATION   : ............................................................
*SITE NUMBER: 11202314
*FILE NUMBER:        6
*INTERVAL   :   15 MIN
*BATTERY    :    6.2 V
*RESTARTS   :        0
*CONFIG     :        0
*CHANNEL    :  1 OF  1
 
             MON    TUE    WED    THU    FRI    SAT    SUN    7-DAY
DATE    04/06/28     29     30     01     02     03     04   AVERAGE
 
START HOUR
 
    0          0      -      -      -      -      -      -       -
    1          1      -      -      -      -      -      -       -
    2          0      -      -      -      -      -      -       -
    3          0      -      -      -      -      -      -       -
    4          2      -      -      -      -      -      -       -
    5          3      -      -      -      -      -      -       -
    6         10      -      -      -      -      -      -       -
    7         13      -      -      -      -      -      -       -
    8          7      -      -      -      -      -      -       -
    9          5      -      -      -      -      -      -       -
   10          3      -      -      -      -      -      -       -
   11          7      -      -      -      -      -      -       -
   12          2      -      -      -      -      -      -       -
   13          6      -      -      -      -      -      -       -
   14         16      -      -      -      -      -      -       -
   15          -      -      -      -      -      -      -       -
   16          -      -      -      -      -      -      -       -
   17          -      -      -      -      -      -      -       -
   18          -      -      -      -      -      -      -       -
   19          -      -      -      -      -      -      -       -
   20          -      -      -      -      -      -      -       -
   21          -      -      -      -      -      -      -       -
   22          -      -      -      -      -      -      -       -
   23          -      -      -      -      -      -      -       -
 
TOTALS
 
12HR 7-19      -      -      -      -      -      -      -       -
16HR 6-22      -      -      -      -      -      -      -       -
18HR 6-24      -      -      -      -      -      -      -       -
24HR 0-24      -      -      -      -      -      -      -       -
 
