*LOCATION	:	..	........	.......	.......	.......	.......	.......	...............
*SITE NUMB	ER:	11	802708						
*FILE NUMB	ER:		4						
*INTERVAL	:		15 MIN						
*BATTERY	:		6.4 V						
*RESTARTS	:		0						
*CONFIG	:		12						
*CHANNEL	:	1	OF  2						

		TUE	WED	THU	FRI	SAT	SUN	MON	7-DAY
DATE    04	/06	/29	30	1	2	3	4	5	AVERAGE

START HOUR									

0		-	6	1	6	7	1	6	-
1		-	5	2	1	3	0	4	-
2		-	0	1	2	0	3	1	-
3		-	4	0	0	0	1	3	-
4		-	1	0	4	0	2	5	-
5		-	9	3	8	0	0	7	-
6		-	54	17	40	4	7	34	-
7		-	75	47	60	10	16	65	-
8		-	48	26	38	8	24	35	-
9		-	32	32	56	15	42	44	-
10		-	17	38	59	16	84	51	-
11		-	7	34	75	5	111	45	-
12		-	21	67	90	11	161	62	-
13		-	15	63	91	2	121	41	-
14		56	17	67	102	8	111	71	62
15		103	44	66	95	9	95	86	71
16		116	73	100	88	6	72	119	82
17		100	28	105	98	9	65	98	72
18		76	38	106	90	23	92	88	73
19		83	29	92	42	9	81	93	61
20		76	23	72	19	5	80	78	50
21		69	12	54	24	7	25	72	38
22		21	5	18	9	3	14	22	13
23		17	3	4	6	1	9	7	7

TOTALS									

12HR 7-19		-	415	751	942	122	994	805	-
16HR 6-22		-	533	986	1067	147	1187	1082	-
18HR 6-24		-	541	1008	1082	151	1210	1111	-
24HR 0-24		-	566	1015	1103	161	1217	1137	-










*LOCATION	:	..	........	.......	.......	.......	.......	.......	...............
*SITE NUMB	ER:	11	802708						
*FILE NUMB	ER:		4						
*INTERVAL	:		15 MIN						
*BATTERY	:		6.4 V						
*RESTARTS	:		0						
*CONFIG	:		12						
*CHANNEL	:	1	OF  2						

		TUE	WED	THU	FRI	SAT	SUN	MON	7-DAY
DATE    04	/07	/06	7	8	9	10	11	12	AVERAGE

START HOUR									

0		7	7	2	5	4	0	2	4
1		1	4	1	3	5	2	0	2
2		0	4	1	2	4	1	0	2
3		2	2	0	4	4	3	2	2
4		3	1	0	1	1	1	1	1
5		7	9	11	7	5	3	6	7
6		43	50	48	51	8	8	42	36
7		56	56	71	66	17	16	61	49
8		46	34	53	45	22	19	52	39
9		34	38	35	52	18	22	40	34
10		59	28	50	42	17	65	44	44
11		62	32	102	72	33	77	88	67
12		63	53	78	40	21	64	74	56
13		49	52	76	77	18	98	82	65
14		56	57	89	113	19	85	60	68
15		84	67	103	114	16	72	94	79
16		103	80	121	97	21	67	113	86
17		75	92	119	81	35	92	93	84
18		95	69	113	77	50	84	87	82
19		84	57	87	49	56	103	62	71
20		49	57	71	49	32	55	46	51
21		43	34	33	48	33	36	23	36
22		8	9	17	13	8	8	13	11
23		7	4	10	7	10	6	4	7

TOTALS									

12HR 7-19		782	658	1010	876	287	761	888	752
16HR 6-22	1	1	856	1249	1073	416	963	1061	946
18HR 6-24	1	16	869	1276	1093	434	977	1078	963
24HR 0-24	1	1036	896	1291	1115	457	987	1089	982
















*LOCATION	:	..	........	.......	.......	.......	.......	.......	...............
*SITE NUMB	ER:	11	802708						
*FILE NUMB	ER:		4						
*INTERVAL	:		15 MIN						
*BATTERY	:		6.4 V						
*RESTARTS	:		0						
*CONFIG	:		12						
*CHANNEL	:	1	OF  2						

		TUE	WED	THU	FRI	SAT	SUN	MON	7-DAY
DATE    04	/07	/13	14	15	16	17	18	19	AVERAGE

START HOUR									

0		2	4	1	3	6	3	5	3
1		0	0	1	2	7	0	5	2
2		2	3	1	1	4	4	6	3
3		0	1	6	0	2	1	0	1
4		1	2	1	2	1	2	2	2
5		11	5	12	7	4	3	5	7
6		51	40	38	34	8	6	52	33
7		67	66	57	66	15	13	65	50
8		32	22	33	30	36	29	39	32
9		64	30	49	59	32	53	39	47
10		37	28	42	53	45	91	68	52
11		66	33	63	68	51	96	69	64
12		58	66	62	106	42	126	82	77
13		52	61	48	121	28	113	68	70
14		65	60	67	74	35	168	91	80
15		89	107	83	88	69	124	154	102
16		110	84	105	84	60	162	117	103
17		98	79	87	71	58	137	122	93
18		88	53	126	65	53	95	120	86
19		99	64	107	76	66	99	97	87
20		60	42	85	67	48	69	78	64
21		45	43	37	37	25	53	31	39
22		31	22	25	19	11	33	25	24
23		16	11	13	7	7	1	5	9

TOTALS									

12HR 7-19		826	689	822	885	524	1207	1034	855
16HR 6-22	1	81	878	1089	1099	671	1434	1292	1078
18HR 6-24	1	128	911	1127	1125	689	1468	1322	1110
24HR 0-24	1	1144	926	1149	1140	713	1481	1345	1128



















*LOCATION	:	..	........	.......	.......	.......	.......	.......	...............
*SITE NUMB	ER:	11	802708						
*FILE NUMB	ER:		4						
*INTERVAL	:		15 MIN						
*BATTERY	:		6.4 V						
*RESTARTS	:		0						
*CONFIG	:		12						
*CHANNEL	:	1	OF  2						

		TUE	WED	THU	FRI	SAT	SUN	MON	7-DAY
DATE    04	/07	/20	21	22	23	24	25	26	AVERAGE

START HOUR									

0		4	1	6	0	6	6	6	4
1		7	5	0	1	10	0	3	4
2		0	3	4	1	5	1	5	3
3		1	3	3	0	2	1	1	2
4		0	1	2	0	1	1	0	1
5		1	11	7	2	0	5	11	5
6		17	54	60	52	6	9	47	35
7		42	74	68	51	10	17	92	51
8		25	51	40	39	23	17	42	34
9		37	55	49	48	23	42	43	42
10		36	62	59	71	40	62	62	56
11		48	74	70	69	64	85	60	67
12		52	85	84	72	88	103	81	81
13		67	107	81	103	100	129	71	94
14		76	83	104	111	88	95	78	91
15		125	106	99	94	68	36	104	90
16		106	136	112	82	114	75	128	108
17		136	126	80	38	87	84	119	96
18		74	91	106	41	87	96	129	89
19		85	75	73	34	72	96	120	79
20		87	55	83	18	51	87	113	71
21		45	43	44	18	21	55	59	41
22		24	11	18	18	29	23	30	22
23		8	7	11	5	8	8	7	8

TOTALS									

12HR 7-19		824	1050	952	819	792	841	1009	898
16HR 6-22	1	58	1277	1212	941	942	1088	1348	1124
18HR 6-24	1	90	1295	1241	964	979	1119	1385	1153
24HR 0-24	1	1103	1319	1263	968	1003	1133	1411	1171





*LOCATION	:	..	........	.......	.......	.......	.......	.......	...............
*SITE NUMB	ER:	11	802708						
*FILE NUMB	ER:		4						
*INTERVAL	:		15 MIN						
*BATTERY	:		6.4 V						
*RESTARTS	:		0						
*CONFIG	:		12						
*CHANNEL	:	1	OF  2						

		TUE	WED	THU	FRI	SAT	SUN	MON	7-DAY
DATE    04	/07	/27	28	29	30	31	1	2	AVERAGE

START HOUR									

0		3	9	1	2	3	2	2	3
1		4	6	1	1	1	1	7	3
2		2	6	0	0	2	3	2	2
3		0	0	0	0	0	0	1	0
4		0	0	0	0	1	0	2	0
5		7	5	4	10	3	1	11	6
6		66	17	16	23	4	13	67	29
7		102	25	18	30	11	17	98	43
8		55	13	9	33	6	17	58	27
9		41	13	12	45	8	24	64	30
10		57	2	7	45	26	58	63	37
11		84	10	4	47	21	92	88	49
12		92	22	4	52	31	185	114	71
13		96	45	11	49	43	206	113	80
14		108	37	10	56	62	226	120	88
15		116	39	24	51	91	159	146	89
16		134	42	60	42	40	193	187	100
17		116	41	36	69	27	155	162	87
18		100	36	32	79	65	231	178	103
19		88	45	9	37	70	135	174	80
20		76	23	14	57	52	144	117	69
21		38	16	13	43	17	53	64	35
22		17	9	8	28	21	27	31	20
23		3	3	2	7	3	5	6	4

TOTALS									

12HR 7-19	1	101	325	227	598	431	1563	1391	805
16HR 6-22	1	369	426	279	758	574	1908	1813	1018
18HR 6-24	1	389	438	289	793	598	1940	1850	1042
24HR 0-24	1	1405	464	295	806	608	1947	1875	1057



















*LOCATION	:	..	........	.......	.......	.......	.......	.......	...............
*SITE NUMB	ER:	11	802708						
*FILE NUMB	ER:		4						
*INTERVAL	:		15 MIN						
*BATTERY	:		6.4 V						
*RESTARTS	:		0						
*CONFIG	:		12						
*CHANNEL	:	1	OF  2						

		TUE	WED	THU	FRI	SAT	SUN	MON	7-DAY
DATE    04	/08	/03	4	5	6	7	8	9	AVERAGE

START HOUR									

0		2	-	-	-	-	-	-	-
1		2	-	-	-	-	-	-	-
2		2	-	-	-	-	-	-	-
3		0	-	-	-	-	-	-	-
4		1	-	-	-	-	-	-	-
5		6	-	-	-	-	-	-	-
6		60	-	-	-	-	-	-	-
7		115	-	-	-	-	-	-	-
8		78	-	-	-	-	-	-	-
9		55	-	-	-	-	-	-	-
10		48	-	-	-	-	-	-	-
11		65	-	-	-	-	-	-	-
12		-	-	-	-	-	-	-	-
13		-	-	-	-	-	-	-	-
14		-	-	-	-	-	-	-	-
15		-	-	-	-	-	-	-	-
16		-	-	-	-	-	-	-	-
17		-	-	-	-	-	-	-	-
18		-	-	-	-	-	-	-	-
19		-	-	-	-	-	-	-	-
20		-	-	-	-	-	-	-	-
21		-	-	-	-	-	-	-	-
22		-	-	-	-	-	-	-	-
23		-	-	-	-	-	-	-	-
		434							
TOTALS									

12HR 7-19		-	-	-	-	-	-	-	-
16HR 6-22		-	-	-	-	-	-	-	-
18HR 6-24		-	-	-	-	-	-	-	-
24HR 0-24		-	-	-	-	-	-	-	-
