 
 
 
*LOCATION   : ............................................................
*SITE NUMBER: 10303625
*FILE NUMBER:        2
*INTERVAL   :   15 MIN
*BATTERY    :    6.6 V
*RESTARTS   :        0
*CONFIG     :        0
*CHANNEL    :  1 OF  1
 
             MON    TUE    WED    THU    FRI    SAT    SUN    7-DAY
DATE    08/09/01     02     03     04     05     06     07   AVERAGE
 
START HOUR
 
    0          -      2      1      3      4     11      3       -
    1          -      3      5      1      5      7      2       -
    2          -      2      0      1      3      4      3       -
    3          -      0      2      2      4      1      1       -
    4          -      3      7      1      2      1      1       -
    5          -     13     12      9     18      3      2       -
    6          -     84     65     36     65     12      5       -
    7          -    148    127     76    122      5     10       -
    8          -    163    142    110    144     14      3       -
    9          -     50     77     60     70     40     23       -
   10         26     27     32     26     29     45     50      34
   11         51     19     21     13     39     54     74      39
   12         50     18     28     37     35     60     59      41
   13         47     22     27     34     43     82     56      44
   14         59     41     43     51     67    101     55      60
   15        125     93     95     93    123     64     60      93
   16        232    136    160    147    166     63     45     136
   17        161     92    129    119    119     56     46     103
   18        110     53     60     96     73     39     40      67
   19         55     34     47     73     46     20     23      43
   20         38     35     45     63     40     11     28      37
   21         26     16     37     39     32      8     13      24
   22         12      2     17     25     36      3      9      15
   23          4      2      4     13     27      3      1       8
 
TOTALS
 
12HR 7-19      -    862    941    862   1030    623    521       -
16HR 6-22      -   1031   1135   1073   1213    674    590       -
18HR 6-24      -   1035   1156   1111   1276    680    600       -
24HR 0-24      -   1058   1183   1128   1312    707    612       -
 
 
 
 
*LOCATION   : ............................................................
*SITE NUMBER: 10303625
*FILE NUMBER:        2
*INTERVAL   :   15 MIN
*BATTERY    :    6.6 V
*RESTARTS   :        0
*CONFIG     :        0
*CHANNEL    :  1 OF  1
 
             MON    TUE    WED    THU    FRI    SAT    SUN    7-DAY
DATE    08/09/08     09     10     11     12     13     14   AVERAGE
 
START HOUR
 
    0          0      2      1      9      7      2      4       4
    1          0      2      0      1      5      4      4       2
    2          2      3      0      1      1      1      3       2
    3          2      1      0      1      0      6      3       2
    4          0      0      0      1      0      0      2       0
    5         18      8     11     14     12      1      3      10
    6         69     66     44     60     52      8      2      43
    7        153     88    121    151    119     14      5      93
    8        188     85    109    162    117     12     14      98
    9         82     33     56     74     81     26      8      51
   10         35     21     24     41     35     30     37      32
   11         35      8     26     38     26     41     39      30
   12         32     17     24     38     44     51     46      36
   13         27      7     36     32     48     43     53      35
   14         54     22     42     44     56     36     54      44
   15        125     52     77    126    122     38     41      83
   16        175     87    130    145    147     39     43     109
   17        144     61     94    137     77     40     53      87
   18         81     41     70     94     61     37     42      61
   19         31     24     54     56     36     23     21      35
   20         32     22     37     56     28     22     18      31
   21         19     11     33     42     26      5     17      22
   22          9      7     23     13     15     13      6      12
   23          4      1      5      7      8      5      2       5
 
TOTALS
 
12HR 7-19   1131    522    809   1082    933    407    435     760
16HR 6-22   1282    645    977   1296   1075    465    493     890
18HR 6-24   1295    653   1005   1316   1098    483    501     907
24HR 0-24   1317    669   1017   1343   1123    497    520     927
 
 
 
 
*LOCATION   : ............................................................
*SITE NUMBER: 10303625
*FILE NUMBER:        2
*INTERVAL   :   15 MIN
*BATTERY    :    6.6 V
*RESTARTS   :        0
*CONFIG     :        0
*CHANNEL    :  1 OF  1
 
             MON    TUE    WED    THU    FRI    SAT    SUN    7-DAY
DATE    08/09/15     16     17     18     19     20     21   AVERAGE
 
START HOUR
 
    0          3      2      2      7      1      7      6       4
    1          1      2      3      0      2      1      5       2
    2          0      3      0      2      0      3      1       1
    3          0      1      0      0      1      0      1       0
    4          1      1      4      1      2      1      6       2
    5         14     15     14     15     12      1      2      10
    6         61     62     62     46     50      7      9      42
    7        134    163    125    104     99      6      6      91
    8        170    156    107    115    124     12     11      99
    9         70     79     47     50     49     17     18      47
   10         33     31     17     22     36     23     35      28
   11         36     28     17     30     27     18     62      31
   12         31     29     19     20     44     45     81      38
   13         26     24     27     21     43     46     99      41
   14         49     40     28     40     51     52     75      48
   15         99    114     90     85     89     35    100      87
   16        202    190    131    122    121     39     78     126
   17        120    105     80    105     75     30     57      82
   18         73     77     60     61     44     34     52      57
   19         70     46     32     34     26     25     47      40
   20         38     61     34     41     22     19     31      35
   21         27     27     31     30     14     12     13      22
   22         11      7      9     11     14      8      8      10
   23          6      8      2      7      4      8      4       6
 
TOTALS
 
12HR 7-19   1043   1036    748    775    802    357    674     776
16HR 6-22   1239   1232    907    926    914    420    774     916
18HR 6-24   1256   1247    918    944    932    436    786     931
24HR 0-24   1275   1271    941    969    950    449    807     952
 
 
 
 
*LOCATION   : ............................................................
*SITE NUMBER: 10303625
*FILE NUMBER:        2
*INTERVAL   :   15 MIN
*BATTERY    :    6.6 V
*RESTARTS   :        0
*CONFIG     :        0
*CHANNEL    :  1 OF  1
 
             MON    TUE    WED    THU    FRI    SAT    SUN    7-DAY
DATE    08/09/22     23     24     25     26     27     28   AVERAGE
 
START HOUR
 
    0          2      4      7      4      2      5     14       5
    1          3      7      5      3      3      0      3       3
    2          1      3      2      1      4      2      3       2
    3          1      4      1      0      1      1      0       1
    4          2      0      1      3      3      0      2       2
    5         15     15     13     13     11      3      1      10
    6         62     66     65     62     50     10      3      45
    7        142    163    143    153    128     14      3     107
    8        176    175    159    134    137     11      8     114
    9         73     93     77     69     56     28      8      58
   10         40     43     39     40     33     47     14      37
   11         36     40     33     47     56     38     52      43
   12         45     58     36     55     35     72     54      51
   13         40     44     53     39     34     52     58      46
   14         49     68     62     51     55     55     51      56
   15        119    118    104    126    101     54     64      98
   16        196    203    173    153    150     56     44     139
   17        146    151    143    140     89     41     47     108
   18         93    106     95    111     50     36     45      77
   19         80     64     59     50     37     31     28      50
   20         59     45     61     49     23     14     18      38
   21         32     31     28     40     26      8     20      26
   22          9      8     27     14     16      7      5      12
   23          3      5      4      9      6      7      8       6
 
TOTALS
 
12HR 7-19   1155   1262   1117   1118    924    504    448     933
16HR 6-22   1388   1468   1330   1319   1060    567    517    1093
18HR 6-24   1400   1481   1361   1342   1082    581    530    1111
24HR 0-24   1424   1514   1390   1366   1106    592    553    1135
 
 
 
 
*LOCATION   : ............................................................
*SITE NUMBER: 10303625
*FILE NUMBER:        2
*INTERVAL   :   15 MIN
*BATTERY    :    6.6 V
*RESTARTS   :        0
*CONFIG     :        0
*CHANNEL    :  1 OF  1
 
             MON    TUE    WED    THU    FRI    SAT    SUN    7-DAY
DATE    08/09/29     30     01     02     03     04     05   AVERAGE
 
START HOUR
 
    0          5      3      4      2      -      -      -       -
    1          2      2      4      3      -      -      -       -
    2          1      2      0      0      -      -      -       -
    3          0      0      0      5      -      -      -       -
    4          0      0      0      2      -      -      -       -
    5         13     15     10     12      -      -      -       -
    6         53     56     59     27      -      -      -       -
    7        138    142    105     45      -      -      -       -
    8        147    146    104     60      -      -      -       -
    9         84     81     56     26      -      -      -       -
   10         30     33     23     14      -      -      -       -
   11         36     33     31     14      -      -      -       -
   12         27     47     36     15      -      -      -       -
   13         29     53     22     17      -      -      -       -
   14         44     53     28      -      -      -      -       -
   15        104    104     80      -      -      -      -       -
   16        155    142    120      -      -      -      -       -
   17        151    116     76      -      -      -      -       -
   18         84     94     51      -      -      -      -       -
   19         54     54     37      -      -      -      -       -
   20         40     48     24      -      -      -      -       -
   21         32     24     24      -      -      -      -       -
   22          7      6     13      -      -      -      -       -
   23          4     10     11      -      -      -      -       -
 
TOTALS
 
12HR 7-19   1029   1044    732      -      -      -      -       -
16HR 6-22   1208   1226    876      -      -      -      -       -
18HR 6-24   1219   1242    900      -      -      -      -       -
24HR 0-24   1240   1264    918      -      -      -      -       -
 
