 
 
 
*LOCATION   : ............................................................
*SITE NUMBER: 11203613
*FILE NUMBER:        2
*INTERVAL   :   15 MIN
*BATTERY    :    6.4 V
*RESTARTS   :        0
*CONFIG     :        0
*CHANNEL    :  1 OF  1
 
             WED    THU    FRI    SAT    SUN    MON    TUE    7-DAY
DATE    08/09/03     04     05     06     07     08     09   AVERAGE
 
START HOUR
 
    0          -      3      3      3      2      1      1       -
    1          -      2      1      0      2      0      1       -
    2          -      0      0      1      0      0      0       -
    3          -      1      1      0      0      0      0       -
    4          -      2      2      0      0      4      2       -
    5          -      5     10      2      3     10      4       -
    6          -     30     48      7      5     62     37       -
    7          -     39     95     14      5     85     48       -
    8          -     51     47     17      4     72     37       -
    9          -     24     24     36     23     36     14       -
   10         21     19     21     44     42     35      6      27
   11         34     25     34     59     73     30     16      39
   12         19     33     38     85     57     33      8      39
   13         27     29     40     67     78     35      9      41
   14         33     42     54     65     72     50      8      46
   15         54     69     89     51     44     94     54      65
   16         63     79    103     80     47     95     37      72
   17         55     83     59     72     52     81     22      61
   18         45     75     69     29     47     48     32      49
   19         33     69     28     14     42     37     14      34
   20         20     48     29     13     17     24     13      23
   21         15     17     10      3      9      9      4      10
   22          8      7      2      3      6      3      3       5
   23          3      6      4      1      1      2      3       3
 
TOTALS
 
12HR 7-19      -    568    673    619    544    694    291       -
16HR 6-22      -    732    788    656    617    826    359       -
18HR 6-24      -    745    794    660    624    831    365       -
24HR 0-24      -    758    811    666    631    846    373       -
 
 
 
 
*LOCATION   : ............................................................
*SITE NUMBER: 11203613
*FILE NUMBER:        2
*INTERVAL   :   15 MIN
*BATTERY    :    6.4 V
*RESTARTS   :        0
*CONFIG     :        0
*CHANNEL    :  1 OF  1
 
             WED    THU    FRI    SAT    SUN    MON    TUE    7-DAY
DATE    08/09/10     11     12     13     14     15     16   AVERAGE
 
START HOUR
 
    0          1      2      2      1      1      1      2       1
    1          1      0      1      2      3      0      0       1
    2          0      0      0      1      1      0      0       0
    3          0      0      0      4      3      0      0       1
    4          3      4      4      0      0      3      2       2
    5          7      8      8      0      1      8      8       6
    6         30     53     51      3      2     47     51      34
    7         58     81     77      7      8     75     77      55
    8         45     53     47      9      9     69     56      41
    9         18     38     39     18     15     36     42      29
   10         12     23     21     37     43     34     27      28
   11         19     35     29     43     41     33     39      34
   12         13     27     38     67     59     30     27      37
   13         24     22     40     67     67     35     32      41
   14         30     42     55     51     47     38     42      44
   15         74     95     82     42     43     60     72      67
   16         77     86     80     68     53     85     77      75
   17         72     80     73     51     50     65     72      66
   18         59     55     39     43     45     41     63      49
   19         48     47     24     34     26     41     37      37
   20         34     33     19     21     12     25     14      23
   21         13     16     14      6      6     11     10      11
   22          5      3     11      5      2      3      6       5
   23          6      1      4      3      1      1      3       3
 
TOTALS
 
12HR 7-19    501    637    620    503    480    601    626     567
16HR 6-22    626    786    728    567    526    725    738     671
18HR 6-24    637    790    743    575    529    729    747     679
24HR 0-24    649    804    758    583    538    741    759     690
 
 
 
 
*LOCATION   : ............................................................
*SITE NUMBER: 11203613
*FILE NUMBER:        2
*INTERVAL   :   15 MIN
*BATTERY    :    6.4 V
*RESTARTS   :        0
*CONFIG     :        0
*CHANNEL    :  1 OF  1
 
             WED    THU    FRI    SAT    SUN    MON    TUE    7-DAY
DATE    08/09/17     18     19     20     21     22     23   AVERAGE
 
START HOUR
 
    0          1      1      3      1      0      2      2       1
    1          0      0      0      0      3      0      0       0
    2          1      0      0      3      2      0      0       1
    3          1      0      0      4      0      2      0       1
    4          1      0      1      2      0      2      3       1
    5         10      9      7      0      1      7      6       6
    6         48     32     37      3      4     49     51      32
    7         66     63     68      8      5     95     94      57
    8         40     49     60      9      8     65     82      45
    9         23     28     29     16     17     41     37      27
   10         17     20     32     19     72     33     43      34
   11         14     18     38     29     91     48     40      40
   12         12     17     35     37     86     35     37      37
   13         29     20     39     39    100     43     45      45
   14         26     31     50     60    125     52     55      57
   15         57     61     61     43     94    111    100      75
   16         76     74     61     41     74    118    103      78
   17         56     67     61     47     65     84     98      68
   18         44     49     50     36     69     81     80      58
   19         33     31     32     19     47     50     43      36
   20         26     18     14     12     11     24     22      18
   21         10     15      9      5      9     12     10      10
   22          4      4      6      2      3      5      5       4
   23          2      1      3      1      0      4      3       2
 
TOTALS
 
12HR 7-19    460    497    584    384    806    806    814     622
16HR 6-22    577    593    676    423    877    941    940     718
18HR 6-24    583    598    685    426    880    950    948     724
24HR 0-24    597    608    696    436    886    963    959     735
 
 
 
 
*LOCATION   : ............................................................
*SITE NUMBER: 11203613
*FILE NUMBER:        2
*INTERVAL   :   15 MIN
*BATTERY    :    6.4 V
*RESTARTS   :        0
*CONFIG     :        0
*CHANNEL    :  1 OF  1
 
             WED    THU    FRI    SAT    SUN    MON    TUE    7-DAY
DATE    08/09/24     25     26     27     28     29     30   AVERAGE
 
START HOUR
 
    0          5      1      3      4      2      1      4       3
    1          0      1      1      1      4      0      0       1
    2          0      0      2      0      2      2      0       1
    3          1      1      0      0      5      0      0       1
    4          2      3      2      0      0      2      1       1
    5         11      7      7      2      2      5      7       6
    6         51     41     36      2      7     48     51      34
    7         78     73     60      8      4     68     63      51
    8         69     69     46     11      4     70     59      47
    9         36     31     38     29     11     42     30      31
   10         32     21     34     38     25     21     35      29
   11         19     29     42     69     55     27     39      40
   12         43     36     35     66    103     37     35      51
   13         43     54     39     77     54     32     36      48
   14         53     65     51     60     57     38     51      54
   15        102     85     77     56     50     75     68      73
   16        107     94     69     44     65     99     89      81
   17         92     94     65     35     47     71     72      68
   18         90     70     40     41     50     66     62      60
   19         58     54     29     17     32     43     37      39
   20         19     32     17     16     15     21     19      20
   21         10     10     20      5      9      6      6       9
   22          4      6      6      2      2      7      8       5
   23          3      2      3      1      0      2      6       2
 
TOTALS
 
12HR 7-19    764    721    596    534    525    646    639     632
16HR 6-22    902    858    698    574    588    764    752     734
18HR 6-24    909    866    707    577    590    773    766     741
24HR 0-24    928    879    722    584    605    783    778     754
 
 
 
 
*LOCATION   : ............................................................
*SITE NUMBER: 11203613
*FILE NUMBER:        2
*INTERVAL   :   15 MIN
*BATTERY    :    6.4 V
*RESTARTS   :        0
*CONFIG     :        0
*CHANNEL    :  1 OF  1
 
             WED    THU    FRI    SAT    SUN    MON    TUE    7-DAY
DATE    08/10/01     02     03     04     05     06     07   AVERAGE
 
START HOUR
 
    0          1      2      2      0      1      1      -       -
    1          0      0      0      0      2      0      -       -
    2          0      1      0      1      0      0      -       -
    3          0      0      1      1      0      0      -       -
    4          1      1      1      0      0      2      -       -
    5          2      3      5      3      3      4      -       -
    6         37     21     26      3      3     32      -       -
    7         63     30     51      8      8     62      -       -
    8         37     22     39      5      3     37      -       -
    9         15     18     29      9     32     23      -       -
   10         24     11     21     17     49     19      -       -
   11         16      8     28     21     51     27      -       -
   12         22      8     16     27     59     26      -       -
   13         19     17     17     42     76     21      -       -
   14         33     13     34     38     60      -      -       -
   15         56     31     53     38     54      -      -       -
   16         68     35     36     31     49      -      -       -
   17         45     22     35     51     45      -      -       -
   18         40     23     30     38     28      -      -       -
   19         28     12     24     20     16      -      -       -
   20         20     12     11      6     20      -      -       -
   21         12      3      7      3      5      -      -       -
   22          6      6      6      4      3      -      -       -
   23          4      3      2      4      2      -      -       -
 
TOTALS
 
12HR 7-19    438    238    389    325    514      -      -       -
16HR 6-22    535    286    457    357    558      -      -       -
18HR 6-24    545    295    465    365    563      -      -       -
24HR 0-24    549    302    474    370    569      -      -       -
 
