*LOCATION	: ..	........	.......	.......	.......	.......	.......	...............
*SITE NUMB	ER: 11	703509						
*FILE NUMB	ER:	1						
*INTERVAL	:	15 MIN						
*BATTERY	:	6.4 V						
*RESTARTS	:	0						
*CONFIG	:	12						
*CHANNEL	:  1	OF  2						

	MON	TUE	WED	THU	FRI	SAT	SUN	7-DAY
DATE    08	/08/25	26	27	28	29	30	31	AVERAGE

START HOUR								

0	-	23	15	18	23	26	33	-
1	-	9	7	15	12	18	24	-
2	-	3	7	5	4	15	14	-
3	-	1	1	4	7	11	13	-
4	-	4	5	6	9	7	16	-
5	-	23	22	28	22	8	8	-
6	-	120	120	76	102	27	21	-
7	-	324	305	176	253	38	18	-
8	-	464	470	246	392	65	26	-
9	-	282	305	216	214	114	71	-
10	-	207	184	144	164	135	88	-
11	-	183	210	174	199	183	139	-
12	-	206	198	123	194	192	172	-
13	-	184	201	106	181	170	167	-
14	166	235	210	149	199	157	184	186
15	263	294	258	198	273	164	171	232
16	345	366	294	228	296	141	169	263
17	329	326	260	228	232	137	161	239
18	265	263	232	182	191	102	137	196
19	215	172	176	123	141	95	110	147
20	158	154	126	87	102	82	86	114
21	103	90	98	71	76	59	69	81
22	46	46	50	51	55	43	37	47
23	32	37	26	38	33	36	29	33

TOTALS								

12HR 7-19	-	3334	3127	2170	2788	1598	1503	-
16HR 6-22	-	3870	3647	2527	3209	1861	1789	-
18HR 6-24	-	3953	3723	2616	3297	1940	1855	-
24HR 0-24	-	4016	3780	2692	3374	2025	1963	-
								



*LOCATION	: ..	........	.......	.......	.......	.......	.......	...............
*SITE NUMB	ER: 11	703509						
*FILE NUMB	ER:	1						
*INTERVAL	:	15 MIN						
*BATTERY	:	6.4 V						
*RESTARTS	:	0						
*CONFIG	:	12						
*CHANNEL	:  1	OF  2						

	MON	TUE	WED	THU	FRI	SAT	SUN	7-DAY
DATE    08	/09/01	2	3	4	5	6	7	AVERAGE

START HOUR								

0	12	16	18	17	24	50	26	23
1	7	10	9	10	15	28	28	15
2	4	3	0	6	9	21	25	10
3	3	5	3	8	4	18	14	8
4	4	5	6	5	6	9	4	6
5	20	22	22	21	22	10	13	19
6	91	101	97	61	88	26	11	68
7	285	265	256	195	250	40	21	187
8	458	414	395	396	416	74	42	314
9	251	228	228	254	209	119	63	193
10	192	176	179	143	150	154	94	155
11	182	146	202	171	203	166	127	171
12	177	132	208	176	205	193	132	175
13	222	137	172	176	175	182	134	171
14	211	186	170	149	200	210	136	180
15	259	244	217	230	269	191	144	222
16	350	286	324	281	286	175	152	265
17	325	211	323	265	257	158	134	239
18	243	146	195	229	185	106	112	174
19	197	94	180	173	147	59	96	135
20	123	83	110	131	127	39	79	99
21	83	64	85	87	95	37	48	71
22	51	33	51	46	76	32	30	46
23	18	33	30	29	58	29	22	31

TOTALS								

12HR 7-19	3155	2571	2869	2665	2805	1768	1291	2446
16HR 6-22	3649	2913	3341	3117	3262	1929	1525	2819
18HR 6-24	3718	2979	3422	3192	3396	1990	1577	2896
24HR 0-24	3768	3040	3480	3259	3476	2126	1687	2977
								



*LOCATION	: ..	........	.......	.......	.......	.......	.......	...............
*SITE NUMB	ER: 11	703509						
*FILE NUMB	ER:	1						
*INTERVAL	:	15 MIN						
*BATTERY	:	6.4 V						
*RESTARTS	:	0						
*CONFIG	:	12						
*CHANNEL	:  1	OF  2						

	MON	TUE	WED	THU	FRI	SAT	SUN	7-DAY
DATE    08	/09/08	9	10	11	12	13	14	AVERAGE

START HOUR								

0	13	15	15	22	21	24	25	19
1	4	10	7	7	8	23	26	12
2	6	2	2	1	7	13	16	7
3	3	3	3	6	5	10	15	6
4	7	6	4	8	3	8	11	7
5	18	25	17	23	17	8	10	17
6	84	81	71	83	82	26	12	63
7	255	190	235	260	236	35	23	176
8	439	281	298	397	386	60	29	270
9	255	202	197	249	246	120	58	190
10	169	142	151	173	175	146	77	148
11	169	121	164	182	174	181	111	157
12	177	136	168	184	192	179	120	165
13	168	174	156	186	187	193	133	171
14	206	126	174	201	195	143	113	165
15	229	162	230	228	245	135	125	193
16	304	169	280	329	321	160	110	239
17	290	161	261	266	262	140	123	215
18	241	128	197	190	175	98	108	162
19	117	99	173	143	142	74	85	119
20	106	64	113	131	76	60	64	88
21	77	51	87	78	55	39	34	60
22	42	30	45	54	34	33	21	37
23	30	19	33	32	34	32	25	29

TOTALS								

12HR 7-19	2902	1992	2511	2845	2794	1590	1130	2252
16HR 6-22	3286	2287	2955	3280	3149	1789	1325	2582
18HR 6-24	3358	2336	3033	3366	3217	1854	1371	2648
24HR 0-24	3409	2397	3081	3433	3278	1940	1474	2716
								



*LOCATION	: ..	........	.......	.......	.......	.......	.......	...............									
*SITE NUMB	ER: 11	703509															
*FILE NUMB	ER:	1															
*INTERVAL	:	15 MIN															
*BATTERY	:	6.4 V															
*RESTARTS	:	0															
*CONFIG	:	12															
*CHANNEL	:  1	OF  2										11		12		9	10
												3		5		2	4
	MON	TUE	WED	THU	FRI	SAT	SUN	7-DAY				1		5		1	4
DATE    08	/09/15	16	17	18	19	20	21	AVERAGE				3		2		2	2
												4		4		3	3
START HOUR												18		19		15	16
												75		79		62	66
0	11	13	12	10	14	29	20	16				243		242		202	201
1	3	8	7	9	8	29	16	11				386		413		321	344
2	1	2	4	1	2	14	14	5				263		253		219	210
3	3	4	2	5	5	18	9	7				152		162		126	135
4	4	1	0	1	0	8	8	3				160		183		133	152
5	18	15	20	20	20	7	4	15				160		172		133	143
6	75	96	70	84	82	29	13	64				166		181		138	151
7	243	237	225	239	225	30	24	175				180		189		150	157
8	386	403	347	327	378	52	31	275				243		209		202	174
9	263	240	198	221	203	100	52	182				287		347		239	289
10	152	115	118	156	173	136	88	134				284		329		236	274
11	160	169	136	144	202	134	141	155				213		286		177	238
12	160	170	133	144	188	156	179	161				161		186		134	155
13	166	132	136	166	192	178	177	164				103		134		86	111
14	180	168	156	156	204	161	182	172				64		74		53	62
15	243	225	184	213	217	144	192	203				46		37		38	31
16	287	267	238	289	310	144	175	244				27		28		22	23
17	284	273	233	249	231	123	147	220				3253				2706	
18	213	190	178	195	176	119	118	170									
19	161	143	144	143	97	83	121	127									
20	103	115	109	112	76	52	77	92									
21	64	84	76	82	57	40	47	64									
22	46	43	38	42	55	29	27	40									
23	27	23	25	27	37	25	25	27									

TOTALS																	

12HR 7-19	2737	2589	2282	2499	2699	1477	1506	2256									
16HR 6-22	3140	3027	2681	2920	3011	1681	1764	2603									
18HR 6-24	3213	3093	2744	2989	3103	1735	1816	2670									
24HR 0-24	3253	3136	2789	3035	3152	1840	1887	2727									
								



*LOCATION	: ..	........	.......	.......	.......	.......	.......	...............
*SITE NUMB	ER: 11	703509						
*FILE NUMB	ER:	1						
*INTERVAL	:	15 MIN						
*BATTERY	:	6.4 V						
*RESTARTS	:	0						
*CONFIG	:	12						
*CHANNEL	:  1	OF  2						

	MON	TUE	WED	THU	FRI	SAT	SUN	7-DAY
DATE    08	/09/22	23	24	25	26	27	28	AVERAGE

START HOUR								

0	12	11	10	12	19	29	24	17
1	5	6	6	12	9	21	26	12
2	5	4	2	4	2	13	10	6
3	2	1	1	6	3	5	10	4
4	4	3	4	4	6	6	12	6
5	19	22	18	20	18	8	8	16
6	79	96	85	99	95	23	12	70
7	242	267	237	242	211	45	20	181
8	413	416	423	436	389	56	28	309
9	253	287	274	254	239	115	38	209
10	162	173	179	182	258	126	84	166
11	183	185	187	185	136	172	122	167
12	172	181	190	179	147	211	133	173
13	181	175	164	170	181	189	124	169
14	189	175	187	172	208	176	121	175
15	209	238	213	235	233	183	121	205
16	347	284	311	309	277	140	126	256
17	329	323	313	300	251	123	141	254
18	286	228	225	236	186	112	104	197
19	186	196	170	178	121	83	1231	309
20	134	136	133	133	83	72	2053	392
21	74	81	103	97	67	42	211	96
22	37	48	51	53	37	42	108	54
23	28	27	28	35	38	32	103	42

TOTALS								

12HR 7-19	2966	2932	2903	2900	2716	1648	1162	2461
16HR 6-22	3439	3441	3394	3407	3082	1868	4669	3329
18HR 6-24	3504	3516	3473	3495	3157	1942	4880	3424
24HR 0-24	3551	3563	3514	3553	3214	2024	4970	3484
								



*LOCATION	: ..	........	.......	.......	.......	.......	.......	...............
*SITE NUMB	ER: 11	703509						
*FILE NUMB	ER:	1						
*INTERVAL	:	15 MIN						
*BATTERY	:	6.4 V						
*RESTARTS	:	0						
*CONFIG	:	12						
*CHANNEL	:  1	OF  2						

	MON	TUE	WED	THU	FRI	SAT	SUN	7-DAY
DATE    08	/09/29	30	1	2	3	4	5	AVERAGE

START HOUR								

0	72	0	15	15	-	-	-	-
1	45	0	13	13	-	-	-	-
2	0	0	1	6	-	-	-	-
3	0	0	2	1	-	-	-	-
4	0	0	2	4	-	-	-	-
5	2	0	17	20	-	-	-	-
6	42	0	73	64	-	-	-	-
7	223	0	232	158	-	-	-	-
8	389	0	386	271	-	-	-	-
9	229	0	245	-	-	-	-	-
10	175	0	161	-	-	-	-	-
11	157	0	147	-	-	-	-	-
12	180	28	161	-	-	-	-	-
13	156	174	153	-	-	-	-	-
14	148	220	156	-	-	-	-	-
15	223	239	194	-	-	-	-	-
16	297	305	272	-	-	-	-	-
17	314	259	248	-	-	-	-	-
18	290	213	181	-	-	-	-	-
19	22	169	124	-	-	-	-	-
20	0	113	108	-	-	-	-	-
21	0	68	67	-	-	-	-	-
22	0	41	49	-	-	-	-	-
23	0	25	34	-	-	-	-	-

TOTALS								

12HR 7-19	2781	1438	2536	-	-	-	-	-
16HR 6-22	2845	1788	2908	-	-	-	-	-
18HR 6-24	2845	1854	2991	-	-	-	-	-
24HR 0-24	2964	1854	3041	-	-	-	-	-
								



*LOCATION	: ..	........	.......	.......	.......	.......	.......	...............
*SITE NUMB	ER: 11	703509						
*FILE NUMB	ER:	1						
*INTERVAL	:	15 MIN						
*BATTERY	:	6.4 V						
*RESTARTS	:	0						
*CONFIG	:	12						
*CHANNEL	:  2	OF  2						

	MON	TUE	WED	THU	FRI	SAT	SUN	7-DAY
DATE    08	/08/25	26	27	28	29	30	31	AVERAGE

START HOUR								

0	-	3	10	4	6	9	8	-
1	-	2	5	2	1	4	4	-
2	-	0	0	1	2	6	4	-
3	-	1	0	2	0	7	3	-
4	-	2	0	1	0	5	5	-
5	-	7	5	5	5	1	2	-
6	-	65	62	39	40	6	2	-
7	-	164	144	76	126	6	8	-
8	-	205	192	70	149	22	8	-
9	-	87	89	44	74	26	24	-
10	-	50	42	28	30	36	23	-
11	-	37	39	15	31	67	55	-
12	-	43	43	13	52	60	61	-
13	-	41	42	13	45	49	66	-
14	45	46	43	23	47	55	56	45
15	106	142	92	52	117	55	57	89
16	151	205	135	66	117	36	47	108
17	162	153	117	71	101	39	40	98
18	118	114	92	66	76	43	47	79
19	86	74	62	46	56	27	38	56
20	78	73	50	32	24	33	38	47
21	57	61	41	34	40	12	22	38
22	20	16	15	13	16	13	13	15
23	4	10	6	5	10	6	9	7

TOTALS								

12HR 7-19	-	1287	1070	537	965	494	492	-
16HR 6-22	-	1560	1285	688	1125	572	592	-
18HR 6-24	-	1586	1306	706	1151	591	614	-
24HR 0-24	-	1601	1326	721	1165	623	640	-
								



*LOCATION	: ..	........	.......	.......	.......	.......	.......	...............
*SITE NUMB	ER: 11	703509						
*FILE NUMB	ER:	1						
*INTERVAL	:	15 MIN						
*BATTERY	:	6.4 V						
*RESTARTS	:	0						
*CONFIG	:	12						
*CHANNEL	:  2	OF  2						

	MON	TUE	WED	THU	FRI	SAT	SUN	7-DAY
DATE    08	/09/01	2	3	4	5	6	7	AVERAGE

START HOUR								

0	2	7	4	3	4	13	7	6
1	1	0	1	3	2	12	1	3
2	2	0	0	1	3	11	3	3
3	1	0	0	1	0	3	5	1
4	0	0	0	0	0	5	1	1
5	5	14	4	6	4	1	0	5
6	43	49	50	23	43	5	5	31
7	129	123	104	69	119	2	3	78
8	196	145	132	116	136	23	9	108
9	90	58	66	67	61	34	17	56
10	46	33	39	25	24	48	40	36
11	30	22	35	26	40	53	46	36
12	41	18	24	35	39	53	53	38
13	49	25	27	34	26	67	54	40
14	49	24	36	30	57	63	46	44
15	88	73	83	65	80	96	56	77
16	154	108	121	111	123	59	46	103
17	151	89	101	97	112	39	46	91
18	109	54	78	108	92	31	48	74
19	51	31	50	81	50	14	34	44
20	59	25	33	68	53	13	31	40
21	39	17	30	39	46	7	18	28
22	14	6	11	19	37	5	13	15
23	9	3	3	12	38	3	6	11

TOTALS								

12HR 7-19	1132	772	846	783	909	568	464	782
16HR 6-22	1324	894	1009	994	1101	607	552	926
18HR 6-24	1347	903	1023	1025	1176	615	571	951
24HR 0-24	1358	924	1032	1039	1189	660	588	970
								



*LOCATION	: ..	........	.......	.......	.......	.......	.......	...............
*SITE NUMB	ER: 11	703509						
*FILE NUMB	ER:	1						
*INTERVAL	:	15 MIN						
*BATTERY	:	6.4 V						
*RESTARTS	:	0						
*CONFIG	:	12						
*CHANNEL	:  2	OF  2						

	MON	TUE	WED	THU	FRI	SAT	SUN	7-DAY
DATE    08	/09/08	9	10	11	12	13	14	AVERAGE

START HOUR								

0	3	2	3	7	4	5	3	4
1	2	3	1	3	3	3	3	3
2	2	0	0	2	0	1	3	1
3	1	0	0	0	1	3	4	1
4	2	0	2	0	1	3	8	2
5	3	4	3	4	3	0	3	3
6	44	45	30	42	33	2	5	29
7	147	88	99	121	107	6	5	82
8	187	96	98	138	139	16	4	97
9	79	33	47	73	79	28	19	51
10	22	17	23	40	29	35	27	28
11	30	15	28	42	29	37	24	29
12	35	18	30	38	39	38	47	35
13	34	7	26	46	30	51	47	34
14	42	18	30	41	56	40	49	39
15	81	49	68	90	95	44	44	67
16	135	84	117	143	123	55	37	99
17	114	52	81	117	103	41	41	78
18	85	63	99	102	68	40	24	69
19	54	30	55	58	39	35	24	42
20	43	13	49	58	22	14	29	33
21	25	10	39	37	15	17	18	23
22	8	8	19	20	12	14	9	13
23	5	3	10	9	7	6	4	6

TOTALS								

12HR 7-19	991	540	746	991	897	431	368	709
16HR 6-22	1157	638	919	1186	1006	499	444	836
18HR 6-24	1170	649	948	1215	1025	519	457	855
24HR 0-24	1183	658	957	1231	1037	534	481	869
								



*LOCATION	: ..	........	.......	.......	.......	.......	.......	...............
*SITE NUMB	ER: 11	703509						
*FILE NUMB	ER:	1						
*INTERVAL	:	15 MIN						
*BATTERY	:	6.4 V						
*RESTARTS	:	0						
*CONFIG	:	12						
*CHANNEL	:  2	OF  2													

	MON	TUE	WED	THU	FRI	SAT	SUN	7-DAY							
DATE    08	/09/15	16	17	18	19	20	21	AVERAGE							

START HOUR															

0	2	2	2	3	3	7	4	3			2	3		2	3
1	0	3	2	6	1	2	4	3			0	3		0	3
2	0	1	1	0	0	2	5	1			0	2		0	2
3	1	0	0	1	1	4	4	2			1	1		1	1
4	1	0	0	0	0	0	1	0			1	0		1	0
5	6	8	4	6	5	0	1	4			6	4		7	5
6	41	41	38	31	24	5	4	26			41	38		46	43
7	124	103	93	93	90	3	3	73			124	111		140	126
8	142	163	116	121	111	10	3	95			142	160		161	181
9	80	66	55	52	58	25	11	50			80	82		91	93
10	47	35	25	21	27	28	21	29			47	38		53	43
11	43	43	16	24	36	28	55	35			43	33		49	37
12	24	35	16	18	26	50	68	34			24	39		27	44
13	27	31	12	22	26	40	80	34			27	39		31	44
14	42	40	18	29	41	51	84	44			42	38		48	43
15	75	74	60	66	71	48	89	69			75	91		85	103
16	133	126	101	112	99	32	83	98			133	149		151	169
17	138	121	83	98	81	30	82	90			138	157		156	178
18	101	67	67	82	63	31	60	67			101	131		114	148
19	57	55	52	53	35	25	39	45			57	83		65	94
20	58	47	35	26	20	20	31	34			58	43		66	49
21	26	25	27	31	21	17	13	23			26	38		29	43
22	10	12	6	8	16	6	12	10			10	13		11	15
23	4	6	3	8	4	8	7	6			4	9		5	10
														1338	1477
TOTALS								

12HR 7-19	976	904	662	738	729	376	639	718
16HR 6-22	1158	1072	814	879	829	443	726	846
18HR 6-24	1172	1090	823	895	849	457	745	862
24HR 0-24	1182	1104	832	911	859	472	764	875
								



*LOCATION	: ..	........	.......	.......	.......	.......	.......	...............
*SITE NUMB	ER: 11	703509						
*FILE NUMB	ER:	1						
*INTERVAL	:	15 MIN						
*BATTERY	:	6.4 V						
*RESTARTS	:	0						
*CONFIG	:	12						
*CHANNEL	:  2	OF  2						

	MON	TUE	WED	THU	FRI	SAT	SUN	7-DAY
DATE    08	/09/22	23	24	25	26	27	28	AVERAGE

START HOUR								

0	3	2	2	3	5	7	4	4
1	3	1	0	3	3	4	5	3
2	2	1	0	0	1	1	5	1
3	1	1	0	0	2	2	3	1
4	0	0	0	0	2	4	6	2
5	4	10	4	4	5	0	1	4
6	38	38	50	31	30	5	2	28
7	111	114	126	106	118	5	0	83
8	160	174	166	148	146	19	3	117				
9	82	86	81	68	67	17	10	59				
10	38	37	39	47	22	25	20	33				
11	33	44	41	41	31	36	40	38				
12	39	32	40	48	36	56	60	44				
13	39	38	42	30	38	48	39	39				
14	38	45	60	64	44	59	35	49				
15	91	109	115	96	73	37	45	81				
16	149	151	177	123	126	37	56	117				
17	157	127	156	124	95	40	43	106				
18	131	118	111	126	64	32	29	87				
19	83	65	75	67	32	21	34	54			e	a
20	43	60	48	49	29	21	24	39			3253	3551
21	38	39	42	25	25	10	11	27			2898	3152
22	13	21	21	14	14	9	11	15				
23	9	9	9	5	12	10	6	9			1182	1305
											1033	1151
TOTALS												

12HR 7-19	1068	1075	1154	1021	860	411	380	853			4435	4856
16HR 6-22	1270	1277	1369	1193	976	468	451	1001			3931	4303
18HR 6-24	1292	1307	1399	1212	1002	487	468	1024				
24HR 0-24	1305	1322	1405	1222	1020	505	492	1039				
												



*LOCATION	: ..	........	.......	.......	.......	.......	.......	...............				
*SITE NUMB	ER: 11	703509										
*FILE NUMB	ER:	1										
*INTERVAL	:	15 MIN										
*BATTERY	:	6.4 V										
*RESTARTS	:	0						
*CONFIG	:	12						
*CHANNEL	:  2	OF  2						

	MON	TUE	WED	THU	FRI	SAT	SUN	7-DAY
DATE    08	/09/29	30	1	2	3	4	5	AVERAGE

START HOUR								

0	1	4	7	4	-	-	-	-
1	0	0	1	1	-	-	-	-
2	1	0	0	1	-	-	-	-
3	0	0	0	1	-	-	-	-
4	1	1	1	1	-	-	-	-
5	4	2	5	7	-	-	-	-
6	35	40	29	20	-	-	-	-
7	114	99	88	58	-	-	-	-
8	143	153	118	75	-	-	-	-
9	79	80	54	-	-	-	-	-
10	47	30	25	-	-	-	-	-
11	37	44	32	-	-	-	-	-
12	38	37	21	-	-	-	-	-
13	44	35	29	-	-	-	-	-
14	49	49	24	-	-	-	-	-
15	88	83	73	-	-	-	-	-
16	156	141	103	-	-	-	-	-
17	127	123	100	-	-	-	-	-
18	91	83	81	-	-	-	-	-
19	67	63	50	-	-	-	-	-
20	52	46	42	-	-	-	-	-
21	22	36	27	-	-	-	-	-
22	12	20	12	-	-	-		
