 
 
 
*LOCATION   : ............................................................
*SITE NUMBER: 11702209
*FILE NUMBER:        2
*INTERVAL   :   15 MIN
*BATTERY    :    6.5 V
*RESTARTS   :        0
*CONFIG     :       12
*CHANNEL    :  1 OF  2
 
             FRI    SAT    SUN    MON    TUE    WED    THU    7-DAY
DATE    07/06/01     02     03     04     05     06     07   AVERAGE
 
START HOUR
 
    0          -     24     27     14     26     27     31       -
    1          -     19     23      7     13     12     15       -
    2          -     11     15      4      3      3      5       -
    3          -      8     13      3      3      1      5       -
    4          -      4     11      6      4     10      7       -
    5          -     11      5     30     33     30     32       -
    6          -     15     17    106    108    111    113       -
    7          -     39     31    254    324    277    278       -
    8          -     83     43    414    412    423    417       -
    9          -     98     75    208    247    235    241       -
   10          -    131    125    158    166    150    154       -
   11          -    146    182    164    184    192    178       -
   12          -    155    228    160    170    171    169       -
   13          -    156    233    169    186    159    162       -
   14          -    151    184    188    179    161    177       -
   15          -    141    198    260    274    246    275       -
   16        284    142    189    414    433    428    413     329
   17        269    125    195    386    410    398    353     305
   18        182     92    169    316    309    313    275     237
   19        132     91    150    306    256    261    259     208
   20        118     76    118    216    194    219    179     160
   21         82     56     79    164    135    132    150     114
   22         56     43     41     73     74    105     74      67
   23         34     28     16     38     44     57     49      38
 
TOTALS
 
12HR 7-19      -   1459   1852   3091   3294   3153   3092       -
16HR 6-22      -   1697   2216   3883   3987   3876   3793       -
18HR 6-24      -   1768   2273   3994   4105   4038   3916       -
24HR 0-24      -   1845   2367   4058   4187   4121   4011       -
 
 
 
 
*LOCATION   : ............................................................
*SITE NUMBER: 11702209
*FILE NUMBER:        2
*INTERVAL   :   15 MIN
*BATTERY    :    6.5 V
*RESTARTS   :        0
*CONFIG     :       12
*CHANNEL    :  1 OF  2
 
             FRI    SAT    SUN    MON    TUE    WED    THU    7-DAY
DATE    07/06/08     09     10     11     12     13     14   AVERAGE
 
START HOUR
 
    0         31     26     39     17     17     23     28      26
    1         19     29     32      7     15     16     20      20
    2         14     17     27      8      2      5      1      11
    3          4     25     23      5      2      5      5      10
    4          3     14      5      6      5      7      6       7
    5         26     16     12     30     31     29     23      24
    6        101     18     11    111     96     98     82      74
    7        252     51     31    236    223    250    188     176
    8        309     81     45    380    262    349    225     236
    9        242    115     66    222    136    243    153     168
   10        143    147    125    156    122    139    113     135
   11        146    165    150    161    115    114    102     136
   12        170    199    231    186    122    164    111     169
   13        174    240    255    163    124    132    104     170
   14        182    213    193    181    131    138    107     164
   15        273    209    228    261    187    202    157     217
   16        380    177    209    357    285    342    210     280
   17        310    185    198    386    286    316    171     265
   18        252    155    198    270    192    228    143     205
   19        153    130    172    217    162    193    112     163
   20        135    116    115    182    162    168     93     139
   21        105     96     78    131    145    130     45     104
   22         66     49     35     60     70     70     31      54
   23         55     35     24     37     41     42     21      36
 
TOTALS
 
12HR 7-19   2833   1937   1929   2959   2185   2617   1784    2321
16HR 6-22   3327   2297   2305   3600   2750   3206   2116    2800
18HR 6-24   3448   2381   2364   3697   2861   3318   2168    2891
24HR 0-24   3545   2508   2502   3770   2933   3403   2251    2987
 
 
 
 
*LOCATION   : ............................................................
*SITE NUMBER: 11702209
*FILE NUMBER:        2
*INTERVAL   :   15 MIN
*BATTERY    :    6.5 V
*RESTARTS   :        0
*CONFIG     :       12
*CHANNEL    :  1 OF  2
 
             FRI    SAT    SUN    MON    TUE    WED    THU    7-DAY
DATE    07/06/15     16     17     18     19     20     21   AVERAGE
 
START HOUR
 
    0          9     28     33      9     14     23     22      20
    1          9     19     33      7      8     11     18      15
    2          3     13     10      3      1      4      4       5
    3          1     11     13      1      2      2      2       5
    4          5      6     14      5      6      4      5       6
    5         25     10      9     21     21     27     23      19
    6         82     25     12     61     92     91     69      62
    7        149     43     28    141    223    224    142     136
    8        208     48     44    213    361    343    199     202
    9        137     97     51    153    218    184    113     136
   10        117    112     93    105    158    148    106     120
   11        100    141    107    101    141    164    120     125
   12        124    181    122    100    150    135    124     134
   13        147    186    110    112    129    137    154     139
   14        129    206    122    102    125    160    176     146
   15        176    177    115    141    193    219    198     174
   16        237    176     74    180    323    323    208     217
   17        206    145     65    211    293    282    172     196
   18        152    126     67    188    245    229    149     165
   19        134    108     56    138    164    173    114     127
   20         96     79     63    126    149    154     77     106
   21         74     66     32     91    107    113     60      78
   22         46     58     27     39     56     59     31      45
   23         42     35     19     36     40     39     28      34
 
TOTALS
 
12HR 7-19   1882   1638    998   1747   2559   2548   1861    1890
16HR 6-22   2268   1916   1161   2163   3071   3079   2181    2263
18HR 6-24   2356   2009   1207   2238   3167   3177   2240    2342
24HR 0-24   2408   2096   1319   2284   3219   3248   2314    2413
 
 
 
 
*LOCATION   : ............................................................
*SITE NUMBER: 11702209
*FILE NUMBER:        2
*INTERVAL   :   15 MIN
*BATTERY    :    6.5 V
*RESTARTS   :        0
*CONFIG     :       12
*CHANNEL    :  1 OF  2
 
             FRI    SAT    SUN    MON    TUE    WED    THU    7-DAY
DATE    07/06/22     23     24     25     26     27     28   AVERAGE
 
START HOUR
 
    0         20     40     14     17     18      -      -       -
    1          9     25      7      6      7      -      -       -
    2          3     11      6      1      1      -      -       -
    3          4      6      7      0      2      -      -       -
    4          2      3      2      4      5      -      -       -
    5         11      3      4     27     38      -      -       -
    6         26      9     16     81     70      -      -       -
    7         34      6     21    198    155      -      -       -
    8         51     12     35    302    179      -      -       -
    9         68     28     57    200      -      -      -       -
   10         93     48     63    134      -      -      -       -
   11        120     99     94    157      -      -      -       -
   12        109    135    117    153      -      -      -       -
   13        110    109    118    169      -      -      -       -
   14         79    113    126    169      -      -      -       -
   15        104     83    133    236      -      -      -       -
   16         85     89    115    339      -      -      -       -
   17         79     73    114    306      -      -      -       -
   18         63     80    126    205      -      -      -       -
   19         66     78    104    174      -      -      -       -
   20         59     60     82    126      -      -      -       -
   21         58     36     66     99      -      -      -       -
   22         40     35     34     38      -      -      -       -
   23         29     16     24     25      -      -      -       -
 
TOTALS
 
12HR 7-19    995    875   1119   2568      -      -      -       -
16HR 6-22   1204   1058   1387   3048      -      -      -       -
18HR 6-24   1273   1109   1445   3111      -      -      -       -
24HR 0-24   1322   1197   1485   3166      -      -      -       -
 
 
 
 
*LOCATION   : ............................................................
*SITE NUMBER: 11702209
*FILE NUMBER:        2
*INTERVAL   :   15 MIN
*BATTERY    :    6.5 V
*RESTARTS   :        0
*CONFIG     :       12
*CHANNEL    :  2 OF  2
 
             FRI    SAT    SUN    MON    TUE    WED    THU    7-DAY
DATE    07/06/01     02     03     04     05     06     07   AVERAGE
 
START HOUR
 
    0          -      3     19      8      1      9     16       -
    1          -     19     15      3      2      0     16       -
    2          -      5      5      0      2      2      6       -
    3          -      3     10      1      1      0      5       -
    4          -      3     12      0      0      3      2       -
    5          -      4      4     14     14     15     16       -
    6          -      6      3     71     92     80     77       -
    7          -     15     13    204    199    190    202       -
    8          -     22     12    229    277    234    221       -
    9          -     26     32     90    113    108    104       -
   10          -     48     54     44     73     59     61       -
   11          -     50     91     69     63     66     58       -
   12          -     59    106     58     76     86     64       -
   13          -     58    124     80     62     62     55       -
   14          -     91    121     64     68     82     81       -
   15          -     65    124    139    153    150    145       -
   16        168     63     93    257    260    250    223     188
   17        133     62     96    204    212    200    213     160
   18         96     60     90    167    205    177    157     136
   19         59     44     98    147    141    150    146     112
   20         52     35     49    122    112    123    118      87
   21         40     35     48     74     84     79     81      63
   22         26     15     39     29     43     78     36      38
   23         15     15     11     18     18     34     20      19
 
TOTALS
 
12HR 7-19      -    619    956   1605   1761   1664   1584       -
16HR 6-22      -    739   1154   2019   2190   2096   2006       -
18HR 6-24      -    769   1204   2066   2251   2208   2062       -
24HR 0-24      -    806   1269   2092   2271   2237   2123       -
 
 
 
 
*LOCATION   : ............................................................
*SITE NUMBER: 11702209
*FILE NUMBER:        2
*INTERVAL   :   15 MIN
*BATTERY    :    6.5 V
*RESTARTS   :        0
*CONFIG     :       12
*CHANNEL    :  2 OF  2
 
             FRI    SAT    SUN    MON    TUE    WED    THU    7-DAY
DATE    07/06/08     09     10     11     12     13     14   AVERAGE
 
START HOUR
 
    0          3     19     19     11     10      5      6      10
    1         13     14      8      3      4      2      7       7
    2          4     10     15      2      5      4      3       6
    3          3      8      9      2      1      3      4       4
    4          5      7     11      3      1      2      2       4
    5         15      9      4     17     11     13      8      11
    6         72     11      9     80     67     78     52      53
    7        164     11     13    205    148    188    140     124
    8        220     34     21    235    153    210     97     139
    9         98     41     26    118     57    101     53      71
   10         58     67     58     50     35     39     32      48
   11         64     75     71     51     38     32     27      51
   12         68     97    107     59     45     39     28      63
   13         58    102    134     61     42     28     34      66
   14        100    127    116     81     59     55     45      83
   15        149    101     96    157    107    114     71     114
   16        198     79     72    221    163    180    106     146
   17        136     90     76    218    143    151     77     127
   18        126     84     78    156    119    149     76     113
   19         81     60     80    108     90     99     57      82
   20         58     59     65    101     99     89     45      74
   21         51     48     45     75     83     67     19      55
   22         41     25     35     39     29     33     13      31
   23         23     29     14     21     15     15     11      18
 
TOTALS
 
12HR 7-19   1439    908    868   1612   1109   1286    786    1144
16HR 6-22   1701   1086   1067   1976   1448   1619    959    1408
18HR 6-24   1765   1140   1116   2036   1492   1667    983    1457
24HR 0-24   1808   1207   1182   2074   1524   1696   1013    1501
 
 
 
 
*LOCATION   : ............................................................
*SITE NUMBER: 11702209
*FILE NUMBER:        2
*INTERVAL   :   15 MIN
*BATTERY    :    6.5 V
*RESTARTS   :        0
*CONFIG     :       12
*CHANNEL    :  2 OF  2
 
             FRI    SAT    SUN    MON    TUE    WED    THU    7-DAY
DATE    07/06/15     16     17     18     19     20     21   AVERAGE
 
START HOUR
 
    0          5      8     11      2      1      9      8       6
    1          6      5      7      2      2      3     10       5
    2          2      5      9      2      2      3      2       4
    3          0      4     11      1      1      0      5       3
    4          1      9      7      1      1      3      3       4
    5          8      5      4      6     14     14      8       8
    6         52      8      8     31     73     67     43      40
    7         93     15      9     74    174    166     88      88
    8        107     19     16    127    221    209    108     115
    9         55     48     24     67     89     92     31      58
   10         39     52     35     21     39     64     21      39
   11         32     70     65     28     54     52     45      49
   12         38     84     74     37     36     54     39      52
   13         41    103     78     24     42     49     62      57
   14         55     98     69     23     56     83     76      66
   15        111     80     50     60    104    109    110      89
   16        118     84     30    112    175    180     99     114
   17         97     69     26    114    181    167     57     102
   18         81     61     22     81    128    122     42      77
   19         78     49     27     82    101    102     47      69
   20         46     36     30     44     81     68     36      49
   21         36     27     19     55     41     59     25      37
   22         24     23     16     24     25     28     20      23
   23         15     28     14     20     14     20     19      19
 
TOTALS
 
12HR 7-19    867    783    498    768   1299   1347    778     906
16HR 6-22   1079    903    582    980   1595   1643    929    1102
18HR 6-24   1118    954    612   1024   1634   1691    968    1143
24HR 0-24   1140    990    661   1038   1655   1723   1004    1173
 
 
 
 
*LOCATION   : ............................................................
*SITE NUMBER: 11702209
*FILE NUMBER:        2
*INTERVAL   :   15 MIN
*BATTERY    :    6.5 V
*RESTARTS   :        0
*CONFIG     :       12
*CHANNEL    :  2 OF  2
 
             FRI    SAT    SUN    MON    TUE    WED    THU    7-DAY
DATE    07/06/22     23     24     25     26     27     28   AVERAGE
 
START HOUR
 
    0          3      8      5      7      6      -      -       -
    1          6      3      3      2      3      -      -       -
    2          4      4      0      1      3      -      -       -
    3          1      6      2      1      0      -      -       -
    4          2      4      3      5      4      -      -       -
    5          7      2      4     11      9      -      -       -
    6         10      3      6     59     56      -      -       -
    7         11      8     11    155    100      -      -       -
    8         20     11     11    209    109      -      -       -
    9         24     15     15     91      -      -      -       -
   10         31     38     26     59      -      -      -       -
   11         30     44     49     51      -      -      -       -
   12         62     39     61     54      -      -      -       -
   13         52     60     68     49      -      -      -       -
   14         44     72     59     77      -      -      -       -
   15         44     50     59    128      -      -      -       -
   16         33     42     50    170      -      -      -       -
   17         26     34     53    163      -      -      -       -
   18         20     31     51    126      -      -      -       -
   19         21     33     42    117      -      -      -       -
   20         18     29     48     68      -      -      -       -
   21         31     16     22     62      -      -      -       -
   22         14     12     11     23      -      -      -       -
   23         15      1     16     10      -      -      -       -
 
TOTALS
 
12HR 7-19    397    444    513   1332      -      -      -       -
16HR 6-22    477    525    631   1638      -      -      -       -
18HR 6-24    506    538    658   1671      -      -      -       -
24HR 0-24    529    565    675   1698      -      -      -       -
 
