 
 
 
*LOCATION   : ............................................................
*SITE NUMBER: 10300125
*FILE NUMBER:        4
*INTERVAL   :   15 MIN
*BATTERY    :    6.8 V
*RESTARTS   :        0
*CONFIG     :        0
*CHANNEL    :  1 OF  1
 
             MON    TUE    WED    THU    FRI    SAT    SUN    7-DAY
DATE    09/01/05     06     07     08     09     10     11   AVERAGE
 
START HOUR
 
    0          -      2      0      0      0      0      3       -
    1          -      0      0      1      0      3      0       -
    2          -      0      0      0      1      1      0       -
    3          -      0      0      0      0      0      0       -
    4          -      0      0      0      2      0      2       -
    5          -      0      3      2      2      0      0       -
    6          -      1      7      8      4      0      0       -
    7          -      0     18     15     17      2      2       -
    8          -      0     22     19     11      4      2       -
    9          -      2     23      7     12      1      4       -
   10          -      4      3      5      2      2      7       -
   11          2      5      5      7      4      6      4       5
   12          8      8      3      5      4      7      6       6
   13          3      9      5      2      2      7      5       5
   14          3      7      5      6      1      2      2       4
   15         12     10      9     15      8      5      8      10
   16         14      4     23     18     18      3      1      12
   17          7      4     12      7     17      4      3       8
   18          3      2      8     11      5      2      2       5
   19         10      4      4      7      3      0      4       5
   20          1      5      3      3      6      3      3       3
   21          2      3      3      4      2      3      4       3
   22          0      2      0      2      2      1      2       1
   23          1      0      3      3      2      2      0       2
 
TOTALS
 
12HR 7-19      -     55    136    117    101     45     46       -
16HR 6-22      -     68    153    139    116     51     57       -
18HR 6-24      -     70    156    144    120     54     59       -
24HR 0-24      -     72    159    147    125     58     64       -
 
 
 
 
*LOCATION   : ............................................................
*SITE NUMBER: 10300125
*FILE NUMBER:        4
*INTERVAL   :   15 MIN
*BATTERY    :    6.8 V
*RESTARTS   :        0
*CONFIG     :        0
*CHANNEL    :  1 OF  1
 
             MON    TUE    WED    THU    FRI    SAT    SUN    7-DAY
DATE    09/01/12     13     14     15     16     17     18   AVERAGE
 
START HOUR
 
    0          0      1      1      2      0      0      3       1
    1          0      0      1      1      2      3      4       2
    2          0      1      0      2      4      0      0       1
    3          0      0      0      0      0      0      0       0
    4          0      0      0      0      1      0      0       0
    5          6      5      4     10      4      0      1       4
    6         16     21     19     18     10      4      2      13
    7         37     34     41     38     22      1      1      25
    8         30     26     34     27     23      1      2      20
    9         15     13     15     14     15      3      4      11
   10          7     11     13      6      3      3      5       7
   11          8     10      9      6      8      6      4       7
   12          6      6     12      8      7      3      8       7
   13          4     10      9     12      6      4     14       8
   14         14      6     13     13     15     11     10      12
   15         27     27     19     30     16     11      4      19
   16         27     27     34     33     14      5      3      20
   17         28     18     24     22     15      4      6      17
   18         16     13     14     18     11      3      3      11
   19          7      9     12      5      6      3      2       6
   20         10     11     10     17      7      6      3       9
   21          4      5      4      4      2      5      3       4
   22          4      2      6      3      1      6      1       3
   23          0      0      1      3      2      1      1       1
 
TOTALS
 
12HR 7-19    219    201    237    227    155     55     64     165
16HR 6-22    256    247    282    271    180     73     74     198
18HR 6-24    260    249    289    277    183     80     76     202
24HR 0-24    266    256    295    292    194     83     84     210
 
 
 
 
*LOCATION   : ............................................................
*SITE NUMBER: 10300125
*FILE NUMBER:        4
*INTERVAL   :   15 MIN
*BATTERY    :    6.8 V
*RESTARTS   :        0
*CONFIG     :        0
*CHANNEL    :  1 OF  1
 
             MON    TUE    WED    THU    FRI    SAT    SUN    7-DAY
DATE    09/01/19     20     21     22     23     24     25   AVERAGE
 
START HOUR
 
    0          4      2      0      0      0      2      0       1
    1          0      0      3      2      0      2      2       1
    2          0      0      0      0      0      0      0       0
    3          0      0      2      0      0      0      0       0
    4          0      0      1      0      2      0      0       0
    5          4      4      1      2      2      0      1       2
    6         12     17      7     12      5      1      2       8
    7         32     34     12     20     13      2      1      16
    8         22     20      7     19     12      0      3      12
    9         19     17      7     17      7      2      7      11
   10          7      7      2      7      4      2      3       5
   11          6      3      2      7      4      9      1       5
   12          3      4      2      3      5     12      5       5
   13          3      7      4      5      5      1      3       4
   14         12     10      3      7      6      4      7       7
   15         17     15      7     11      2      4      2       8
   16         28     27     11     20     15      6      5      16
   17         20     26     14     11      9      1      3      12
   18         14     20     12     13      3      4      1      10
   19         10      6      4      3      4      0      1       4
   20          4      2      3     11      4      4      0       4
   21          3      1      2      4      2      0      2       2
   22          2      3      2      1      0      0      1       1
   23          1      2      1      1      2      0      0       1
 
TOTALS
 
12HR 7-19    183    190     83    140     85     47     41     110
16HR 6-22    212    216     99    170    100     52     46     128
18HR 6-24    215    221    102    172    102     52     47     130
24HR 0-24    223    227    109    176    106     56     50     135
 
 
 
 
*LOCATION   : ............................................................
*SITE NUMBER: 10300125
*FILE NUMBER:        4
*INTERVAL   :   15 MIN
*BATTERY    :    6.8 V
*RESTARTS   :        0
*CONFIG     :        0
*CHANNEL    :  1 OF  1
 
             MON    TUE    WED    THU    FRI    SAT    SUN    7-DAY
DATE    09/01/26     27     28     29     30     31     01   AVERAGE
 
START HOUR
 
    0          0      0      1      5      -      -      -       -
    1          0      4      2      2      -      -      -       -
    2          0      0      0      1      -      -      -       -
    3          0      0      0      0      -      -      -       -
    4          3      0      0      0      -      -      -       -
    5          4      5      4      2      -      -      -       -
    6          9     12     10     14      -      -      -       -
    7         25     23     23     23      -      -      -       -
    8         19     25     15     20      -      -      -       -
    9         13     12      8     18      -      -      -       -
   10          7      5      7      -      -      -      -       -
   11          6      9      9      -      -      -      -       -
   12         10      3      3      -      -      -      -       -
   13          7      1      7      -      -      -      -       -
   14          3      7      6      -      -      -      -       -
   15         15      9     13      -      -      -      -       -
   16         19     21     17      -      -      -      -       -
   17         17     20     11      -      -      -      -       -
   18          8     10     13      -      -      -      -       -
   19         10      8      8      -      -      -      -       -
   20          9      4      8      -      -      -      -       -
   21          4      5      1      -      -      -      -       -
   22          3      2      2      -      -      -      -       -
   23          0      0      2      -      -      -      -       -
 
TOTALS
 
12HR 7-19    149    145    132      -      -      -      -       -
16HR 6-22    181    174    159      -      -      -      -       -
18HR 6-24    184    176    163      -      -      -      -       -
24HR 0-24    191    185    170      -      -      -      -       -
 
