 
 
 
*LOCATION   : ............................................................
*SITE NUMBER: 10700106
*FILE NUMBER:        2
*INTERVAL   :   15 MIN
*BATTERY    :    6.4 V
*RESTARTS   :        0
*CONFIG     :        0
*CHANNEL    :  1 OF  1
 
             MON    TUE    WED    THU    FRI    SAT    SUN    7-DAY
DATE    09/01/05     06     07     08     09     10     11   AVERAGE
 
START HOUR
 
    0          -      2      0      0      0      2      1       -
    1          -      2      0      0      0      1      1       -
    2          -      1      1      0      0      1      1       -
    3          -      0      0      0      0      1      0       -
    4          -      0      0      1      0      0      0       -
    5          -      0      4      2      5      1      0       -
    6          -      4     13     12     10      5      2       -
    7          -      4     27     40     17      3      0       -
    8          -      3     41     48     26      3      2       -
    9          -     10     26     28     22      8      2       -
   10          -      5      9     12     17      7      5       -
   11          6     13     12     17     13     15      4      11
   12         13     11     19     20     19     13      7      15
   13         12     16     13     15     19     27      9      16
   14         10     24     15     27     16     13     15      17
   15         27     23     21     29     14     13     10      20
   16         17      5     27     30     33     14     10      19
   17         17      6     34     32     20      8      8      18
   18         14      9     25     24     16      7      7      15
   19          7      5     10     19     10      3      2       8
   20          4      1      8      3      4      4      6       4
   21          6      3      5      6      2      1      0       3
   22          4      1      0      4      2      2      3       2
   23          1      3      0      0      3      2      3       2
 
TOTALS
 
12HR 7-19      -    129    269    322    232    131     79       -
16HR 6-22      -    142    305    362    258    144     89       -
18HR 6-24      -    146    305    366    263    148     95       -
24HR 0-24      -    151    310    369    268    154     98       -
 
 
 
 
*LOCATION   : ............................................................
*SITE NUMBER: 10700106
*FILE NUMBER:        2
*INTERVAL   :   15 MIN
*BATTERY    :    6.4 V
*RESTARTS   :        0
*CONFIG     :        0
*CHANNEL    :  1 OF  1
 
             MON    TUE    WED    THU    FRI    SAT    SUN    7-DAY
DATE    09/01/12     13     14     15     16     17     18   AVERAGE
 
START HOUR
 
    0          2      0      1      1      1      2      2       1
    1          0      1      0      0      1      0      2       1
    2          0      0      1      0      0      0      0       0
    3          0      0      0      0      0      0      2       0
    4          0      0      0      0      0      0      3       0
    5          2      2      5      5      6      3      0       3
    6         12     19     15     16     13      4      6      12
    7         37     33     46     27     31      1      5      26
    8         52     56     62     55     37      6      1      38
    9         29     35     34     32     27      9      2      24
   10         19     21     26     19     12      3      6      15
   11         12     17     22     24      6     10      1      13
   12         14     14     23     21     16     12      9      16
   13         20     14     25     19     11     12     17      17
   14         27     28     24     23     19      4     15      20
   15         40     44     51     44     28      7      7      32
   16         52     41     61     57     37     11     12      39
   17         39     54     53     28     29     13      6      32
   18         32     36     26     28     18      5      5      21
   19         15     17     14     17     18      3      5      13
   20         18     13     18     13      6     10      7      12
   21          6      7      8     10      4      3      3       6
   22          4      6      5     11      4      0      0       4
   23          0      2      3      5      2      6      2       3
 
TOTALS
 
12HR 7-19    373    393    453    377    271     93     86     292
16HR 6-22    424    449    508    433    312    113    107     335
18HR 6-24    428    457    516    449    318    119    109     342
24HR 0-24    432    460    523    455    326    124    118     348
 
 
 
 
*LOCATION   : ............................................................
*SITE NUMBER: 10700106
*FILE NUMBER:        2
*INTERVAL   :   15 MIN
*BATTERY    :    6.4 V
*RESTARTS   :        0
*CONFIG     :        0
*CHANNEL    :  1 OF  1
 
             MON    TUE    WED    THU    FRI    SAT    SUN    7-DAY
DATE    09/01/19     20     21     22     23     24     25   AVERAGE
 
START HOUR
 
    0          0      0      1      0      1      0      3       1
    1          0      0      0      3      0      0      0       0
    2          0      0      2      0      1      0      0       0
    3          0      0      0      0      0      0      1       0
    4          3      0      1      0      0      0      0       1
    5          5      4      3      2      3      1      0       3
    6         15     10      7     12      8      7      1       9
    7         37     45     21     31     23      4      2      23
    8         49     48     27     34     28      4      3      28
    9         29     40     27     23     22      7      1      21
   10         19     10     17     13      7      6      4      11
   11         13     19     11     14     11      8      9      12
   12         20     20     11     11     10      9      8      13
   13         15     17      8      7     13     14     10      12
   14         18     21     12     13     17     10      4      14
   15         33     28     22     25     20      9      9      21
   16         53     46     37     36     32     11      5      31
   17         43     42     31     31     23      6      1      25
   18         24     28     16     23     15      3      5      16
   19         14     14     13     11     13      5      7      11
   20         11      9     11      5      5      2      3       7
   21          6      7      5      5      6      0      4       5
   22          4      5      5      4      4      3      4       4
   23          2      1      2      0      5      1      1       2
 
TOTALS
 
12HR 7-19    353    364    240    261    221     91     61     227
16HR 6-22    399    404    276    294    253    105     76     258
18HR 6-24    405    410    283    298    262    109     81     264
24HR 0-24    413    414    290    303    267    110     85     269
 
 
 
 
*LOCATION   : ............................................................
*SITE NUMBER: 10700106
*FILE NUMBER:        2
*INTERVAL   :   15 MIN
*BATTERY    :    6.4 V
*RESTARTS   :        0
*CONFIG     :        0
*CHANNEL    :  1 OF  1
 
             MON    TUE    WED    THU    FRI    SAT    SUN    7-DAY
DATE    09/01/26     27     28     29     30     31     01   AVERAGE
 
START HOUR
 
    0          0      1      1      2      -      -      -       -
    1          0      1      1      0      -      -      -       -
    2          3      3      0      0      -      -      -       -
    3          0      1      0      0      -      -      -       -
    4          2      0      1      1      -      -      -       -
    5          1      1      3      3      -      -      -       -
    6         12     13      9     11      -      -      -       -
    7         28     34     41     28      -      -      -       -
    8         38     41     38     40      -      -      -       -
    9         33     18     30      -      -      -      -       -
   10         10     12     20      -      -      -      -       -
   11          7     10     15      -      -      -      -       -
   12         13     13     17      -      -      -      -       -
   13         12     12     14      -      -      -      -       -
   14         14      8     27      -      -      -      -       -
   15         29     27     28      -      -      -      -       -
   16         31     40     48      -      -      -      -       -
   17         39     35     27      -      -      -      -       -
   18         16     19     23      -      -      -      -       -
   19         17     13     14      -      -      -      -       -
   20          9     12     10      -      -      -      -       -
   21         10      7      6      -      -      -      -       -
   22          7      3      1      -      -      -      -       -
   23          0      0      2      -      -      -      -       -
 
TOTALS
 
12HR 7-19    270    269    328      -      -      -      -       -
16HR 6-22    318    314    367      -      -      -      -       -
18HR 6-24    325    317    370      -      -      -      -       -
24HR 0-24    331    324    376      -      -      -      -       -
 
