 
 
 
*LOCATION   : ............................................................
*SITE NUMBER: 11500128
*FILE NUMBER:        1
*INTERVAL   :   15 MIN
*BATTERY    :    6.5 V
*RESTARTS   :        0
*CONFIG     :        0
*CHANNEL    :  1 OF  1
 
             MON    TUE    WED    THU    FRI    SAT    SUN    7-DAY
DATE    09/01/05     06     07     08     09     10     11   AVERAGE
 
START HOUR
 
    0          -      1      0      2      0      1      4       -
    1          -      3      0      0      1      1      0       -
    2          -      0      1      0      0      2      3       -
    3          -      0      0      0      4      1      2       -
    4          -      1      0      0      0      0      1       -
    5          -      3      5      4      4      1      1       -
    6          -      0     18     18     11      1      1       -
    7          -      0     17     23     16      2      0       -
    8          -      1     50     41     27      1      3       -
    9          -      7     34     39     25     11      3       -
   10          6      5     18     27     14      9      2      12
   11         12      5     10     16     14     11      7      11
   12         11      7     14     24     14      9      2      12
   13          8      5     23      9     12     11      6      11
   14         16     14     27     24     21     11     10      18
   15         21     11     40     32     24     14      5      21
   16         27     14     35     35     26     13      6      22
   17         19     11     37     33     25      7      9      20
   18         15      7     25     28     20      5      5      15
   19          8      3      8      9      4      5      3       6
   20          7      7      8      6      7      1      3       6
   21         10      3      8      6      2      4      5       5
   22          1      2      3      4      2      3      2       2
   23          3      2      2      2      4      1      2       2
 
TOTALS
 
12HR 7-19      -     87    330    331    238    104     58       -
16HR 6-22      -    100    372    370    262    115     70       -
18HR 6-24      -    104    377    376    268    119     74       -
24HR 0-24      -    112    383    382    277    125     85       -
 
 
 
 
*LOCATION   : ............................................................
*SITE NUMBER: 11500128
*FILE NUMBER:        1
*INTERVAL   :   15 MIN
*BATTERY    :    6.5 V
*RESTARTS   :        0
*CONFIG     :        0
*CHANNEL    :  1 OF  1
 
             MON    TUE    WED    THU    FRI    SAT    SUN    7-DAY
DATE    09/01/12     13     14     15     16     17     18   AVERAGE
 
START HOUR
 
    0          3      1      1      2      1      2      1       2
    1          0      0      0      2      2      2      2       1
    2          0      1      1      1      1      2      1       1
    3          0      0      1      0      1      5      1       1
    4          0      0      2      0      0      0      2       1
    5          4      4      6      4      3      3      1       4
    6         19     15     15     13     13      3      3      12
    7         28     31     27     29     21      4      1      20
    8         60     57     58     62     34      7      3      40
    9         39     37     44     39     26      9      6      29
   10         23     22     23     24     21     11      3      18
   11         26     26     30     27     14     11      5      20
   12         23     24     25     21     16     13     12      19
   13         21     25     25     27     17      8     13      19
   14         32     34     21     27     21     13     13      23
   15         40     38     48     37     21     13      9      29
   16         54     56     45     63     26     13      4      37
   17         47     52     50     36     31      6      3      32
   18         24     31     24     37     16     14      2      21
   19         18     25     22     12     13      5      6      14
   20         10     17     20      9      2      3      5       9
   21          7      6     14     10      5      3      1       7
   22          5      6      7      7      1      5      1       5
   23          3      2      2      4      6      5      3       4
 
TOTALS
 
12HR 7-19    417    433    420    429    264    122     74     308
16HR 6-22    471    496    491    473    297    136     89     350
18HR 6-24    479    504    500    484    304    146     93     359
24HR 0-24    486    510    511    493    312    160    101     368
 
 
 
 
*LOCATION   : ............................................................
*SITE NUMBER: 11500128
*FILE NUMBER:        1
*INTERVAL   :   15 MIN
*BATTERY    :    6.5 V
*RESTARTS   :        0
*CONFIG     :        0
*CHANNEL    :  1 OF  1
 
             MON    TUE    WED    THU    FRI    SAT    SUN    7-DAY
DATE    09/01/19     20     21     22     23     24     25   AVERAGE
 
START HOUR
 
    0          1      1      0      2      0      3      1       1
    1          1      1      0      1      1      1      1       1
    2          0      0      1      0      1      4      0       1
    3          1      0      1      0      0      0      1       0
    4          0      0      1      0      4      0      0       1
    5          4      5      2      3      3      4      1       3
    6         17     13      8      9      9      0      0       8
    7         21     21      7     22     10      3      0      12
    8         52     49     36     40     27      4      1      30
    9         35     36     22     28     25      2      1      21
   10         26     24      8     18     13      8      7      15
   11         21     20     20     17      8      4      6      14
   12         28     21     20      9     13      5     12      15
   13          9     11     13     13     15      7      5      10
   14         27     18     11     10     14      3      6      13
   15         26     23     27     27     27      6      1      20
   16         53     45     20     33     25      3      5      26
   17         50     29     27     29     22      6      7      24
   18         23     31     16     21     13      6      4      16
   19          7      9     10     11      6      5      6       8
   20         11     15      9      8      4      2      3       7
   21         11      9      7      8      6      1      3       6
   22          7      7      4      3      3      0      4       4
   23          1      3      6      3      3      1      0       2
 
TOTALS
 
12HR 7-19    371    328    227    267    212     57     55     217
16HR 6-22    417    374    261    303    237     65     67     246
18HR 6-24    425    384    271    309    243     66     71     253
24HR 0-24    432    391    276    315    252     78     75     260
 
 
 
 
*LOCATION   : ............................................................
*SITE NUMBER: 11500128
*FILE NUMBER:        1
*INTERVAL   :   15 MIN
*BATTERY    :    6.5 V
*RESTARTS   :        0
*CONFIG     :        0
*CHANNEL    :  1 OF  1
 
             MON    TUE    WED    THU    FRI    SAT    SUN    7-DAY
DATE    09/01/26     27     28     29     30     31     01   AVERAGE
 
START HOUR
 
    0          0      0      0      0      -      -      -       -
    1          1      0      3      2      -      -      -       -
    2          0      1      0      0      -      -      -       -
    3          0      1      1      1      -      -      -       -
    4          1      2      0      2      -      -      -       -
    5          3      5      6      3      -      -      -       -
    6         11     10      8     10      -      -      -       -
    7          9     16     19     20      -      -      -       -
    8         38     34     35     35      -      -      -       -
    9         27     29     30      -      -      -      -       -
   10         14     18     17      -      -      -      -       -
   11         14     14     17      -      -      -      -       -
   12         10     14     17      -      -      -      -       -
   13          9     14     17      -      -      -      -       -
   14         17      8      8      -      -      -      -       -
   15         29     21     23      -      -      -      -       -
   16         25     29     31      -      -      -      -       -
   17         40     33     36      -      -      -      -       -
   18         11     20     20      -      -      -      -       -
   19          8      6     12      -      -      -      -       -
   20          5     11      8      -      -      -      -       -
   21          6      5      5      -      -      -      -       -
   22          1      3      4      -      -      -      -       -
   23          1      2      5      -      -      -      -       -
 
TOTALS
 
12HR 7-19    243    250    270      -      -      -      -       -
16HR 6-22    273    282    303      -      -      -      -       -
18HR 6-24    275    287    312      -      -      -      -       -
24HR 0-24    280    296    322      -      -      -      -       -
 
