 
 
 
*LOCATION   : ............................................................
*SITE NUMBER: 11600101
*FILE NUMBER:        8
*INTERVAL   :   15 MIN
*BATTERY    :    6.3 V
*RESTARTS   :        0
*CONFIG     :        0
*CHANNEL    :  1 OF  1
 
             MON    TUE    WED    THU    FRI    SAT    SUN    7-DAY
DATE    09/01/05     06     07     08     09     10     11   AVERAGE
 
START HOUR
 
    0          -      0      0      0      2      1      0       -
    1          -      0      1      0      0      2      0       -
    2          -      1      1      1      1      2      1       -
    3          -      2      1      0      1      1      1       -
    4          -      0      0      0      1      0      0       -
    5          -      2      4      3      2      1      2       -
    6          -      1     11      9     11      1      3       -
    7          -      2     18     13     19      5      1       -
    8          -      0     15     11     15      5      0       -
    9          -      2     14      8     15     13      5       -
   10          -      2     10      4     13     12      3       -
   11          -      6     13     10     11     32      3       -
   12          -      4     12     15     11     21     11       -
   13          -     10     21     16     25     34     19       -
   14          -     16     18     25     40     23     12       -
   15         23      5     35     34     37     24     18      25
   16         25      8     33     30     24     18      2      20
   17         14      2     15     10     15     14      7      11
   18         13      3     11     11     12      4      3       8
   19         12      0     10      6      6      5      3       6
   20          9      1      6     10      8      4      4       6
   21          2      1      3      3      1      4      3       2
   22          0      0      5      1      4      2      1       2
   23          1      1      0      2      0      1      0       1
 
TOTALS
 
12HR 7-19      -     60    215    187    237    205     84       -
16HR 6-22      -     63    245    215    263    219     97       -
18HR 6-24      -     64    250    218    267    222     98       -
24HR 0-24      -     69    257    222    274    229    102       -
 
 
 
 
*LOCATION   : ............................................................
*SITE NUMBER: 11600101
*FILE NUMBER:        8
*INTERVAL   :   15 MIN
*BATTERY    :    6.3 V
*RESTARTS   :        0
*CONFIG     :        0
*CHANNEL    :  1 OF  1
 
             MON    TUE    WED    THU    FRI    SAT    SUN    7-DAY
DATE    09/01/12     13     14     15     16     17     18   AVERAGE
 
START HOUR
 
    0          0      0      0      0      0      0      3       0
    1          0      0      0      0      0      0      0       0
    2          1      2      1      0      1      2      4       2
    3          1      1      0      1      0      1      1       1
    4          1      0      0      0      0      0      0       0
    5          4      6      7     11      8      1      0       5
    6         13     15     15     15     11      1      2      10
    7         20     20     28     19     19      2      2      16
    8         31     21     28     16     13     11      1      17
    9         16     20     17     24     18      8      1      15
   10         11     15     18     24     14     13      2      14
   11         20     21     11     27     13     22      2      17
   12         26     17     25     28     30     27      8      23
   13         47     37     33     33     28     25     13      31
   14         57     63     45     44     36     22     11      40
   15         54     55     52     54     28     24      3      39
   16         34     31     58     24     33     25      6      30
   17         17     25     33     28     24     12      4      20
   18         21     13     29     13     16      7      3      15
   19         17      7     19     17     15      1      2      11
   20          9      7      8     12      7      2      2       7
   21          6     11      3      3      4      2      2       4
   22          3      2      5      2      3      2      3       3
   23          2      0      0      2      0      2      0       1
 
TOTALS
 
12HR 7-19    354    338    377    334    272    198     56     276
16HR 6-22    399    378    422    381    309    204     64     308
18HR 6-24    404    380    427    385    312    208     67     312
24HR 0-24    411    389    435    397    321    212     75     320
 
 
 
 
*LOCATION   : ............................................................
*SITE NUMBER: 11600101
*FILE NUMBER:        8
*INTERVAL   :   15 MIN
*BATTERY    :    6.3 V
*RESTARTS   :        0
*CONFIG     :        0
*CHANNEL    :  1 OF  1
 
             MON    TUE    WED    THU    FRI    SAT    SUN    7-DAY
DATE    09/01/19     20     21     22     23     24     25   AVERAGE
 
START HOUR
 
    0          0      0      0      0      1      3      1       1
    1          0      0      0      0      0      0      0       0
    2          1      1      1      0      0      2      1       1
    3          1      1      1      1      0      1      1       1
    4          0      2      2      0      2      0      0       1
    5          5      6      5      7      4      2      2       4
    6         14     14      6     10      4      1      1       7
    7         24     30     11     14     10      4      4      14
    8         21     16     18     19     18      7      0      14
    9         15     20     11     14     12     15      0      12
   10         22     15      6     17     14     19      1      13
   11         17     21     12     14     17     16      5      15
   12         31     34      6     22     21     26      5      21
   13         30     27     16     24     27     22      5      22
   14         51     36     17     22     30     41      7      29
   15         84     45     17     30     39     33     18      38
   16         39     36     22     17     26     11      3      22
   17         28     14     13     19     14     12      3      15
   18         11     18     22     12     12      5      4      12
   19         15     14     14      6     10      2      4       9
   20          8      5      8      5      5      3      0       5
   21          8      3      4      6      0      3      1       4
   22          2      6      5      2      3      0      1       3
   23          1      1      1      4      1      1      0       1
 
TOTALS
 
12HR 7-19    373    312    171    224    240    211     55     227
16HR 6-22    418    348    203    251    259    220     61     251
18HR 6-24    421    355    209    257    263    221     62     255
24HR 0-24    428    365    218    265    270    229     67     263
 
 
 
 
*LOCATION   : ............................................................
*SITE NUMBER: 11600101
*FILE NUMBER:        8
*INTERVAL   :   15 MIN
*BATTERY    :    6.3 V
*RESTARTS   :        0
*CONFIG     :        0
*CHANNEL    :  1 OF  1
 
             MON    TUE    WED    THU    FRI    SAT    SUN    7-DAY
DATE    09/01/26     27     28     29     30     31     01   AVERAGE
 
START HOUR
 
    0          3      0      0      0      -      -      -       -
    1          0      1      0      0      -      -      -       -
    2          2      1      1      1      -      -      -       -
    3          1      1      1      1      -      -      -       -
    4          1      2      1      0      -      -      -       -
    5          7      8      3      4      -      -      -       -
    6         12     12     17     14      -      -      -       -
    7         21     23     20     14      -      -      -       -
    8         18     14     17     17      -      -      -       -
    9          9     15      9      9      -      -      -       -
   10         13     15     14     10      -      -      -       -
   11         10     18     18     12      -      -      -       -
   12         25     20     14     14      -      -      -       -
   13         11     28     26     26      -      -      -       -
   14         18     44     42     44      -      -      -       -
   15         39     61     53      -      -      -      -       -
   16         44     50     38      -      -      -      -       -
   17         17     28     12      -      -      -      -       -
   18         19     11     16      -      -      -      -       -
   19         15     12      7      -      -      -      -       -
   20          7      7      8      -      -      -      -       -
   21          2      2      2      -      -      -      -       -
   22          1      3      5      -      -      -      -       -
   23          0      2      2      -      -      -      -       -
 
TOTALS
 
12HR 7-19    244    327    279      -      -      -      -       -
16HR 6-22    280    360    313      -      -      -      -       -
18HR 6-24    281    365    320      -      -      -      -       -
24HR 0-24    295    378    326      -      -      -      -       -
 
