*LOCATION	: ..	........	.......	.......	.......	.......	.......	...............
*SITE NUMB	ER: 11	700820						
*FILE NUMB	ER:	3						
*INTERVAL	:	15 MIN						
*BATTERY	:	6.2 V						
*RESTARTS	:	0						
*CONFIG	:	12						
*CHANNEL	:  1	OF  2						

	FRI	SAT	SUN	MON	TUE	WED	THU	7-DAY
DATE    05	/02/25	26	27	28	1	2	3	AVERAGE

START HOUR								

0	-	0	0	1	0	1	1	-
1	-	1	0	0	1	0	0	-
2	-	1	0	0	0	0	0	-
3	-	0	0	1	1	0	1	-
4	-	4	0	0	0	3	1	-
5	-	0	1	2	3	3	1	-
6	-	1	1	7	4	10	10	-
7	-	1	3	24	21	22	24	-
8	-	1	2	16	24	25	19	-
9	18	10	1	10	7	20	10	11
10	9	10	3	8	13	10	12	9
11	15	9	4	11	10	8	8	9
12	13	14	6	10	13	16	27	14
13	6	9	7	14	13	17	33	14
14	19	15	9	6	8	12	17	12
15	17	8	8	6	5	20	53	17
16	8	2	2	0	6	12	49	11
17	13	2	0	0	0	11	34	9
18	13	1	5	22	5	18	23	12
19	12	4	4	11	8	9	8	8
20	6	5	4	10	6	5	10	7
21	7	4	2	4	5	8	9	6
22	1	0	0	3	1	5	4	2
23	0	1	1	2	0	3	3	1

TOTALS								

12HR 7-19	-	82	50	127	125	191	309	-
16HR 6-22	-	96	61	159	148	223	346	-
18HR 6-24	-	97	62	164	149	231	353	-
24HR 0-24	157	103	63	168	154	238	357	-


























*LOCATION	: ..	........	.......	.......	.......	.......	.......	...............
*SITE NUMB	ER: 11	700820						
*FILE NUMB	ER:	3						
*INTERVAL	:	15 MIN						
*BATTERY	:	6.2 V						
*RESTARTS	:	0						
*CONFIG	:	12						
*CHANNEL	:  1	OF  2						

	FRI	SAT	SUN	MON	TUE	WED	THU	7-DAY
DATE    05	/03/04	5	6	7	8	9	10	AVERAGE

START HOUR								

0	3	2	1	1	2	2	2	2
1	1	2	1	0	1	0	2	1
2	0	1	0	0	0	0	0	0
3	1	0	0	0	0	0	0	0
4	1	1	1	2	1	1	3	1
5	2	1	0	3	3	1	1	2
6	9	2	1	11	10	8	5	7
7	22	3	2	17	23	20	24	16
8	27	6	1	29	27	26	26	20
9	21	12	1	15	17	11	14	13
10	19	18	5	13	7	9	9	11
11	13	15	5	19	10	7	13	12
12	27	21	7	12	16	15	7	15
13	25	4	10	13	7	15	13	12
14	18	12	10	11	7	23	19	14
15	2	14	8	14	10	19	24	13
16	0	15	9	30	23	22	33	19
17	1	7	12	44	29	19	20	19
18	13	7	8	24	16	9	12	13
19	9	4	1	18	9	9	17	10
20	10	3	1	10	11	8	8	7
21	2	0	0	2	5	9	2	3
22	3	1	0	6	1	0	3	2
23	1	1	5	1	2	0	0	1

TOTALS								

12HR 7-19	188	134	78	241	192	195	214	177
16HR 6-22	218	143	81	282	227	229	246	204
18HR 6-24	222	145	86	289	230	229	249	207
24HR 0-24	230	152	89	295	237	233	257	213



















*LOCATION	: ..	........	.......	.......	.......	.......	.......	...............
*SITE NUMB	ER: 11	700820						
*FILE NUMB	ER:	3						
*INTERVAL	:	15 MIN						
*BATTERY	:	6.2 V						
*RESTARTS	:	0						
*CONFIG	:	12						
*CHANNEL	:  1	OF  2						

	FRI	SAT	SUN	MON	TUE	WED	THU	7-DAY
DATE    05	/03/11	12	13	14	15	16	17	AVERAGE

START HOUR								

0	3	1	4	1	2	0	3	2
1	0	1	0	0	0	0	0	0
2	1	2	1	0	1	0	0	1
3	1	0	2	0	0	0	0	0
4	2	1	1	1	3	3	2	2
5	5	0	0	0	0	0	1	1
6	6	2	3	10	8	10	20	8
7	18	2	2	26	30	28	53	23
8	28	4	1	25	30	31	67	27
9	17	7	2	16	19	20	46	18
10	11	13	1	4	11	17	22	11
11	14	12	10	13	17	15	24	15
12	9	16	9	9	15	17	28	15
13	24	23	15	18	15	16	30	20
14	14	19	10	9	14	16	45	18
15	21	13	6	17	25	27	46	22
16	32	0	12	26	31	22	35	23
17	17	1	7	19	23	21	42	19
18	16	6	1	4	14	21	24	12
19	10	10	3	9	14	4	24	11
20	12	3	5	7	10	9	9	8
21	7	2	2	8	7	9	2	5
22	3	2	2	1	2	7	2	3
23	2	1	2	1	2	3	3	2

TOTALS								

12HR 7-19	221	116	76	186	244	251	462	222
16HR 6-22	256	133	89	220	283	283	517	254
18HR 6-24	261	136	93	222	287	293	522	259
24HR 0-24	273	141	101	224	293	296	528	265






















*LOCATION	: ..	........	.......	.......	.......	.......	.......	...............
*SITE NUMB	ER: 11	700820						
*FILE NUMB	ER:	3						
*INTERVAL	:	15 MIN						
*BATTERY	:	6.2 V						
*RESTARTS	:	0						
*CONFIG	:	12						
*CHANNEL	:  1	OF  2						

	FRI	SAT	SUN	MON	TUE	WED	THU	7-DAY
DATE    05	/03/18	19	20	21	22	23	24	AVERAGE

START HOUR								

0	2	2	0	2	1	0	-	-
1	0	1	2	1	0	0	-	-
2	1	0	2	0	0	0	-	-
3	2	1	0	0	0	1	-	-
4	3	3	1	1	2	2	-	-
5	0	2	0	0	2	1	-	-
6	9	0	0	11	8	9	-	-
7	38	1	2	37	39	37	-	-
8	30	8	2	40	39	-	-	-
9	25	17	6	29	28	-	-	-
10	13	12	8	13	23	-	-	-
11	16	14	20	19	18	-	-	-
12	24	16	18	11	18	-	-	-
13	18	18	8	15	18	-	-	-
14	17	22	13	18	16	-	-	-
15	16	22	6	26	38	-	-	-
16	45	15	12	33	28	-	-	-
17	27	13	6	29	26	-	-	-
18	20	8	3	20	148	-	-	-
19	9	9	9	17	17	-	-	-
20	12	6	8	4	9	-	-	-
21	7	1	2	7	10	-	-	-
22	2	2	0	4	1	-	-	-
23	0	1	0	2	7	-	-	-

TOTALS								

12HR 7-19	289	166	104	290	439	-	-	-
16HR 6-22	326	182	123	329	483	-	-	-
18HR 6-24	328	185	123	335	491	-	-	-
24HR 0-24	336	194	128	339	496	50	-	-


















*LOCATION	: ..	........	.......	.......	.......	.......	.......	...............
*SITE NUMB	ER: 11	700820						
*FILE NUMB	ER:	3						
*INTERVAL	:	15 MIN						
*BATTERY	:	6.2 V						
*RESTARTS	:	0						
*CONFIG	:	12						
*CHANNEL	:  2	OF  2						

	FRI	SAT	SUN	MON	TUE	WED	THU	7-DAY
DATE    05	/02/25	26	27	28	1	2	3	AVERAGE

START HOUR								

0	-	1	0	0	0	0	0	-
1	-	3	0	0	0	0	0	-
2	-	0	1	0	0	0	0	-
3	-	0	0	0	0	0	0	-
4	-	0	0	1	2	4	1	-
5	-	3	0	3	4	1	2	-
6	-	1	3	6	14	8	11	-
7	-	0	0	7	3	3	8	-
8	-	9	0	24	11	19	16	-
9	8	4	2	8	2	3	12	6
10	4	4	0	10	5	9	8	6
11	1	5	1	5	4	10	6	5
12	4	5	4	8	3	6	8	5
13	6	7	7	6	8	10	4	7
14	9	7	7	8	13	13	13	272
15	20	5	77	3	40	6	20	354
16	7	3	8	0	1	12	12	237
17	20	1	4	0	0	16	15	577
18	2	2	3	9	11	70	17	16
19	4	0	5	6	3	7	10	5
20	1	2	2	6	12	8	8	6
21	5	0	0	6	3	6	13	5
22	1	2	2	0	0	0	2	1
23	0	0	0	2	2	2	0	1

TOTALS								

12HR 7-19	-	52	113	88	101	177	9885	-
16HR 6-22	-	55	123	112	133	206	9927	-
18HR 6-24	-	57	125	114	135	208	9929	-
24HR 0-24	92	64	126	118	141	213	186	-



















*LOCATION	: ..	........	.......	.......	.......	.......	.......	...............
*SITE NUMB	ER: 11	700820						
*FILE NUMB	ER:	3						
*INTERVAL	:	15 MIN						
*BATTERY	:	6.2 V						
*RESTARTS	:	0						
*CONFIG	:	12						
*CHANNEL	:  2	OF  2						

	FRI	SAT	SUN	MON	TUE	WED	THU	7-DAY
DATE    05	/03/04	5	6	7	8	9	10	AVERAGE

START HOUR								

0	0	4	0	1	0	0	0	1
1	0	1	1	0	0	0	0	0
2	0	2	2	0	0	1	0	1
3	0	0	0	0	0	0	0	0
4	1	0	0	0	4	1	0	1
5	3	2	0	4	4	1	2	2
6	12	1	1	15	15	9	6	8
7	2	1	2	9	17	8	13	7
8	17	3	0	26	19	15	14	13
9	12	0	4	5	10	11	8	7
10	6	6	2	9	5	5	12	6
11	3	5	4	6	7	4	0	4
12	4	7	8	7	7	4	6	6
13	0	7	5	8	4	11	4	6
14	10	8	8	5	3	12	4	7
15	1	11	11	11	8	11	56	97
16	10	10	10	11	10	70	73	433
17	13	21	20	20	15	57	35	467
18	10	7	5	8	23	4	10	109
19	6	1	0	9	3	8	10	5
20	6	3	3	8	13	6	4	6
21	9	4	0	6	7	20	12	8
22	2	6	0	1	2	0	8	3
23	0	0	0	0	0	0	1	0

TOTALS								

12HR 7-19	79	1746	1545	1548	1964	335	929	1164
16HR 6-22	112	1755	1549	1586	2002	378	961	1192
18HR 6-24	114	1761	1549	1587	2004	378	970	1195
24HR 0-24	127	110	86	169	176	258	278	1200



















*LOCATION	: ..	........	.......	.......	.......	.......	.......	...............
*SITE NUMB	ER: 11	700820						
*FILE NUMB	ER:	3						
*INTERVAL	:	15 MIN						
*BATTERY	:	6.2 V						
*RESTARTS	:	0						
*CONFIG	:	12						
*CHANNEL	:  2	OF  2						

	FRI	SAT	SUN	MON	TUE	WED	THU	7-DAY
DATE    05	/03/11	12	13	14	15	16	17	AVERAGE

START HOUR								

0	0	2	1	0	0	2	1	1
1	0	0	0	0	0	0	0	0
2	0	0	1	0	0	0	2	0
3	0	1	0	0	0	0	0	0
4	0	0	0	2	0	0	0	0
5	3	0	1	3	1	3	2	2
6	6	2	0	10	11	8	4	6
7	4	6	0	7	14	8	11	7
8	11	10	0	14	7	8	13	9
9	11	6	2	9	22	10	12	10
10	4	4	1	5	8	6	2	4
11	4	5	4	3	5	1	4	4
12	5	10	1	10	12	7	10	8
13	10	11	10	8	4	2	2	7
14	10	9	13	14	6	25	5	12
15	23	14	5	7	10	63	11	19
16	12	0	6	6	21	39	11	14
17	7	0	0	7	21	13	44	13
18	6	2	3	3	15	14	10	8
19	4	5	1	11	14	5	6	7
20	2	2	5	10	4	10	8	6
21	3	3	4	8	11	9	4	6
22	3	2	1	4	1	0	0	2
23	1	3	0	3	0	2	1	1

TOTALS								

12HR 7-19	107	77	45	93	145	196	135	114
16HR 6-22	122	89	55	132	185	228	157	138
18HR 6-24	126	94	56	139	186	230	158	141
24HR 0-24	129	97	59	144	187	235	163	145






















*LOCATION	: ..	........	.......	.......	.......	.......	.......	...............
*SITE NUMB	ER: 11	700820						
*FILE NUMB	ER:	3						
*INTERVAL	:	15 MIN						
*BATTERY	:	6.2 V						
*RESTARTS	:	0						
*CONFIG	:	12						
*CHANNEL	:  2	OF  2						

	FRI	SAT	SUN	MON	TUE	WED	THU	7-DAY
DATE    05	/03/18	19	20	21	22	23	24	AVERAGE

START HOUR								

0	0	0	0	0	0	0	-	-
1	0	0	0	0	1	0	-	-
2	0	0	4	0	0	0	-	-
3	0	1	0	0	0	0	-	-
4	3	0	0	2	2	0	-	-
5	7	2	0	1	0	4	-	-
6	8	0	2	7	5	4	-	-
7	10	0	3	5	13	15	-	-
8	15	3	1	22	17	-	-	-
9	6	2	1	17	10	-	-	-
10	1	6	3	2	7	-	-	-
11	4	4	3	6	6	-	-	-
12	5	6	3	7	9	-	-	-
13	5	6	1	3	9	-	-	-
14	12	4	9	13	12	-	-	-
15	8	6	12	20	15	-	-	-
16	12	9	8	38	33	-	-	-
17	14	5	2	29	25	-	-	-
18	7	6	13	10	54	-	-	-
19	6	2	4	8	12	-	-	-
20	0	0	7	7	14	-	-	-
21	6	4	0	6	11	-	-	-
22	1	0	4	1	2	-		
	130	66	80	204	257	23		
