 
 
 
*LOCATION   : ............................................................
*SITE NUMBER: 10701336
*FILE NUMBER:        8
*INTERVAL   :   15 MIN
*BATTERY    :    6.0 V
*RESTARTS   :        0
*CONFIG     :        0
*CHANNEL    :  1 OF  1
 
             WED    THU    FRI    SAT    SUN    MON    TUE    7-DAY
DATE    05/03/30     31     01     02     03     04     05   AVERAGE
 
START HOUR
 
    0          -      3      2      4      2      3      1       -
    1          -      2      1      8      5      1      2       -
    2          -      1      2      2      3      1      0       -
    3          -      1      1      1      1      0      0       -
    4          -      2      1      2      3      0      2       -
    5          -      4      2      1      1      5      4       -
    6          -     15     19      6      5     21     16       -
    7          -     31     29     11      7     54     76       -
    8          -     57     56     11      7     96    112       -
    9          -     51     47     17     11     62     61       -
   10          -     22     35     11     23     24     34       -
   11         20     24     34     30     34     41     41      32
   12         24     37     35     50     50     39     43      40
   13         24     45     29     30     54     69     26      40
   14         29     57     46     41     74     54     54      51
   15         48     59     82     51     64     70     72      64
   16         51     57     71     28     47    120    131      72
   17         40     54     60     27     54     80     81      57
   18         26     47     33     21     41     46     74      41
   19         29     28     25     19     26     44     36      30
   20         13     24     16     16     27     23     32      22
   21         10     11     13     11     10     15      9      11
   22          3      8     10      4     10      5     14       8
   23          3      3      3      8      4      7      8       5
 
TOTALS
 
12HR 7-19      -    541    557    328    466    755    805       -
16HR 6-22      -    619    630    380    534    858    898       -
18HR 6-24      -    630    643    392    548    870    920       -
24HR 0-24      -    643    652    410    563    880    929       -



 
 
 
 
*LOCATION   : ............................................................
*SITE NUMBER: 10701336
*FILE NUMBER:        8
*INTERVAL   :   15 MIN
*BATTERY    :    6.0 V
*RESTARTS   :        0
*CONFIG     :        0
*CHANNEL    :  1 OF  1
 
             WED    THU    FRI    SAT    SUN    MON    TUE    7-DAY
DATE    05/04/06     07     08     09     10     11     12   AVERAGE
 
START HOUR
 
    0          5      1      4      7      3      2      2       3
    1          1      5      2      5      6      1      1       3
    2          3      1      2      4      1      3      0       2
    3          0      0      0      2      3      1      0       1
    4          0      1      1      2      1      2      1       1
    5          4      5      7      3      2      8      7       5
    6         19     13     26      7      7     28     25      18
    7         88     60     52     10      5     63     95      53
    8        102     85     78     15     10    106    136      76
    9         60     47     50     18     16     65     62      45
   10         42     37     31     26     17     41     45      34
   11         31     38     30     33     24     30     41      32
   12         45     35     37     48     50     17     52      41
   13         49     48     53     41     48     24     58      46
   14         57     45     53     39     52     21     59      47
   15         74     57     64     60     41     74    100      67
   16        112     98     99     40     45     68    119      83
   17         94     88     59     36     37     77     84      68
   18         61     48     54     42     30     49     76      51
   19         50     36     32     19     15     47     47      35
   20         35     29     28     16     11     26     34      26
   21         20     14     12     12      4     26     20      15
   22         12     10      7     12      3      9      6       8
   23          6      7      9      5     16      5     10       8
 
TOTALS
 
12HR 7-19    815    686    660    408    375    635    927     644
16HR 6-22    939    778    758    462    412    762   1053     738
18HR 6-24    957    795    774    479    431    776   1069     754
24HR 0-24    970    808    790    502    447    793   1080     770



 
 
 
 
*LOCATION   : ............................................................
*SITE NUMBER: 10701336
*FILE NUMBER:        8
*INTERVAL   :   15 MIN
*BATTERY    :    6.0 V
*RESTARTS   :        0
*CONFIG     :        0
*CHANNEL    :  1 OF  1
 
             WED    THU    FRI    SAT    SUN    MON    TUE    7-DAY
DATE    05/04/13     14     15     16     17     18     19   AVERAGE
 
START HOUR
 
    0          3      3      9      5     16      3      5       6
    1          3      4      5      9      7      1      2       4
    2          1      2      1      7      4      3      3       3
    3          0      1      2      7     10      1      2       3
    4          4      4      2      2      2      2      1       2
    5          9      7     11      4      2      8      8       7
    6         31     28     25     10      7     30     35      24
    7         84     95     85     14      5    105     82      67
    8        131    124    112     25     10    145    125      96
    9         98     80     53     35     28    117     89      71
   10         45     59     53     47     42     66     58      53
   11         42     48     38     66     64     70     51      54
   12         60     59     59     78     67     64     38      61
   13         47     65     45     92    101     66     46      66
   14         61     62     61     84    101     83     70      75
   15        102    103    113     76     77    118    102      99
   16        140    156    129     75     78    168    141     127
   17         92    129     93     49     72    137    105      97
   18         72     82     87     56     80    111     82      81
   19         59     42     43     47     56     75     42      52
   20         34     40     34     31     43     49     36      38
   21         44     34     23     14     21     29     31      28
   22         19     14     13      9      9     19     14      14
   23          4      9     16      5      3      9      4       7
 
TOTALS
 
12HR 7-19    974   1062    928    697    725   1250    989     946
16HR 6-22   1142   1206   1053    799    852   1433   1133    1088
18HR 6-24   1165   1229   1082    813    864   1461   1151    1109
24HR 0-24   1185   1250   1112    847    905   1479   1172    1136



 
 
 
 
*LOCATION   : ............................................................
*SITE NUMBER: 10701336
*FILE NUMBER:        8
*INTERVAL   :   15 MIN
*BATTERY    :    6.0 V
*RESTARTS   :        0
*CONFIG     :        0
*CHANNEL    :  1 OF  1
 
             WED    THU    FRI    SAT    SUN    MON    TUE    7-DAY
DATE    05/04/20     21     22     23     24     25     26   AVERAGE
 
START HOUR
 
    0          6      4      5      2      7      2      6       5
    1          4      1      1      4      4      1      2       2
    2          0      0      0      2      4      1      4       2
    3          2      0      0      7      2      0      0       2
    4          3      1      4      1      1      1      0       2
    5          6      3      3      1      1      6      5       4
    6         37     26     27      8      7     31     40      25
    7         83     66     52     11      5    106    127      64
    8        135     90     79     23     15    186    206     105
    9         67     57     54     31     24    107     91      62
   10         45     43     28     35     35     64     73      46
   11         35     36     32     58     50     56     67      48
   12         47     45     42     72     73     63     62      58
   13         50     47     44     60     88     80     81      64
   14         55     49     47     45     59     75     84      59
   15         83     82     68     68     75    119    133      90
   16        125     78     95     50     59    184    197     113
   17        103     76     56     40     50    148    141      88
   18         56     57     56     45     39    114    113      69
   19         46     34     37     19     36     86     95      50
   20         35     23     31     21     31     62     72      39
   21         13     15     20      6      9     26     41      19
   22         14      8      9     14      5     12     17      11
   23          6      7      9      3     11     11     12       8
 
TOTALS
 
12HR 7-19    884    726    653    538    572   1302   1375     864
16HR 6-22   1015    824    768    592    655   1507   1623     998
18HR 6-24   1035    839    786    609    671   1530   1652    1017
24HR 0-24   1056    848    799    626    690   1541   1669    1033



 
 
 
 
*LOCATION   : ............................................................
*SITE NUMBER: 10701336
*FILE NUMBER:        8
*INTERVAL   :   15 MIN
*BATTERY    :    6.0 V
*RESTARTS   :        0
*CONFIG     :        0
*CHANNEL    :  1 OF  1
 
             WED    THU    FRI    SAT    SUN    MON    TUE    7-DAY
DATE    05/04/27     28     29     30     01     02     03   AVERAGE
 
START HOUR
 
    0          4      4     12      5     11      1      -       -
    1          4      5      8      5      7      1      -       -
    2          1      0      0      5      6      3      -       -
    3          1      4      2      4      9      1      -       -
    4          0      0      0      1      6      0      -       -
    5          5      3      4      7      5      6      -       -
    6         39     42     48     15      3     39      -       -
    7        116    131     87      6     12    128      -       -
    8        174    189    165     14      7    169      -       -
    9        109     95     92     22     28      -      -       -
   10         58     61     65     33     40      -      -       -
   11         62     66     59     43     53      -      -       -
   12         58     67     65     61     59      -      -       -
   13         74     68     73     62     65      -      -       -
   14         96     57     69     41     51      -      -       -
   15        133    127    132     53     49      -      -       -
   16        170    185    149     39     40      -      -       -
   17        162    157    101     33     36      -      -       -
   18        120    106     81     23     39      -      -       -
   19         85     60     50     23     27      -      -       -
   20         66     68     35     13     26      -      -       -
   21         57     49     26     29      8      -      -       -
   22         20     16     13      9      9      -      -       -
   23         11     10     18     12      5      -      -       -
 
TOTALS
 
12HR 7-19   1332   1309   1138    430    479      -      -       -
16HR 6-22   1579   1528   1297    510    543      -      -       -
18HR 6-24   1610   1554   1328    531    557      -      -       -
24HR 0-24   1625   1570   1354    558    601      -      -       -

 
