 
 
 
*LOCATION   : ............................................................
*SITE NUMBER: 11500902
*FILE NUMBER:        1
*INTERVAL   :   15 MIN
*BATTERY    :    6.4 V
*RESTARTS   :        0
*CONFIG     :        0
*CHANNEL    :  1 OF  1
 
             WED    THU    FRI    SAT    SUN    MON    TUE    7-DAY
DATE    11/03/02     03     04     05     06     07     08   AVERAGE
 
START HOUR
 
    0          -      0      1      2      2      0      0       -
    1          -      0      0      2      0      0      0       -
    2          -      0      0      0      0      0      0       -
    3          -      0      0      0      1      0      0       -
    4          -      0      0      0      0      0      0       -
    5          -      1      1      0      0      2      3       -
    6          -      3      4      2      0      6      5       -
    7          -     29     16      0      1     21     25       -
    8          -     28     26      0      2     37     28       -
    9          -      9      9      6      3     20     19       -
   10          9     12     11      5      3      6     11       8
   11         13     12     12      4      4     12     14      10
   12          7      5     15      8      4      9     10       8
   13          7      5      8     11      2     10     13       8
   14          7      9      8      9      6     18     10      10
   15         20     16     12      7     10     15     18      14
   16         26     15     18      4      3     38     27      19
   17         16     17     13      2      3     21     22      13
   18         12      8     11      3      4     14     14       9
   19          5      8      2      3      2      6      5       4
   20          8      5      2      0      0      4      1       3
   21          2      1      2      2      1      3      4       2
   22          3      0      1      0      0      2      0       1
   23          0      1      2      0      0      0      0       0
 
TOTALS
 
12HR 7-19      -    165    159     59     45    221    211       -
16HR 6-22      -    182    169     66     48    240    226       -
18HR 6-24      -    183    172     66     48    242    226       -
24HR 0-24      -    184    174     70     51    244    229       -
 
 
 
 
*LOCATION   : ............................................................
*SITE NUMBER: 11500902
*FILE NUMBER:        1
*INTERVAL   :   15 MIN
*BATTERY    :    6.4 V
*RESTARTS   :        0
*CONFIG     :        0
*CHANNEL    :  1 OF  1
 
             WED    THU    FRI    SAT    SUN    MON    TUE    7-DAY
DATE    11/03/09     10     11     12     13     14     15   AVERAGE
 
START HOUR
 
    0          0      0      1      2      3      1      0       1
    1          0      1      1      3      2      0      0       1
    2          0      0      0      0      0      0      0       0
    3          0      0      0      1      0      1      1       0
    4          0      0      0      0      0      1      0       0
    5          2      3      1      0      0      4      3       2
    6          6      6      9      1      1      7      9       6
    7         16     21     17      2      1     19     25      14
    8         24     31     21      4      0     37     26      20
    9         14     15      4      7      3     18     21      12
   10          7     10     11      5      7      6     14       9
   11         10     11      7      5      6     10     13       9
   12         18      9      3      7      2     19     13      10
   13          8      4      6      5      3      8      7       6
   14         14     13      7      5      6      8     14      10
   15         18     21     17      5      7     15     22      15
   16         23     21     10      6      5     29     28      17
   17         26     18     11      1      3     26     17      15
   18          7     13     11      5      4     18     18      11
   19         10      3      4      0      4     10      9       6
   20          5      3      3      4      3      5      4       4
   21          9      1      1      2      1      2      4       3
   22          3      2      2      2      1      1      4       2
   23          2      1      0      1      3      1      0       1
 
TOTALS
 
12HR 7-19    185    187    125     57     47    213    218     147
16HR 6-22    215    200    142     64     56    237    244     165
18HR 6-24    220    203    144     67     60    239    248     169
24HR 0-24    222    207    147     73     65    246    252     173
 
 
 
 
*LOCATION   : ............................................................
*SITE NUMBER: 11500902
*FILE NUMBER:        1
*INTERVAL   :   15 MIN
*BATTERY    :    6.4 V
*RESTARTS   :        0
*CONFIG     :        0
*CHANNEL    :  1 OF  1
 
             WED    THU    FRI    SAT    SUN    MON    TUE    7-DAY
DATE    11/03/16     17     18     19     20     21     22   AVERAGE
 
START HOUR
 
    0          0      0      1      1      0      2      0       1
    1          0      0      1      1      1      0      0       0
    2          0      0      1      0      0      0      0       0
    3          0      0      0      0      0      0      0       0
    4          0      1      0      0      1      0      0       0
    5          7      4      6      1      0      6      4       4
    6          6      8      6      2      0      8     13       6
    7         16     19     21      1      2     14     17      13
    8         33     33     28      8      1     41     39      26
    9         19     19     21      5      3     20     14      14
   10         15     17     12      8      5     11     10      11
   11         16      9     19      4      1     11     17      11
   12          9     13     15      6      5      8     20      11
   13         18     16     11     12      6      8      9      11
   14         13     17     13      4      6     17     20      13
   15         19     21     22      3      5     24     24      17
   16         24     31     23      3      4     25     26      19
   17         24     24     18      4      5     22     25      17
   18         14      8      7      2      6     13     16       9
   19         12      6      7      1      6     15     12       8
   20          6      3      3      2      3      7      5       4
   21          2      6      3      1      5      3      4       3
   22          1      4      1      1      0      4      2       2
   23          0      0      4      1      0      2      1       1
 
TOTALS
 
12HR 7-19    220    227    210     60     49    214    237     174
16HR 6-22    246    250    229     66     63    247    271     196
18HR 6-24    247    254    234     68     63    253    274     199
24HR 0-24    254    259    243     71     65    261    278     204
 
 
 
 
*LOCATION   : ............................................................
*SITE NUMBER: 11500902
*FILE NUMBER:        1
*INTERVAL   :   15 MIN
*BATTERY    :    6.4 V
*RESTARTS   :        0
*CONFIG     :        0
*CHANNEL    :  1 OF  1
 
             WED    THU    FRI    SAT    SUN    MON    TUE    7-DAY
DATE    11/03/23     24     25     26     27     28     29   AVERAGE
 
START HOUR
 
    0          1      4      1      1      0      0      1       1
    1          0      1      0      2      1      0      0       1
    2          0      0      1      0      2      0      0       0
    3          0      0      0      1      0      0      0       0
    4          0      0      0      1      1      3      3       1
    5          2      4      3      0      1      8      9       4
    6         14     10     13      1      0     17     14      10
    7         15     20     11      1      0     26     45      17
    8         39     42     29      4      3     16     20      22
    9         20     20     11      3      4      6     19      12
   10         18     23     21      4      6      9     17      14
   11         23     17      8      8      7     12     22      14
   12         16      7     17     17     10     13      9      13
   13         13     14     15     10      9     17     20      14
   14         21     17     20      9      8     21     20      17
   15         21     20     16      6      9     29     34      19
   16         34     28     25      9      8     23     26      22
   17         20     29     19     10      8     10     14      16
   18         17     20     13      5     10      8      9      12
   19         14      7      5      2      3      4     12       7
   20          9      9      5      3      3      6      3       5
   21          3      3      4      4      2      1      1       3
   22          2      4      0      3      0      2      2       2
   23          4      1      0      3      0      0      0       1
 
TOTALS
 
12HR 7-19    257    257    205     86     82    190    255     190
16HR 6-22    297    286    232     96     90    218    285     215
18HR 6-24    303    291    232    102     90    220    287     218
24HR 0-24    306    300    237    107     95    231    300     225
 
 
 
 
*LOCATION   : ............................................................
*SITE NUMBER: 11500902
*FILE NUMBER:        1
*INTERVAL   :   15 MIN
*BATTERY    :    6.4 V
*RESTARTS   :        0
*CONFIG     :        0
*CHANNEL    :  1 OF  1
 
             WED    THU    FRI    SAT    SUN    MON    TUE    7-DAY
DATE    11/03/30     31     01     02     03     04     05   AVERAGE
 
START HOUR
 
    0          0      -      -      -      -      -      -       -
    1          0      -      -      -      -      -      -       -
    2          0      -      -      -      -      -      -       -
    3          0      -      -      -      -      -      -       -
    4          6      -      -      -      -      -      -       -
    5          9      -      -      -      -      -      -       -
    6         22      -      -      -      -      -      -       -
    7         31      -      -      -      -      -      -       -
    8          -      -      -      -      -      -      -       -
    9          -      -      -      -      -      -      -       -
   10          -      -      -      -      -      -      -       -
   11          -      -      -      -      -      -      -       -
   12          -      -      -      -      -      -      -       -
   13          -      -      -      -      -      -      -       -
   14          -      -      -      -      -      -      -       -
   15          -      -      -      -      -      -      -       -
   16          -      -      -      -      -      -      -       -
   17          -      -      -      -      -      -      -       -
   18          -      -      -      -      -      -      -       -
   19          -      -      -      -      -      -      -       -
   20          -      -      -      -      -      -      -       -
   21          -      -      -      -      -      -      -       -
   22          -      -      -      -      -      -      -       -
   23          -      -      -      -      -      -      -       -
 
TOTALS
 
12HR 7-19      -      -      -      -      -      -      -       -
16HR 6-22      -      -      -      -      -      -      -       -
18HR 6-24      -      -      -      -      -      -      -       -
24HR 0-24      -      -      -      -      -      -      -       -
 
