 
 
 
*LOCATION   : ............................................................
*SITE NUMBER: 11710910
*FILE NUMBER:        3
*INTERVAL   :   15 MIN
*BATTERY    :    6.5 V
*RESTARTS   :        0
*CONFIG     :        0
*CHANNEL    :  1 OF  1
 
             FRI    SAT    SUN    MON    TUE    WED    THU    7-DAY
DATE    11/03/04     05     06     07     08     09     10   AVERAGE
 
START HOUR
 
    0          -      2      1      0      0      1      0       -
    1          -      2      1      1      0      1      0       -
    2          -      0      0      0      0      0      0       -
    3          -      0      0      1      0      0      0       -
    4          -      1      0      1      1      1      2       -
    5          -      1      1      7      6      6      5       -
    6          -      2      2     13     18     15     19       -
    7          -      0      2     24     28     24     30       -
    8          -      4      5     32     35     29     21       -
    9          -      6      1     12     12      7     12       -
   10          -      6      6      5      5      4      7       -
   11          -      9     10      7     13     16      7       -
   12          -     17     14      7     12     11      8       -
   13          -     11      7      9      9      8     10       -
   14          -     13      6     11     13     20      8       -
   15         21     17     13     20     17     18     24      19
   16         29     10      6     25     31     30     32      23
   17         23      5     13     32     22     32     26      22
   18         13      1      6     16     12      9     18      11
   19          7      3      5      9     13     12     13       9
   20          4      1      5      8      8     11     10       7
   21          5      1      1      2      4      3      2       3
   22          1      0      1      1      1      2      2       1
   23          0      0      1      0      2      3      1       1
 
TOTALS
 
12HR 7-19      -     99     89    200    209    208    203       -
16HR 6-22      -    106    102    232    252    249    247       -
18HR 6-24      -    106    104    233    255    254    250       -
24HR 0-24      -    112    107    243    262    263    257       -
 
 
 
 
*LOCATION   : ............................................................
*SITE NUMBER: 11710910
*FILE NUMBER:        3
*INTERVAL   :   15 MIN
*BATTERY    :    6.5 V
*RESTARTS   :        0
*CONFIG     :        0
*CHANNEL    :  1 OF  1
 
             FRI    SAT    SUN    MON    TUE    WED    THU    7-DAY
DATE    11/03/11     12     13     14     15     16     17   AVERAGE
 
START HOUR
 
    0          1      0      1      0      0      0      0       0
    1          1      1      0      0      0      0      1       0
    2          0      1      0      0      0      0      0       0
    3          0      0      0      0      0      0      1       0
    4          4      0      0      1      0      0      2       1
    5          6      2      0      7      4      5      4       4
    6         10      2      0     15     16     18     17      11
    7         21      0      2     32     27     30     28      20
    8         16      2      2     33     49     42     46      27
    9          6      8      2     10     16     20     13      11
   10         17      7      5      9     11     14     12      11
   11         11     13      8     10     10     16      9      11
   12          5      6      8      9     10     11     20      10
   13         13     19      9     10     10     19     15      14
   14         13     16     10     10     16     20     18      15
   15         12      8      8     25     33     15     29      19
   16         11     10     10     38     34     34     44      26
   17         18      5     16     33     27     32     40      24
   18         10      5      4     18     22     22     16      14
   19          6      2      3     15     15     20     15      11
   20          4      3      3      6     10      4      5       5
   21          3      1      0      7      7      6      6       4
   22          2      4      0      1      3      4      3       2
   23          2      2      0      1      0      0      2       1
 
TOTALS
 
12HR 7-19    153     99     84    237    265    275    290     200
16HR 6-22    176    107     90    280    313    323    333     232
18HR 6-24    180    113     90    282    316    327    338     235
24HR 0-24    192    117     91    290    320    332    346     241
 
 
 
 
*LOCATION   : ............................................................
*SITE NUMBER: 11710910
*FILE NUMBER:        3
*INTERVAL   :   15 MIN
*BATTERY    :    6.5 V
*RESTARTS   :        0
*CONFIG     :        0
*CHANNEL    :  1 OF  1
 
             FRI    SAT    SUN    MON    TUE    WED    THU    7-DAY
DATE    11/03/18     19     20     21     22     23     24   AVERAGE
 
START HOUR
 
    0          0      1      2      0      0      2      2       1
    1          0      1      0      0      1      0      1       0
    2          0      2      1      0      0      0      0       0
    3          0      0      0      0      1      0      0       0
    4          0      0      1      0      0      2      1       1
    5          6      1      0      7      5      5      4       4
    6         12      0      2     15     15     18     18      11
    7         34      1      3     25     33     46     33      25
    8         40      6      2     42     51     47     43      33
    9         24     11      4     11     14     19     14      14
   10          8      9      3      7     20     16      9      10
   11         20      9     10     13     12      8      9      12
   12         11     14     15      3      8     13     13      11
   13         16      6      9     11     15     23     15      14
   14         18     12     10      8     12     24     14      14
   15         28      3     18     22     32     31     21      22
   16         31      2      6     29     31     49     31      26
   17         17      4     11     37     32     43     26      24
   18         12      6      4     17     23     22     25      16
   19          8      6      6     20     25     16     11      13
   20         15      3      2      4      7      7      8       7
   21          3      1      0      7      3      5      9       4
   22          2      1      5      1      5      3      4       3
   23          0      2      1      1      2      2      4       2
 
TOTALS
 
12HR 7-19    259     83     95    225    283    341    253     220
16HR 6-22    297     93    105    271    333    387    299     255
18HR 6-24    299     96    111    273    340    392    307     260
24HR 0-24    305    101    115    280    347    401    315     266
 
 
 
 
*LOCATION   : ............................................................
*SITE NUMBER: 11710910
*FILE NUMBER:        3
*INTERVAL   :   15 MIN
*BATTERY    :    6.5 V
*RESTARTS   :        0
*CONFIG     :        0
*CHANNEL    :  1 OF  1
 
             FRI    SAT    SUN    MON    TUE    WED    THU    7-DAY
DATE    11/03/25     26     27     28     29     30     31   AVERAGE
 
START HOUR
 
    0          1      0      2      0      0      0      1       1
    1          0      1      2      0      0      0      0       0
    2          1      2      2      0      0      0      0       1
    3          0      0      1      0      0      1      0       0
    4          1      1      0      7      8      4      4       4
    5          5      2      3     12     12     19     23      11
    6          9      1      3     21     35     31     34      19
    7         29      2      1     27     43     37     47      27
    8         34      3      4     13      9     13     29      15
    9         13     15     12     13     11     13     23      14
   10          8      9     10     10      6     13     16      10
   11         12     13     21      6     19     15     22      15
   12          9     19     24     13      9     19     19      16
   13         11     19     23     14     19     18     30      19
   14         20     28     17     19     33     32     27      25
   15         19     21     22     29     31     31     47      29
   16         31     12     12     27     25     33     46      27
   17         19     15     11     22     16     33     36      22
   18         11      4      6     20     20     21     21      15
   19         12      1      6      8     10      9     14       9
   20          4      2      2      1     10      5      8       5
   21          4      2      2      2      2      2      3       2
   22          2      1      1      3      4      2      3       2
   23          3      1      0      0      0      0      0       1
 
TOTALS
 
12HR 7-19    216    160    163    213    241    278    363     233
16HR 6-22    245    166    176    245    298    325    422     268
18HR 6-24    250    168    177    248    302    327    425     271
24HR 0-24    258    174    187    267    322    351    453     287
 
 
 
 
*LOCATION   : ............................................................
*SITE NUMBER: 11710910
*FILE NUMBER:        3
*INTERVAL   :   15 MIN
*BATTERY    :    6.5 V
*RESTARTS   :        0
*CONFIG     :        0
*CHANNEL    :  1 OF  1
 
             FRI    SAT    SUN    MON    TUE    WED    THU    7-DAY
DATE    11/04/01     02     03     04     05     06     07   AVERAGE
 
START HOUR
 
    0          0      0      1      0      -      -      -       -
    1          0      1      1      0      -      -      -       -
    2          0      0      1      0      -      -      -       -
    3          0      1      1      0      -      -      -       -
    4          8      2      1      7      -      -      -       -
    5         11      2      1     10      -      -      -       -
    6         36      3      3     21      -      -      -       -
    7         39      5      7     33      -      -      -       -
    8         20     22      7      -      -      -      -       -
    9         13     16      9      -      -      -      -       -
   10         17     14     15      -      -      -      -       -
   11         17     34     15      -      -      -      -       -
   12         14     23     14      -      -      -      -       -
   13         21     25      8      -      -      -      -       -
   14         28     18     12      -      -      -      -       -
   15         33     18     11      -      -      -      -       -
   16         31     14     15      -      -      -      -       -
   17         18     15     11      -      -      -      -       -
   18         14     13     10      -      -      -      -       -
   19          8      3      3      -      -      -      -       -
   20          6      3      1      -      -      -      -       -
   21          0      1      2      -      -      -      -       -
   22          