 
 
 
*LOCATION   : ............................................................
*SITE NUMBER: 11720909
*FILE NUMBER:        2
*INTERVAL   :   15 MIN
*BATTERY    :    6.2 V
*RESTARTS   :        0
*CONFIG     :       12
*CHANNEL    :  1 OF  2
 
             FRI    SAT    SUN    MON    TUE    WED    THU    7-DAY
DATE    11/03/04     05     06     07     08     09     10   AVERAGE
 
START HOUR
 
    0          -      0      0      0      0      0      0       -
    1          -      0      0      0      0      0      0       -
    2          -      0      0      0      0      0      0       -
    3          -      0      0      0      0      0      0       -
    4          -      0      0      0      0      0      0       -
    5          -      0      0      0      0      0      0       -
    6          -      0      0      0      0      0      0       -
    7          -      0      0      0      0      0      0       -
    8          -      0      0      0      0      0      0       -
    9          -      0      0      0      0      0      0       -
   10          -      0      0      0      0      0      0       -
   11          -      0      0      0      0      0      0       -
   12          -      0      0      0      0      0      0       -
   13          -      0      0      0      0      0      0       -
   14          -      0      0      0      0      0      0       -
   15          -      0      0      0      0      0      0       -
   16          0      0      0      0      0      0      0       0
   17          0      0      0      0      0      0      0       0
   18          0      0      0      0      0      0      0       0
   19          0      0      0      0      0      0      0       0
   20          0      0      0      0      0      0      0       0
   21          0      0      0      0      0      0      0       0
   22          0      0      0      0      0      0      0       0
   23          0      0      0      0      0      0      0       0
 
TOTALS
 
12HR 7-19      -      0      0      0      0      0      0       -
16HR 6-22      -      0      0      0      0      0      0       -
18HR 6-24      -      0      0      0      0      0      0       -
24HR 0-24      -      0      0      0      0      0      0       -
 
 
 
 
*LOCATION   : ............................................................
*SITE NUMBER: 11720909
*FILE NUMBER:        2
*INTERVAL   :   15 MIN
*BATTERY    :    6.2 V
*RESTARTS   :        0
*CONFIG     :       12
*CHANNEL    :  1 OF  2
 
             FRI    SAT    SUN    MON    TUE    WED    THU    7-DAY
DATE    11/03/11     12     13     14     15     16     17   AVERAGE
 
START HOUR
 
    0          0      0      0      0      0      0      0       0
    1          0      0      0      0      0      0      0       0
    2          0      0      0      0      0      0      0       0
    3          0      0      0      0      0      0      0       0
    4          0      0      0      0      0      0      0       0
    5          0      0      0      0      0      0      0       0
    6          0      0      0      0      0      0      0       0
    7          0      0      0      0      0      0      0       0
    8          0      0      0      0      0      0      0       0
    9          0      0      0      0      0      0      0       0
   10          0      0      0      0      0      0      0       0
   11          0      0      0      0      0      0      0       0
   12          0      0      0      0      0      0      0       0
   13          0      0      0      0      0      0      0       0
   14          0      0      0      0      0      0      0       0
   15          0      0      0      0      0      0      0       0
   16          0      0      0      0      0      0      0       0
   17          0      0      0      0      0      0      0       0
   18          0      0      0      0      0      0      0       0
   19          0      0      0      0      0      0      0       0
   20          0      0      0      0      0      0      0       0
   21          0      0      0      0      0      0      0       0
   22          0      0      0      0      0      0      0       0
   23          0      0      0      0      0      0      0       0
 
TOTALS
 
12HR 7-19      0      0      0      0      0      0      0       0
16HR 6-22      0      0      0      0      0      0      0       0
18HR 6-24      0      0      0      0      0      0      0       0
24HR 0-24      0      0      0      0      0      0      0       0
 
 
 
 
*LOCATION   : ............................................................
*SITE NUMBER: 11720909
*FILE NUMBER:        2
*INTERVAL   :   15 MIN
*BATTERY    :    6.2 V
*RESTARTS   :        0
*CONFIG     :       12
*CHANNEL    :  1 OF  2
 
             FRI    SAT    SUN    MON    TUE    WED    THU    7-DAY
DATE    11/03/18     19     20     21     22     23     24   AVERAGE
 
START HOUR
 
    0          0      0      0      0      0      0      0       0
    1          0      0      0      0      0      0      0       0
    2          0      0      0      0      0      0      0       0
    3          0      0      0      0      0      0      0       0
    4          0      0      0      0      0      0      0       0
    5          0      0      0      0      0      0      0       0
    6          0      0      0      0      0      0      0       0
    7          0      0      0      0      0      0      0       0
    8          0      0      0      0      0      0      0       0
    9          0      0      0      0      0      0      0       0
   10          0      0      0      0      0      0      0       0
   11          0      0      0      0      0      0      0       0
   12          0      0      0      0      0      0      0       0
   13          0      0      0      0      0      0      0       0
   14          0      0      0      0      0      0      0       0
   15          0      0      0      0      0      0      0       0
   16          0      0      0      0      0      0      0       0
   17          0      0      0      0      0      0      0       0
   18          0      0      0      0      0      0      0       0
   19          0      0      0      0      0      0      0       0
   20          0      0      0      0      0      0      0       0
   21          0      0      0      0      0      0      0       0
   22          0      0      0      0      0      0      0       0
   23          0      0      0      0      0      0      0       0
 
TOTALS
 
12HR 7-19      0      0      0      0      0      0      0       0
16HR 6-22      0      0      0      0      0      0      0       0
18HR 6-24      0      0      0      0      0      0      0       0
24HR 0-24      0      0      0      0      0      0      0       0
 
 
 
 
*LOCATION   : ............................................................
*SITE NUMBER: 11720909
*FILE NUMBER:        2
*INTERVAL   :   15 MIN
*BATTERY    :    6.2 V
*RESTARTS   :        0
*CONFIG     :       12
*CHANNEL    :  1 OF  2
 
             FRI    SAT    SUN    MON    TUE    WED    THU    7-DAY
DATE    11/03/25     26     27     28     29     30     31   AVERAGE
 
START HOUR
 
    0          0      0      0      0      0      0      0       0
    1          0      0      0      0      0      0      0       0
    2          0      0      0      0      0      0      0       0
    3          0      0      0      0      0      0      0       0
    4          0      0      0      0      0      0      0       0
    5          0      0      0      0      0      0      0       0
    6          0      0      0      0      0      0      0       0
    7          0      0      0      0      0      0      0       0
    8          0      0      0      0      0      0      0       0
    9          0      0      0      0      0      0      0       0
   10          0      0      0      0      0      0      0       0
   11          0      0      0      0      0      0      0       0
   12          0      0      0      0      0      0      0       0
   13          0      0      0      0      0      0      0       0
   14          0      0      0      0      0      0      0       0
   15          0      0      0      0      0      0      0       0
   16          0      0      0      0      0      0      0       0
   17          0      0      0      0      0      0      0       0
   18          0      0      0      0      0      0      0       0
   19          0      0      0      0      0      0      1       0
   20          0      0      0      0      0      0      0       0
   21          0      0      0      0      0      0      0       0
   22          0      0      0      0      0      0      0       0
   23          0      0      0      0      0      0      0       0
 
TOTALS
 
12HR 7-19      0      0      0      0      0      0      0       0
16HR 6-22      0      0      0      0      0      0      1       0
18HR 6-24      0      0      0      0      0      0      1       0
24HR 0-24      0      0      0      0      0      0      1       0
 
 
 
 
*LOCATION   : ............................................................
*SITE NUMBER: 11720909
*FILE NUMBER:        2
*INTERVAL   :   15 MIN
*BATTERY    :    6.2 V
*RESTARTS   :        0
*CONFIG     :       12
*CHANNEL    :  1 OF  2
 
             FRI    SAT    SUN    MON    TUE    WED    THU    7-DAY
DATE    11/04/01     02     03     04     05     06     07   AVERAGE
 
START HOUR
 
    0          0      0      0      0      -      -      -       -
    1          0      0      0      0      -      -      -       -
    2          0      0      0      0      -      -      -       -
    3          0      0      0      0      -      -      -       -
    4          0      0      0      0      -      -      -       -
    5          0      0      0      0      -      -      -       -
    6          0      0      0      0      -      -      -       -
    7          0      0      0      0      -      -      -       -
    8          0      0      0      0      -      -      -       -
    9          0      0      0      -      -      -      -       -
   10          0      0      0      -      -      -      -       -
   11          0      0      0      -      -      -      -       -
   12          0      0      0      -      -      -      -       -
   13          0      0      0      -      -      -      -       -
   14          0      0      0      -      -      -      -       -
   15          0      0      0      -      -      -      -       -
   16          0      0      0      -      -      -      -       -
   17          0      0      0      -      -      -      -       -
   18          0      0      0      -      -      -      -       -
   19          0      0      0      -      -      -      -       -
   20          0      0      0      -      -      -      -       -
   21          0      0      0      -      -      -      -       -
   22          0      0      0      -      -      -      -       -
   23          0      0      0      -      -      -      -       -
 
TOTALS
 
12HR 7-19      0      0      0      -      -      -      -       -
16HR 6-22      0      0      0      -      -      -      -       -
18HR 6-24      0      0      0      -      -      -      -       -
24HR 0-24      0      0      0      -      -      -      -       -
 
 
 
 
*LOCATION   : ............................................................
*SITE NUMBER: 11720909
*FILE NUMBER:        2
*INTERVAL   :   15 MIN
*BATTERY    :    6.2 V
*RESTARTS   :        0
*CONFIG     :       12
*CHANNEL    :  2 OF  2
 
             FRI    SAT    SUN    MON    TUE    WED    THU    7-DAY
DATE    11/03/04     05     06     07     08     09     10   AVERAGE
 
START HOUR
 
    0          -      1      0      0      0      0      0       -
    1          -      1      2      0      0      0      0       -
    2          -      1      0      0      0      0      0       -
    3          -      0      0      0      0      0      0       -
    4          -      1      3      1      0      0      0       -
    5          -      1      0      0      2      1      2       -
    6          -      0      2      6     15     11     12       -
    7          -      0      2     30     24     31     23       -
    8          -      2      0     19     19     23     18       -
    9          -      5      2     10      9      6      7       -
   10          -      1      2      8      4      4      7       -
   11          -      4      4     30      9      7      8       -
   12          -      4      3      6      4     10      6       -
   13          -      7      1     12      7      5      5       -
   14          -      6      6      8      6      2      9       -
   15          -      7     11     12     14     18     15       -
   16         20      7      1     27     24     25     20      18
   17         17      2      7     23     29     22     18      17
   18         13      4      2     11     16     13     10      10
   19          3      3      4      5      4     17      6       6
   20          5      0      6      4      3      5      4       4
   21          4      3      1      4      5      3      3       3
   22          2      2      1      1      6      3      5       3
   23          2      0      0      1      3      0      2       1
 
TOTALS
 
12HR 7-19      -     49     41    196    165    166    146       -
16HR 6-22      -     55     54    215    192    202    171       -
18HR 6-24      -     57     55    217    201    205    178       -
24HR 0-24      -     62     60    218    203    206    180       -
 
 
 
 
*LOCATION   : ............................................................
*SITE NUMBER: 11720909
*FILE NUMBER:        2
*INTERVAL   :   15 MIN
*BATTERY    :    6.2 V
*RESTARTS   :        0
*CONFIG     :       12
*CHANNEL    :  2 OF  2
 
             FRI    SAT    SUN    MON    TUE    WED    THU    7-DAY
DATE    11/03/11     12     13     14     15     16     17   AVERAGE
 
START HOUR
 
    0          1      0      0      0      0      0      0       0
    1          1      1      1      0      0      0      0       0
    2          0      0      0      0      0      0      0       0
    3          0      2      0      0      0      0      0       0
    4          3      0      0      1      0      0      0       1
    5          1      0      0      2      3      1      2       1
    6          9      1      1     10     13     11     13       8
    7         20      1      0     32     37     34     26      21
    8          9      2      1     30     28     24     26      17
    9          4      6      2     10     17     18     15      10
   10          4      0      1      7     10      8      6       5
   11          2      5      3      9      5      4      6       5
   12          9      7      5     11     10      5      7       8
   13          2      9      5     13     20     11     10      10
   14          1      3      4     10     13     14     11       8
   15         11      8      7     10     18     15     11      11
   16         11      5      5     28     26     21     28      18
   17          8      5      2     31     33     26     24      18
   18          6      4      2     12     19     20     10      10
   19          7      2      1      5     10     14      7       7
   20          4      0      6      7      5      8      6       5
   21          0      2      1      3      4      4      8       3
   22          1      3      0      2      4      2      4       2
   23          1      2      0      0      2      2      1       1
 
TOTALS
 
12HR 7-19     87     55     37    203    236    200    180     143
16HR 6-22    107     60     46    228    268    237    214     166
18HR 6-24    109     65     46    230    274    241    219     169
24HR 0-24    115     68     47    233    277    242    221     172
 
 
 
 
*LOCATION   : ............................................................
*SITE NUMBER: 11720909
*FILE NUMBER:        2
*INTERVAL   :   15 MIN
*BATTERY    :    6.2 V
*RESTARTS   :        0
*CONFIG     :       12
*CHANNEL    :  2 OF  2
 
             FRI    SAT    SUN    MON    TUE    WED    THU    7-DAY
DATE    11/03/18     19     20     21     22     23     24   AVERAGE
 
START HOUR
 
    0          0      1      2      0      0      0      0       0
    1          0      1      1      0      0      0      0       0
    2          0      0      0      0      1      0      0       0
    3          0      1      0      0      1      0      0       0
    4          0      0      1      0      0      0      0       0
    5          2      0      0      1      2      4      2       2
    6         18      3      2     11     15     13     11      10
    7         25      0      3     36     30     35     26      22
    8         19      3      1     21     24     31     29      18
    9         12      5      3     15     19     14     16      12
   10          6      5      3     14      9     10      9       8
   11          8      0      4      7      7     11      2       6
   12          7      7      7      6      8      7     12       8
   13          9      1      7      8     12     10      9       8
   14         12      7     10     13     11     15     10      11
   15         19      3      2     15     23     20     24      15
   16         21      2      5     29     25     22     25      18
   17         16      3      4     31     32     29     25      20
   18          8      3      4     11     20     19     19      12
   19          3      1      3      6     14     17     16       9
   20         10      4      1      6     10     11      9       7
   21          3      0      3      4      6      3      7       4
   22          0      0      1      3      3      3      4       2
   23          0      1      3      4      5      2      1       2
 
TOTALS
 
12HR 7-19    162     39     53    206    220    223    206     158
16HR 6-22    196     47     62    233    265    267    249     188
18HR 6-24    196     48     66    240    273    272    254     193
24HR 0-24    198     51     70    241    277    276    256     196
 
 
 
 
*LOCATION   : ............................................................
*SITE NUMBER: 11720909
*FILE NUMBER:        2
*INTERVAL   :   15 MIN
*BATTERY    :    6.2 V
*RESTARTS   :        0
*CONFIG     :       12
*CHANNEL    :  2 OF  2
 
             FRI    SAT    SUN    MON    TUE    WED    THU    7-DAY
DATE    11/03/25     26     27     28     29     30     31   AVERAGE
 
START HOUR
 
    0          1      0      1      0      0      1      0       0
    1          0      3      0      0      0      0      0       0
    2          1      0      2      0      0      0      0       0
    3          1      2      0      0      1      1      0       1
    4          0      0      1      1      2      3      3       1
    5          3      0      1     12     10     13     11       7
    6         11      1      1     14     35     28     34      18
    7         27      1      2     20     30     26     31      20
    8         22      3      5      8     16     22     22      14
    9         13      3      6      8      5     13     11       8
   10          7     10      5     10      5      8     11       8
   11          5      9     11      4     11      7     19       9
   12         11     12     10      5     11     14      9      10
   13         14      7      7     15     11     12     14      11
   14         21     13     14     14     27     27     21      20
   15         10      5     14     25     29     29     40      22
   16         19      5     12     21     25     23     25      19
   17         19      1     10     12     21     15     26      15
   18         10      6      1     10     11     11     24      10
   19          6      1      5     11      6      8     10       7
   20          6      1      6      6     11      4      6       6
   21          1      2      2      4      7      7      3       4
   22          4      2      0      1      3      0      2       2
   23          0      0      0      2      0      0      0       0
 
TOTALS
 
12HR 7-19    178     75     97    152    202    207    253     166
16HR 6-22    202     80    111    187    261    254    306     200
18HR 6-24    206     82    111    190    264    254    308     202
24HR 0-24    212     87    116    203    277    272    322     213
 
 
 
 
*LOCATION   : ............................................................
*SITE NUMBER: 11720909
*FILE NUMBER:        2
*INTERVAL   :   15 MIN
*BATTERY    :    6.2 V
*RESTARTS   :        0
*CONFIG     :       12
*CHANNEL    :  2 OF  2
 
             FRI    SAT    SUN    MON    TUE    WED    THU    7-DAY
DATE    11/04/01     02     03     04     05     06     07   AVERAGE
 
START HOUR
 
    0          0      1      0      1      -      -      -       -
    1          0      1      3      0      -      -      -       -
    2          1      1      2      0      -      -      -       -
    3          0      1      0      0      -      -      -       -
    4          3      2      1      2      -      -      -       -
    5         14      1      1     11      -      -      -       -
    6         26      2      2     33      -      -      -       -
    7         26      3      1     33      -      -      -       -
    8         17      8      2     12      -      -      -       -
    9         15      7      3      -      -      -      -       -
   10          8     14      5      -      -      -      -       -
   11         12     12      7      -      -      -      -       -
   12          7     12      9      -      -      -      -       -
   13         18     10     12      -      -      -      -       -
   14         26      9     12      -      -      -      -       -
   15         29      6      8      -      -      -      -       -
   16         31      3     10      -      -      -      -       -
   17          7     10      6      -      -      -      -       -
   18          5      3      6      -      -      -      -       -
   19          3      7      5      -      -      -      -       -
   20          3      7      7      -      -      -      -       -
   21          5      1      4      -      -      -      -       -
   22          4      1      0      -      -      -      -       -
   23          0      0      1      -      -      -      -       -
 
TOTALS
 
12HR 7-19    201     97     81      -      -      -      -       -
16HR 6-22    238    114     99      -      -      -      -       -
18HR 6-24    242    115    100      -      -      -      -       -
24HR 0-24    260    122    107      -      -      -      -       -
 
