 
 
 
*LOCATION   : ............................................................
*SITE NUMBER: 10700136
*FILE NUMBER:        5
*INTERVAL   :   15 MIN
*BATTERY    :    5.9 V
*RESTARTS   :        0
*CONFIG     :        0
*CHANNEL    :  1 OF  1
 
             MON    TUE    WED    THU    FRI    SAT    SUN    7-DAY
DATE    06/01/02     03     04     05     06     07     08   AVERAGE
 
START HOUR
 
    0          -      0      0      0      0      0      0       -
    1          -      0      1      0      7      1      2       -
    2          -      0      1      1      1      1      3       -
    3          -      0      0      0      0      2      1       -
    4          -      0      0      2      0      0      0       -
    5          -      2      4      3      0      4      1       -
    6          -     10     14     12      2      2      6       -
    7          -     20     15     16      0      2      5       -
    8          -     31     20     17      2      1      3       -
    9          -     16     16     20      1      7      1       -
   10         12      6      8     11      8     11      1       8
   11          7      6      8     16      3     10     10       9
   12          6     10     11     14     11     15     12      11
   13          6     15     18      9      4     13     15      11
   14          6     25     17     15     14     25     16      17
   15         16     18     27     20     13      8     13      16
   16         21     21     23     27      4      8     16      17
   17         24     26     26     28      3      5      5      17
   18         13     12     15     18      5      3     11      11
   19          5      7      7      9      3      3      2       5
   20          7      5      8      9      2      3      2       5
   21          4      4     11      4      1      2      1       4
   22          3      0      2      5      2      4      2       3
   23          2      3      1      5      2      2      2       2
 
TOTALS
 
12HR 7-19      -    206    204    211     68    108    108       -
16HR 6-22      -    232    244    245     76    118    119       -
18HR 6-24      -    235    247    255     80    124    123       -
24HR 0-24      -    237    253    261     88    132    130       -
 
 
 
 
*LOCATION   : ............................................................
*SITE NUMBER: 10700136
*FILE NUMBER:        5
*INTERVAL   :   15 MIN
*BATTERY    :    5.9 V
*RESTARTS   :        0
*CONFIG     :        0
*CHANNEL    :  1 OF  1
 
             MON    TUE    WED    THU    FRI    SAT    SUN    7-DAY
DATE    06/01/09     10     11     12     13     14     15   AVERAGE
 
START HOUR
 
    0          0      0      1      1      0      4      3       1
    1          0      3      0      0      3      3      4       2
    2          1      4      0      0      0      1      3       1
    3          0      0      0      0      0      2      1       0
    4          0      0      0      0      2      0      0       0
    5          2      3      2      5      4      2      1       3
    6         15     13      9     16     20      1      1      11
    7         22     25     24     25     27      3      3      18
    8         28     30     23     23     23      6      6      20
    9         27     23     15     17     28      5      7      17
   10         12     14      8     14     14     10     12      12
   11          6     11     10     13     24     15      5      12
   12         21     15      9     19     17     16      7      15
   13         10      8      7     14     20     23     13      14
   14         18     23     19     14     23     18     16      19
   15         37     37     24     29     28     21     18      28
   16         32     28     27     33     34     16     10      26
   17         22     31     22     24     26     14     11      21
   18         19     17     13     16     19     13     40      20
   19         11      8     10     13     11      3      4       9
   20         10     13      5      8      9      6      7       8
   21          5      9     14      7      7      2      2       7
   22          5      8      2      3      4      4      2       4
   23          4      5      4      1      4      1      3       3
 
TOTALS
 
12HR 7-19    254    262    201    241    283    160    148     221
16HR 6-22    295    305    239    285    330    172    162     255
18HR 6-24    304    318    245    289    338    177    167     263
24HR 0-24    307    328    248    295    347    189    179     270
 
 
 
 
*LOCATION   : ............................................................
*SITE NUMBER: 10700136
*FILE NUMBER:        5
*INTERVAL   :   15 MIN
*BATTERY    :    5.9 V
*RESTARTS   :        0
*CONFIG     :        0
*CHANNEL    :  1 OF  1
 
             MON    TUE    WED    THU    FRI    SAT    SUN    7-DAY
DATE    06/01/16     17     18     19     20     21     22   AVERAGE
 
START HOUR
 
    0          1      1      2      0      1      1      0       1
    1          2      2      0      0      2      2      0       1
    2          1      1      1      0      0      1      1       1
    3          0      0      0      0      0      0      1       0
    4          1      0      0      0      0      1      0       0
    5          3      4      3      1      2      1      0       2
    6         19     15     13     15      7      0      1      10
    7         27     30     22      7     12      4      1      15
    8         41     42     26      5      7      3      5      18
    9         31     33     14     12     15      2      2      16
   10         21     23     12     10      6      1      2      11
   11         22     13      6      6      6      1      1       8
   12         20     20      9      5      4      1      0       8
   13         17     17      6      3      2      4      2       7
   14         27     14      7      4      4      2      4       9
   15         29     32     13     20     10      9      3      17
   16         42     41     25     11     13      2      5      20
   17         32     31     14     14     12      0      5      15
   18         23     24     18     10      6      4      4      13
   19         10      7      8      6      5      0      2       5
   20         10     12      5      4      5      2      5       6
   21          4      1      1      3      2      1      3       2
   22          1      6      7      3      0      2      2       3
   23          7      3      2      1      2      0      2       2
 
TOTALS
 
12HR 7-19    332    320    172    107     97     33     34     156
16HR 6-22    375    355    199    135    116     36     45     180
18HR 6-24    383    364    208    139    118     38     49     186
24HR 0-24    391    372    214    140    123     44     51     191
 
 
 
 
*LOCATION   : ............................................................
*SITE NUMBER: 10700136
*FILE NUMBER:        5
*INTERVAL   :   15 MIN
*BATTERY    :    5.9 V
*RESTARTS   :        0
*CONFIG     :        0
*CHANNEL    :  1 OF  1
 
             MON    TUE    WED    THU    FRI    SAT    SUN    7-DAY
DATE    06/01/23     24     25     26     27     28     29   AVERAGE
 
START HOUR
 
    0          1      3      2      1      2      -      -       -
    1          1      3      0      0      0      -      -       -
    2          0      1      0      1      2      -      -       -
    3          0      1      3      0      0      -      -       -
    4          1      0      3      0      0      -      -       -
    5          5      1      3      2      3      -      -       -
    6         17      9     11     12     10      -      -       -
    7         22     21     21     23     22      -      -       -
    8         24     24     33     26     28      -      -       -
    9         20     28     18     21     23      -      -       -
   10         22     12     13     18      -      -      -       -
   11          9     11     14     18      -      -      -       -
   12         11     25     11     21      -      -      -       -
   13          7     13     11     14      -      -      -       -
   14          9     14     13     14      -      -      -       -
   15         16     26     27     23      -      -      -       -
   16         26     23     42     28      -      -      -       -
   17         22     28     22     24      -      -      -       -
   18         17     18     13     17      -      -      -       -
   19          4      5      9     11      -      -      -       -
   20          6     11     12     10      -      -      -       -
   21          4      9      6      5      -      -      -       -
   22          3      3      6      2      -      -      -       -
   23          1      2      5      3      -      -      -       -
 
TOTALS
 
12HR 7-19    205    243    238    247      -      -      -       -
16HR 6-22    236    277    276    285      -      -      -       -
18HR 6-24    240    282    287    290      -      -      -       -
24HR 0-24    248    291    298    294      -      -      -       -
 
