 
 
 
*LOCATION   : ............................................................
*SITE NUMBER: 10703106
*FILE NUMBER:        9
*INTERVAL   :   15 MIN
*BATTERY    :    6.3 V
*RESTARTS   :        0
*CONFIG     :        0
*CHANNEL    :  1 OF  1
 
             MON    TUE    WED    THU    FRI    SAT    SUN    7-DAY
DATE    07/07/30     31     01     02     03     04     05   AVERAGE
 
START HOUR
 
    0          -      2      3     15      7     14     15       -
    1          -      8      3      8      8     20     13       -
    2          -      2      3      4      2     15     14       -
    3          -      1      2      1      1      9     13       -
    4          -      4      5      3      4      4      7       -
    5          -      6      7      6      9      7      2       -
    6          -     17     40     56     48     14      7       -
    7          -     49    104    123    128     13      8       -
    8          -    107    211    207    182     32     26       -
    9          -     61     95    108    105     29     32       -
   10          -     34     60     80     75     64     49       -
   11         83     18     66     71     86     79     54      65
   12         87     28     70     70     85     98     84      75
   13         88     23     82     67     94     99     97      79
   14         92     42    105    104    104     92    101      91
   15        173     52    156    163    196    102    107     136
   16        222     75    208    247    200     74     77     158
   17        174     72    184    193    141     92     96     136
   18        110     52    168    128    106     84     79     104
   19         74     39    133    133     86     67     73      86
   20         43     24    102     83     77     57     69      65
   21         34     27     88     75     62     45     47      54
   22          8      6     54     29     41     28     23      27
   23         11      6     36     15     15     20     17      17
 
TOTALS
 
12HR 7-19      -    613   1509   1561   1502    858    810       -
16HR 6-22      -    720   1872   1908   1775   1041   1006       -
18HR 6-24      -    732   1962   1952   1831   1089   1046       -
24HR 0-24      -    755   1985   1989   1862   1158   1110       -
 
 
 
 
*LOCATION   : ............................................................
*SITE NUMBER: 10703106
*FILE NUMBER:        9
*INTERVAL   :   15 MIN
*BATTERY    :    6.3 V
*RESTARTS   :        0
*CONFIG     :        0
*CHANNEL    :  1 OF  1
 
             MON    TUE    WED    THU    FRI    SAT    SUN    7-DAY
DATE    07/08/06     07     08     09     10     11     12   AVERAGE
 
START HOUR
 
    0          3      7     22     12     17     23     14      14
    1          9      3      8      7      9     10     18       9
    2          1      1      4      4      4      8     19       6
    3          2      3      2      5     10     17     11       7
    4          0      3      6      5      3     12     18       7
    5         14     17     15     14     19      6      5      13
    6         70     79     89     75     64     10      8      56
    7        199    223    198    194    193     15      6     147
    8        272    296    311    263    257     35     11     206
    9        168    166    164    136    135     44     13     118
   10         77     98     86    100     79     82     31      79
   11        114     87     97    101     75     85     34      85
   12        111    113    103     73    112    109     53      96
   13        105    109    112    115    110     87     69     101
   14        118    144    130    132    140    102     67     119
   15        232    232    245    212    244     86     64     188
   16        357    348    326    316    270     92     86     256
   17        282    270    266    267    189     94     82     207
   18        190    188    203    168    139     82     94     152
   19        159    171    161    138     85     54     63     119
   20        121    133    113    112     81     47     50      94
   21         90     98     69     73     79     53     47      73
   22         38     45     46     52     47     26     26      40
   23         15     20     23     24     26     31     13      22
 
TOTALS
 
12HR 7-19   2225   2274   2241   2077   1943    913    610    1755
16HR 6-22   2665   2755   2673   2475   2252   1077    778    2096
18HR 6-24   2718   2820   2742   2551   2325   1134    817    2158
24HR 0-24   2747   2854   2799   2598   2387   1210    902    2214
 
 
 
 
*LOCATION   : ............................................................
*SITE NUMBER: 10703106
*FILE NUMBER:        9
*INTERVAL   :   15 MIN
*BATTERY    :    6.3 V
*RESTARTS   :        0
*CONFIG     :        0
*CHANNEL    :  1 OF  1
 
             MON    TUE    WED    THU    FRI    SAT    SUN    7-DAY
DATE    07/08/13     14     15     16     17     18     19   AVERAGE
 
START HOUR
 
    0          6      8     15     18      6     23     14      13
    1          6      6      7     12      5     14     11       9
    2          3      3      3      7      4     13      8       6
    3          1      3      1      9      2      5     13       5
    4          3      4      3      3      1      8      5       4
    5         14     15     11     12      9      3      8      10
    6         84     67     69     72     39      9      8      50
    7        209    227    207    227    144      9      5     147
    8        331    334    325    292    227     23     21     222
    9        155    181    171    183    140     33     31     128
   10         76     75    105    119     82     50     42      78
   11        106     33     99     86     80     86     79      81
   12         94     55     97    107    104    116     81      93
   13         97     69    105    113    117    105    104     101
   14        133    117    138    128    146     98     80     120
   15        221    210    248    234    216    113    109     193
   16        377    358    393    336    251     93     91     271
   17        315    254    305    281    201    116    109     226
   18        203    171    242    208    160    126     80     170
   19        154    135    210    161    109     71     90     133
   20        133    125    147     96     87     61     55     101
   21        104     75     93     64     55     38     57      69
   22         31     33     39     31     58     32     31      36
   23         17     15     20     13     23     20     18      18
 
TOTALS
 
12HR 7-19   2317   2084   2435   2314   1868    968    832    1831
16HR 6-22   2792   2486   2954   2707   2158   1147   1042    2184
18HR 6-24   2840   2534   3013   2751   2239   1199   1091    2238
24HR 0-24   2873   2573   3053   2812   2266   1265   1150    2285
 
 
 
 
*LOCATION   : ............................................................
*SITE NUMBER: 10703106
*FILE NUMBER:        9
*INTERVAL   :   15 MIN
*BATTERY    :    6.3 V
*RESTARTS   :        0
*CONFIG     :        0
*CHANNEL    :  1 OF  1
 
             MON    TUE    WED    THU    FRI    SAT    SUN    7-DAY
DATE    07/08/20     21     22     23     24     25     26   AVERAGE
 
START HOUR
 
    0          3      7     15     12     16     39     13      15
    1          5      4      9      6      7     41      9      12
    2          7      1      3      2      4     20      8       6
    3          2      0      2      3      2     19     11       6
    4          5      3      3      5      2      7     13       5
    5          9     11      7      5      4      4      4       6
    6         65     68     68     65     31     21      9      47
    7        239    274    143    234     98     12      5     144
    8        344    343    168    302    136     21     20     191
    9        177    186    102    168     79     30     20     109
   10         83     89     55     96     25     50     45      63
   11        125     92     20     72     34     63     81      70
   12         96    104     22    106     41     71     97      77
   13         99    113     40     78     41     86     91      78
   14        139    129     76     98     73     78     88      97
   15        249    250    143    223    112     75     93     164
   16        383    337    195    328    174     79     27     218
   17        313    315    179    278    130     54     59     190
   18        241    210    151    208    131     71     41     150
   19        162    144    104    153     95     56     32     107
   20        127    131     85    123    123     48     31      95
   21        106     84     69     68     82     31     14      65
   22         45     48     33     37     87     29      8      41
   23         12     16     25     30     61     12      8      23
 
TOTALS
 
12HR 7-19   2488   2442   1294   2191   1074    690    667    1549
16HR 6-22   2948   2869   1620   2600   1405    846    753    1863
18HR 6-24   3005   2933   1678   2667   1553    887    769    1927
24HR 0-24   3036   2959   1717   2700   1588   1017    827    1978
 
 
 
 
*LOCATION   : ............................................................
*SITE NUMBER: 10703106
*FILE NUMBER:        9
*INTERVAL   :   15 MIN
*BATTERY    :    6.3 V
*RESTARTS   :        0
*CONFIG     :        0
*CHANNEL    :  1 OF  1
 
             MON    TUE    WED    THU    FRI    SAT    SUN    7-DAY
DATE    07/08/27     28     29     30     31     01     02   AVERAGE
 
START HOUR
 
    0          5      3      1      3      5     30      7       8
    1          2      2      2      7      2     15      8       5
    2          2      4      2      0      5     12      7       5
    3          2      1      3      3      1      8     11       4
    4          2      0      1      2      3     12      3       3
    5          7      6      4      8      7      5      4       6
    6         54     47     48     55     42      9      4      37
    7        206    199    162    167    138     13      1     127
    8        313    253    243    250    205     22      3     184
    9        163    133    113    141    156     45     12     109
   10         84     80     50    100     77     59     15      66
   11         77     62     60     86     78     67     13      63
   12        101     64     68     77     89     97     22      74
   13        103     63     63     86    105    109     33      80
   14        118     86     89     78    120     81     45      88
   15        171    173    151    153    162     78     64     136
   16        309    266    245    230    235     95     62     206
   17        225    222    178    212    145     49     62     156
   18        118    149    118    102    117     53     61     103
   19         77    103     86     84     53     25     50      68
   20         46     80     78     62     56     29     66      60
   21         46     37     49     34     48     14     34      37
   22         16     26     24     31     71      5     10      26
   23          7     10     20     10     60     10      6      18
 
TOTALS
 
12HR 7-19   1988   1750   1540   1682   1627    768    393    1393
16HR 6-22   2211   2017   1801   1917   1826    845    547    1595
18HR 6-24   2234   2053   1845   1958   1957    860    563    1639
24HR 0-24   2254   2069   1858   1981   1980    942    603    1670
 
 
 
 
*LOCATION   : ............................................................
*SITE NUMBER: 10703106
*FILE NUMBER:        9
*INTERVAL   :   15 MIN
*BATTERY    :    6.3 V
*RESTARTS   :        0
*CONFIG     :        0
*CHANNEL    :  1 OF  1
 
             MON    TUE    WED    THU    FRI    SAT    SUN    7-DAY
DATE    07/09/03     04     05     06     07     08     09   AVERAGE
 
START HOUR
 
    0          2      4      -      -      -      -      -       -
    1          3      3      -      -      -      -      -       -
    2          2      0      -      -      -      -      -       -
    3          0      1      -      -      -      -      -       -
    4          2      1      -      -      -      -      -       -
    5          3      3      -      -      -      -      -       -
    6         35     57      -      -      -      -      -       -
    7        117    176      -      -      -      -      -       -
    8        221    278      -      -      -      -      -       -
    9        132    143      -      -      -      -      -       -
   10         83      -      -      -      -      -      -       -
   11         56      -      -      -      -      -      -       -
   12         73      -      -      -      -      -      -       -
   13         74      -      -      -      -      -      -       -
   14         70      -      -      -      -      -      -       -
   15        130      -      -      -      -      -      -       -
   16        226      -      -      -      -      -      -       -
   17        191      -      -      -      -      -      -       -
   18        144      -      -      -      -      -      -       -
   19         97      -      -      -      -      -      -       -
   20         68      -      -      -      -      -      -       -
   21         48      -      -      -      -      -      -       -
   22         21      -      -      -      -      -      -       -
   23          3      -      -      -      -      -      -       -
 
TOTALS
 
12HR 7-19   1517      -      -      -      -      -      -       -
16HR 6-22   1765      