 
 
 
*LOCATION   : ............................................................
*SITE NUMBER: 11203113
*FILE NUMBER:        4
*INTERVAL   :   15 MIN
*BATTERY    :    6.5 V
*RESTARTS   :        0
*CONFIG     :        0
*CHANNEL    :  1 OF  1
 
             TUE    WED    THU    FRI    SAT    SUN    MON    7-DAY
DATE    07/07/31     01     02     03     04     05     06   AVERAGE
 
START HOUR
 
    0          -      0      6      3      2      4      9       -
    1          -      2      1      2      0      1      0       -
    2          -      0      0      0      2      2      0       -
    3          -      1      1      2      1      0      0       -
    4          -      1      2      2      1      1      0       -
    5          -      6      9      7      4      2     12       -
    6          -     39     57     51      3      8     66       -
    7          -     71     69     66      8     12     99       -
    8          -     46     56     41     25     18     91       -
    9          -     37     28     19     31     26     44       -
   10          -     39     28     25     47     72     49       -
   11          -     37     26     28     82    115     66       -
   12          -     59     36     48     91    146     71       -
   13          -     63     47     56    111    143     76       -
   14          -     79     54     82    122    126    111       -
   15         21     99     99     70     93    149    160      99
   16         28    106    117     79    100    108    187     104
   17         28     95     79     58     98     96    176      90
   18         15    104    105     47     68     86    181      87
   19         22     70     76     58     72     85    146      76
   20         15     70     57     36     52     60    112      57
   21          8     36     31     26     34     37     57      33
   22         11     17     13      9     14     15     19      14
   23          1      5      3      7     10      6      4       5
 
TOTALS
 
12HR 7-19      -    835    744    619    876   1097   1311       -
16HR 6-22      -   1050    965    790   1037   1287   1692       -
18HR 6-24      -   1072    981    806   1061   1308   1715       -
24HR 0-24      -   1082   1000    822   1071   1318   1736       -
 
 
 
 
*LOCATION   : ............................................................
*SITE NUMBER: 11203113
*FILE NUMBER:        4
*INTERVAL   :   15 MIN
*BATTERY    :    6.5 V
*RESTARTS   :        0
*CONFIG     :        0
*CHANNEL    :  1 OF  1
 
             TUE    WED    THU    FRI    SAT    SUN    MON    7-DAY
DATE    07/08/07     08     09     10     11     12     13   AVERAGE
 
START HOUR
 
    0          3      3      5      1      4      5      4       4
    1          1      3      3      0      1      3      0       2
    2          0      3      0      2      4      2      0       2
    3          0      1      0      0      2      2      0       1
    4          4      5      3      5      2      6      3       4
    5         12     12     14      6      0      0     17       9
    6         65     66     68     66     10      8     77      51
    7        122    116    106    105     19      8    143      88
    8        105     96     76     78     20      6    106      70
    9         42     43     44     28     52     23     53      41
   10         56     64     55     44     72     57     60      58
   11         72     73     92     55     97     38     69      71
   12         94    102     66     79    127     51     74      85
   13        100     83     84     83    115     65    102      90
   14        120    111    100     92    131     58    103     102
   15        178    169    155    135    143     78    162     146
   16        216    194    179    141    117    111    214     167
   17        175    127    134    108    116    136    215     144
   18        164    134    141     95    101    111    160     129
   19        137    143    137    109     90     74    177     124
   20         96    101    105     61     48     79    118      87
   21         60     61     50     51     39     41     42      49
   22         22     21     25     14     20     12     20      19
   23          2     11      5      7     10      5      7       7
 
TOTALS
 
12HR 7-19   1444   1312   1232   1043   1110    742   1461    1192
16HR 6-22   1802   1683   1592   1330   1297    944   1875    1503
18HR 6-24   1826   1715   1622   1351   1327    961   1902    1529
24HR 0-24   1846   1742   1647   1365   1340    979   1926    1549
 
 
 
 
*LOCATION   : ............................................................
*SITE NUMBER: 11203113
*FILE NUMBER:        4
*INTERVAL   :   15 MIN
*BATTERY    :    6.5 V
*RESTARTS   :        0
*CONFIG     :        0
*CHANNEL    :  1 OF  1
 
             TUE    WED    THU    FRI    SAT    SUN    MON    7-DAY
DATE    07/08/14     15     16     17     18     19     20   AVERAGE
 
START HOUR
 
    0          5      2      3      1      2      4      0       2
    1          1      2      0      0      5     11      0       3
    2          1      1      0      0      0      0      2       1
    3          2      0      1      0      2      0      0       1
    4          0      1      3      2      1      0      1       1
    5          9      9      6      2      0      0      7       5
    6         74     62     60     44      9      8     63      46
    7        149    155    150    100      8     15    143     103
    8        106     93     92     46      4     16    101      65
    9         37     58     70     31     22     30     43      42
   10         25     43     36     19     32     86     26      38
   11          8     62     40     35     48    107     36      48
   12         16     61     32     37     56     92     36      47
   13         22     75     50     60     60    130     61      65
   14         67     88     67     55     72    121     63      76
   15        112    150    112     86     81    111    127     111
   16        165    195    161    100     61    100    171     136
   17        116    158    128     87     57     93    162     114
   18        111    133     90     68     56    116    176     107
   19        139    134     53     66     44     53    113      86
   20         74    128     39     44     32     46     90      65
   21         41     51     25     27     19     37     34      33
   22         12      9      6     11      4      6     12       9
   23          5      9      7     10      8      3      0       6
 
TOTALS
 
12HR 7-19    934   1271   1028    724    557   1017   1145     954
16HR 6-22   1262   1646   1205    905    661   1161   1445    1184
18HR 6-24   1279   1664   1218    926    673   1170   1457    1198
24HR 0-24   1297   1679   1231    931    683   1185   1467    1210
 
 
 
 
*LOCATION   : ............................................................
*SITE NUMBER: 11203113
*FILE NUMBER:        4
*INTERVAL   :   15 MIN
*BATTERY    :    6.5 V
*RESTARTS   :        0
*CONFIG     :        0
*CHANNEL    :  1 OF  1
 
             TUE    WED    THU    FRI    SAT    SUN    MON    7-DAY
DATE    07/08/21     22     23     24     25     26     27   AVERAGE
 
START HOUR
 
    0          2      3      5      2      7      7      0       4
    1          1      1      0      1      0      2      1       1
    2          0      2      1      0      3      4      0       1
    3          0      0      1      0      1      0      1       0
    4          4      2      1      4      1      1      3       2
    5          6      3      6      6      5      1      5       5
    6         68     59     59     25     14     15     45      41
    7        146     86    125     51      9      8    141      81
    8        101     42     87     42     11     15    101      57
    9         59     24     56     11     19     31     51      36
   10         37     10     40     12     42     67     31      34
   11         47      5     37     17     43     89     38      39
   12         46      7     42     15     56     74     38      40
   13         53     20     38     23     69     81     34      45
   14         63     33     54     29     62     76     47      52
   15        126     58     96     61     41     61     99      77
   16        154     91    153     64     28     40    128      94
   17        166     68    124     78     33     38     88      85
   18        135     72    114     52     40     40     68      74
   19        114     46     75     31     43     31     39      54
   20         74     54     63     29     21     36     31      44
   21         39     29     43     38     26     13     14      29
   22          7     10      6      9      8      3      5       7
   23          3      2      5      7     14      2      2       5
 
TOTALS
 
12HR 7-19   1133    516    966    455    453    620    864     715
16HR 6-22   1428    704   1206    578    557    715    993     883
18HR 6-24   1438    716   1217    594    579    720   1000     895
24HR 0-24   1451    727   1231    607    596    735   1010     908
 
 
 
 
*LOCATION   : ............................................................
*SITE NUMBER: 11203113
*FILE NUMBER:        4
*INTERVAL   :   15 MIN
*BATTERY    :    6.5 V
*RESTARTS   :        0
*CONFIG     :        0
*CHANNEL    :  1 OF  1
 
             TUE    WED    THU    FRI    SAT    SUN    MON    7-DAY
DATE    07/08/28     29     30     31     01     02     03   AVERAGE
 
START HOUR
 
    0          1      1      1      2      1      0      0       1
    1          0      0      0      2      1      0      1       1
    2          1      0      0      0      1      0      2       1
    3          1      1      1      0      0      2      1       1
    4          0      2      4      1      0      0      1       1
    5          4      6      3      5      0      1      2       3
    6         47     42     58     53      4      5     27      34
    7        101     87     98     80      6      4     79      65
    8         72     61     66     79     17      0     67      52
    9         33     31     37     32     19      6     34      27
   10         22     19     39     25     28      6      -       -
   11         41     26     39     25     41      6      -       -
   12         29     18     35     38     57     24      -       -
   13         38     28     23     62     44     32      -       -
   14         42     33     64     65     57     27      -       -
   15         85     71     64     63     54     39      -       -
   16         97     81     92     70     64     32      -       -
   17        114     80     69     37     29     44      -       -
   18         54     45     53     33     31     38      -       -
   19         57     38     39     28     25     23      -       -
   20         29     45     31     19     14     24      -       -
   21         26     22     16     11      8      9      -       -
   22          7      2      4     10      6      2      -       -
   23          2      2      4      7      4      2      -       -
 
TOTALS
 
12HR 7-19    728    580    679    609    447    258      -       -
16HR 6-22    887    727    823    720    498    319      -       -
18HR 6-24    896    731    831    737    508    323      -       -
24HR 0-24    903    741    840    747    511    326      -       -
 
