 
 
 
*LOCATION   : ............................................................
*SITE NUMBER: 11703109
*FILE NUMBER:        1
*INTERVAL   :   15 MIN
*BATTERY    :    6.4 V
*RESTARTS   :        0
*CONFIG     :       12
*CHANNEL    :  1 OF  2
 
             TUE    WED    THU    FRI    SAT    SUN    MON    7-DAY
DATE    07/07/31     01     02     03     04     05     06   AVERAGE
 
START HOUR
 
    0          -     18     26     21     37     23     13       -
    1          -      3     13     16     23     20      6       -
    2          -      0      9      3     21      9      2       -
    3          -      1      2      5      6     17      5       -
    4          -      6     12      2      3     16      2       -
    5          -     17     21     23     11     12     28       -
    6          -     67     73     75     21     10     89       -
    7          -    167    185    181     37     32    225       -
    8        167    244    260    238     69     44    392     202
    9        104    159    167    159     80     58    208     134
   10         73    119    130    113    121    119    146     117
   11         63    138    134    119    181    176    162     139
   12         96    138    173    157    192    210    172     163
   13         62    146    131    148    206    211    163     152
   14         71    175    150    171    189    233    177     167
   15         86    193    211    252    179    192    259     196
   16        123    293    316    232    169    166    421     246
   17        135    261    289    222    165    195    408     239
   18        104    234    209    161    142    192    295     191
   19         79    179    200    127    116    154    258     159
   20         57    173    130    107    101    113    249     133
   21         45    109     85     87     82     77    152      91
   22         24     73     50     62     52     48     85      56
   23         21     47     28     25     51     23     31      32
 
TOTALS
 
12HR 7-19      -   2267   2355   2153   1730   1828   3028       -
16HR 6-22      -   2795   2843   2549   2050   2182   3776       -
18HR 6-24      -   2915   2921   2636   2153   2253   3892       -
24HR 0-24      -   2960   3004   2706   2254   2350   3948       -
 
 
 
 
*LOCATION   : ............................................................
*SITE NUMBER: 11703109
*FILE NUMBER:        1
*INTERVAL   :   15 MIN
*BATTERY    :    6.4 V
*RESTARTS   :        0
*CONFIG     :       12
*CHANNEL    :  1 OF  2
 
             TUE    WED    THU    FRI    SAT    SUN    MON    7-DAY
DATE    07/08/07     08     09     10     11     12     13   AVERAGE
 
START HOUR
 
    0         19     23     27     28     39     45     14      28
    1         11      8     14     16     30     42      7      18
    2          7      3     13     12     22     24      2      12
    3          1      4      5      4     16     24      4       8
    4          4      8     11      8     13     20      1       9
    5         29     24     24     27      9      8     19      20
    6        102     96    103     93     19      9    105      75
    7        264    258    227    211     42     19    283     186
    8        409    396    391    311     73     38    407     289
    9        236    226    224    203    105     39    222     179
   10        152    150    173    139    129     54    144     134
   11        158    177    154    170    225     60    177     160
   12        176    182    168    167    217    139    172     174
   13        187    202    180    181    235    105    179     181
   14        209    192    192    199    214     93    183     183
   15        292    296    270    277    216    125    316     256
   16        441    436    400    349    201    140    426     342
   17        415    357    364    258    182    141    429     307
   18        312    278    296    242    151    149    340     253
   19        260    260    230    158    108    114    275     201
   20        237    207    198    166    108    101    244     180
   21        150    150    155    106     97     80    152     127
   22         87     79     83     73     64     38     67      70
   23         57     44     42     53     44     26     48      45
 
TOTALS
 
12HR 7-19   3251   3150   3039   2707   1990   1102   3278    2645
16HR 6-22   4000   3863   3725   3230   2322   1406   4054    3229
18HR 6-24   4144   3986   3850   3356   2430   1470   4169    3344
24HR 0-24   4215   4056   3944   3451   2559   1633   4216    3439
 
 
 
 
*LOCATION   : ............................................................
*SITE NUMBER: 11703109
*FILE NUMBER:        1
*INTERVAL   :   15 MIN
*BATTERY    :    6.4 V
*RESTARTS   :        0
*CONFIG     :       12
*CHANNEL    :  1 OF  2
 
             TUE    WED    THU    FRI    SAT    SUN    MON    7-DAY
DATE    07/08/14     15     16     17     18     19     20   AVERAGE
 
START HOUR
 
    0         15     21     25     17     33     25      9      21
    1         14      7     11     14     23     22      4      14
    2          5      2     15      5     13     18      2       9
    3          1      3      2      3     10     11      3       5
    4          5      6      3      5     13      9      3       6
    5         31     17     22     22      3      8     20      18
    6        107     95    100     80     20     10     98      73
    7        273    261    290    217     30     23    277     196
    8        407    437    403    282     56     43    413     292
    9        254    221    238    161     84     57    230     178
   10        152    169    135     90    122    127    126     132
   11         68    182    172    111    161    153    143     141
   12        128    172    159    125    175    212    137     158
   13        146    185    192    127    194    242    102     170
   14        175    212    176    187    235    260    181     204
   15        257    289    300    238    209    239    219     250
   16        387    457    463    314    196    195    358     339
   17        389    390    366    251    204    173    347     303
   18        303    293    315    224    140    117    294     241
   19        241    270    183    148    104    101    260     187
   20        221    247    140    113     75     96    180     153
   21        110    128     97     72     62     61    121      93
   22         51     87     57     35     51     40     53      53
   23         33     43     34     40     37     19     26      33
 
TOTALS
 
12HR 7-19   2939   3268   3209   2327   1806   1841   2827    2602
16HR 6-22   3618   4008   3729   2740   2067   2109   3486    3108
18HR 6-24   3702   4138   3820   2815   2155   2168   3565    3195
24HR 0-24   3773   4194   3898   2881   2250   2261   3606    3266
 
 
 
 
*LOCATION   : ............................................................
*SITE NUMBER: 11703109
*FILE NUMBER:        1
*INTERVAL   :   15 MIN
*BATTERY    :    6.4 V
*RESTARTS   :        0
*CONFIG     :       12
*CHANNEL    :  1 OF  2
 
             TUE    WED    THU    FRI    SAT    SUN    MON    7-DAY
DATE    07/08/21     22     23     24     25     26     27   AVERAGE
 
START HOUR
 
    0         19     20     15     22     38     26      8      21
    1          6     11     11     17     34     22      8      16
    2          3      6      3      6     23      9      1       7
    3          3      1      4      3     16      8      1       5
    4          4      5      4      5     12      4      6       6
    5         22     15     19     10     12      4     12      13
    6         94     86     82     67     19     11     83      63
    7        286    162    268    153     33     26    230     165
    8        400    193    354    191     52     35    366     227
    9        211    167    224    127     76     66    206     154
   10        138     81    105     68    105    104    144     106
   11        141     55    115     83    143    141    128     115
   12        177     72    138     84    143    181    134     133
   13        161     91    149    108    141    166    137     136
   14        183    121    200    155    153    145    171     161
   15        261    173    221    179    119    164    218     191
   16        387    238    336    243    105     75    345     247
   17        398    232    304    212     90     78    303     231
   18        288    180    286    199     86     73    202     188
   19        216    142    219    141     70     59    118     138
   20        161    139    138    118     61     76    114     115
   21        127     86    107     95     62     71     68      88
   22         56     61     68     72     37     18     37      50
   23         24     36     29     72     26     16     12      31
 
TOTALS
 
12HR 7-19   3031   1765   2700   1802   1246   1254   2584    2055
16HR 6-22   3629   2218   3246   2223   1458   1471   2967    2459
18HR 6-24   3709   2315   3343   2367   1521   1505   3016    2539
24HR 0-24   3766   2373   3399   2430   1656   1578   3052    2608
 
 
 
 
*LOCATION   : ............................................................
*SITE NUMBER: 11703109
*FILE NUMBER:        1
*INTERVAL   :   15 MIN
*BATTERY    :    6.4 V
*RESTARTS   :        0
*CONFIG     :       12
*CHANNEL    :  1 OF  2
 
             TUE    WED    THU    FRI    SAT    SUN    MON    7-DAY
DATE    07/08/28     29     30     31     01     02     03   AVERAGE
 
START HOUR
 
    0         10     11     14     12      -      -      -       -
    1          6     11     10      8      -      -      -       -
    2          4      4      2      2      -      -      -       -
    3          1      2      0      3      -      -      -       -
    4          2      2      5      4      -      -      -       -
    5         16     15     13     16      -      -      -       -
    6         89     75     73     79      -      -      -       -
    7        232    202    212    168      -      -      -       -
    8        307    310    289    263      -      -      -       -
    9        171    181    181    174      -      -      -       -
   10        113    100    113    119      -      -      -       -
   11        110     95    129    147      -      -      -       -
   12        134     97    137    121      -      -      -       -
   13        110    120    124    142      -      -      -       -
   14        129    134    125    156      -      -      -       -
   15        205    192    171      -      -      -      -       -
   16        311    272    269      -      -      -      -       -
   17        297    221    239      -      -      -      -       -
   18        215    182    160      -      -      -      -       -
   19        157    147    129      -      -      -      -       -
   20        133    109     72      -      -      -      -       -
   21         84     69     74      -      -      -      -       -
   22         37     37     38      -      -      -      -       -
   23         21     27     20      -      -      -      -       -
 
TOTALS
 
12HR 7-19   2334   2106   2149      -      -      -      -       -
16HR 6-22   2797   2506   2497      -      -      -      -       -
18HR 6-24   2855   2570   2555      -      -      -      -       -
24HR 0-24   2894   2615   2599      -      -      -      -       -
 
 
 
 
*LOCATION   : ............................................................
*SITE NUMBER: 11703109
*FILE NUMBER:        1
*INTERVAL   :   15 MIN
*BATTERY    :    6.4 V
*RESTARTS   :        0
*CONFIG     :       12
*CHANNEL    :  2 OF  2
 
             TUE    WED    THU    FRI    SAT    SUN    MON    7-DAY
DATE    07/07/31     01     02     03     04     05     06   AVERAGE
 
START HOUR
 
    0          -      4     19      9      9     16      5       -
    1          -      1      5      6      9      7      2       -
    2          -      1      6      2      6      8      0       -
    3          -      0      4      3     10      5      1       -
    4          -      0      7      4      4      7      2       -
    5          -      7      9      9      6     11     15       -
    6          -     47     48     41     10      9     67       -
    7          -    108    121    113     11      8    199       -
    8         74    149    165    128     19     15    232     112
    9         39     60     79     59     33     36    116      60
   10         13     45     41     39     60     45     60      43
   11         13     38     35     52     84     69     70      52
   12         11     71     44     54     97    104     74      65
   13         16     68     54     55     94    103     69      66
   14         18     64     52     76     93     94     79      68
   15         43    125    114    130     92     99    186     113
   16         61    190    159    141     93     72    245     137
   17         54    160    122     93     65     88    250     119
   18         43    141    125     76     57     88    166      99
   19         26    124     81     64     53     70    129      78
   20         26    107     77     50     41     62    110      68
   21         16     82     52     40     26     35     95      49
   22         13     39     25     19     18     24     54      27
   23          0     28     15     12     20     15     11      14
 
TOTALS
 
12HR 7-19      -   1219   1111   1016    798    821   1746       -
16HR 6-22      -   1579   1369   1211    928    997   2147       -
18HR 6-24      -   1646   1409   1242    966   1036   2212       -
24HR 0-24      -   1659   1459   1275   1010   1090   2237       -
 
 
 
 
*LOCATION   : ............................................................
*SITE NUMBER: 11703109
*FILE NUMBER:        1
*INTERVAL   :   15 MIN
*BATTERY    :    6.4 V
*RESTARTS   :        0
*CONFIG     :       12
*CHANNEL    :  2 OF  2
 
             TUE    WED    THU    FRI    SAT    SUN    MON    7-DAY
DATE    07/08/07     08     09     10     11     12     13   AVERAGE
 
START HOUR
 
    0          7      6      8     11     11     16      5       9
    1          6      7     10      2     14     14      6       8
    2          2      1      9      3     19     13      1       7
    3          2      3      6      8      4     12      1       5
    4          1      2      7      3      5     11      1       4
    5         10     11     12      9      5      6     15      10
    6         62     77     72     53      9      4     59      48
    7        208    178    178    129     22     13    178     129
    8        264    262    239    180     25      8    284     180
    9        114    123    121     84     36      9    103      84
   10         84     56     72     60     60     28     62      60
   11         62     65     60     61     84     23     53      58
   12         77     59     68     82     64     37     60      64
   13         71     66     73     90     86     53     63      72
   14         98     83     91    113     91     48     71      85
   15        189    157    152    179     94     58    164     142
   16        271    242    246    205     99     79    252     199
   17        231    212    216    151     74     72    244     171
   18        189    165    160    112     84     83    184     140
   19        138    131    126     71     66     53    190     111
   20        123    119    117     73     47     69    135      98
   21         88     73     76     45     47     46     85      66
   22         59     38     54     31     23     20     50      39
   23         17     22     16     14     18     15     19      17
 
TOTALS
 
12HR 7-19   1858   1668   1676   1446    819    511   1718    1385
16HR 6-22   2269   2068   2067   1688    988    683   2187    1707
18HR 6-24   2345   2128   2137   1733   1029    718   2256    1764
24HR 0-24   2373   2158   2189   1769   1087    790   2285    1807
 
 
 
 
*LOCATION   : ............................................................
*SITE NUMBER: 11703109
*FILE NUMBER:        1
*INTERVAL   :   15 MIN
*BATTERY    :    6.4 V
*RESTARTS   :        0
*CONFIG     :       12
*CHANNEL    :  2 OF  2
 
             TUE    WED    THU    FRI    SAT    SUN    MON    7-DAY
DATE    07/08/14     15     16     17     18     19     20   AVERAGE
 
START HOUR
 
    0          7      4     10      7     20      9      5       9
    1          5      6      2      5      6      9      2       5
    2          0      3      4      3     10     10      2       5
    3          0      2      6      2      6     11      2       4
    4          4      2      2      2      7     14      4       5
    5         11     17      9      5      8      6     13      10
    6         69     60     62     38     15      6     54      43
    7        199    209    172    122      7      9    184     129
    8        258    254    237    137      9     19    232     164
    9        123    108    105     70     31     34    126      85
   10         50     70     58     44     53     65     71      59
   11         17     67     51     44     55     80     53      52
   12         27     67     73     53     69     93     68      64
   13         33     76     43     63     77    111     67      67
   14         68     94     65    102     89    117     96      90
   15        130    154    132    107     75     91    138     118
   16        219    255    200    168    178     84    216     189
   17        201    211    179    114    156     96    230     170
   18        176    193    134     91    140     70    158     137
   19        127    141     85     62     87     71    135     101
   20        131    120     71     47     42     55    123      84
   21         61     78     50     43     23     33     72      51
   22         36     31     19     24     23     23     33      27
   23         12     13     17     17     17      5     11      13
 
TOTALS
 
12HR 7-19   1501   1758   1449   1115    939    869   1639    1324
16HR 6-22   1889   2157   1717   1305   1106   1034   2023    1604
18HR 6-24   1937   2201   1753   1346   1146   1062   2067    1645
24HR 0-24   1964   2235   1786   1370   1203   1121   2095    1682
 
 
 
 
*LOCATION   : ............................................................
*SITE NUMBER: 11703109
*FILE NUMBER:        1
*INTERVAL   :   15 MIN
*BATTERY    :    6.4 V
*RESTARTS   :        0
*CONFIG     :       12
*CHANNEL    :  2 OF  2
 
             TUE    WED    THU    FRI    SAT    SUN    MON    7-DAY
DATE    07/08/21     22     23     24     25     26     27   AVERAGE
 
START HOUR
 
    0          6      5      7      9     23     10      2       9
    1          7      2      5      3     21      4      2       6
    2          1      1      4      5     19      2      1       5
    3          2      0      3      4     10     10      0       4
    4          3      0      2      0      9      6      3       3
    5         13     12     13      8     10      6     10      10
    6         50     56     61     35      8      9     49      38
    7        212     86    189     78     11      7    156     106
    8        257    111    225    108     16     13    225     136
    9        110     50    111     46     32     32     85      67
   10         60     31     58     12     41     57     53      45
   11         46      5     61     15     45     75     58      44
   12         52     14     46     20     62     96     44      48
   13         59     13     55     31     73     67     60      51
   14         73     27     86     51     61     87     54      63
   15        149     84    124     78     56     83    136     101
   16        256    135    218    120     40     29    192     141
   17        227    103    198     91     42     38    146     121
   18        170    113    163     80     37     56    101     103
   19        128     75    106     48     29     26     67      68
   20        113     79     88     67     32     38     45      66
   21         71     43     59     68     20     20     27      44
   22         34     17     33     54     11      2     13      23
   23         13     14     18     53     11      4      7      17
 
TOTALS
 
12HR 7-19   1671    772   1534    730    516    640   1310    1025
16HR 6-22   2033   1025   1848    948    605    733   1498    1241
18HR 6-24   2080   1056   1899   1055    627    739   1518    1282
24HR 0-24   2112   1076   1933   1084    719    777   1536    1320
 
 
 
 
*LOCATION   : ............................................................
*SITE NUMBER: 11703109
*FILE NUMBER:        1
*INTERVAL   :   15 MIN
*BATTERY    :    6.4 V
*RESTARTS   :        0
*CONFIG     :       12
*CHANNEL    :  2 OF  2
 
             TUE    WED    THU    FRI    SAT    SUN    MON    7-DAY
DATE    07/08/28     29     30     31     01     02     03   AVERAGE
 
START HOUR
 
    0          6      8      4      2      -      -      -       -
    1          4      1      1      2      -      -      -       -
    2          0      1      1      4      -      -      -       -
    3          1      1      5      1      -      -      -       -
    4          1      1      4      3      -      -      -       -
    5          9     11      9     12      -      -      -       -
    6         47     41     55     37      -      -      -       -
    7        154    131    132     92      -      -      -       -
    8        167    149    175    137      -      -      -       -
    9         64     65     74     56      -      -      -       -
   10         34     33     51     43      -      -      -       -
   11         41     30     49     48      -      -      -       -
   12         48     34     48     41      -      -      -       -
   13         34     31     30     60      -      -      -       -
   14         69     54     49     62      -      -      -       -
   15        114     86     77      -      -      -      -       -
   16        163    139    143      -      -      -      -       -
   17        132    134    108      -      -      -      -       -
   18         98     91     85      -      -      -      -       -
   19         73     59     70      -      -      -      -       -
   20         77     46     61      -      -      -      -       -
   21         47     45     31      -      -      -      -       -
   22         16     22     14      -      -      -      -       -
   23         12     11     10      -      -      -      -       -
 
TOTALS
 
12HR 7-19   1118    977   1021      -      -      -      -       -
16HR 6-22   1362   1168   1238      -      -      -      -       -
18HR 6-24   1390   1201   1262      -      -      -      -       -
24HR 0-24   1411   1224   1286      -      -      -      -       -
 
