 
 
 
*LOCATION   : ............................................................
*SITE NUMBER: 11803108
*FILE NUMBER:        3
*INTERVAL   :   15 MIN
*BATTERY    :    6.5 V
*RESTARTS   :        0
*CONFIG     :        0
*CHANNEL    :  1 OF  1
 
             THU    FRI    SAT    SUN    MON    TUE    WED    7-DAY
DATE    07/08/02     03     04     05     06     07     08   AVERAGE
 
START HOUR
 
    0          -      5      0      4      2      2      8       -
    1          -      4      2      1      3      2     11       -
    2          -      0      2      1      4      1      3       -
    3          -      0      2      2      2      1      1       -
    4          -      4      2      5      5      2      3       -
    5          -      4      1      0     11     15     11       -
    6          -     51      3      5     59     85     77       -
    7          -     76     13     12    102    118    111       -
    8          -     30     40     24     68     63     77       -
    9          -     32     30     52     52     71     42       -
   10          -     28     59     71     49     57     55       -
   11         43     57     86     99     65     63     46      66
   12         46     66     69    131     77     63     59      73
   13         51     66    114    107     63     66     65      76
   14         66     78     97     98     72     95    102      87
   15        101    103     72     94    129    119    134     107
   16        114     85     98    101    172    185    178     133
   17         63     74     84     96    142    151    129     106
   18         97     80     76     88    129    127    113     101
   19         77     60     69     79    139    117     92      90
   20         53     45     37     60     91    106     96      70
   21         30     31     36     61     49     86     58      50
   22         22     10     16     20     20     19     32      20
   23         10      1     13      3     14      6      4       7
 
TOTALS
 
12HR 7-19      -    775    838    973   1120   1178   1111       -
16HR 6-22      -    962    983   1178   1458   1572   1434       -
18HR 6-24      -    973   1012   1201   1492   1597   1470       -
24HR 0-24      -    990   1021   1214   1519   1620   1507       -
 
 
 
 
*LOCATION   : ............................................................
*SITE NUMBER: 11803108
*FILE NUMBER:        3
*INTERVAL   :   15 MIN
*BATTERY    :    6.5 V
*RESTARTS   :        0
*CONFIG     :        0
*CHANNEL    :  1 OF  1
 
             THU    FRI    SAT    SUN    MON    TUE    WED    7-DAY
DATE    07/08/09     10     11     12     13     14     15   AVERAGE
 
START HOUR
 
    0          3      4     15      6      6      2      1       5
    1          1      2      3      4      2      2      1       2
    2         13      2      3      4      2      1      0       4
    3          5      1      1      2      0      1      0       1
    4          4      4      7      2      3      3      2       4
    5         12     19      2      3     10     13      9      10
    6         71     64     10      3     84     83     76      56
    7        101     79     10      7    110    121    137      81
    8         66     58     30     18     92     79     90      62
    9         56     32     66     22     48     57     55      48
   10         54     56     71     39     64     33     50      52
   11         49     59     80     47     50     26     60      53
   12         56     80     97     64     79     20     61      65
   13         87     78     94     71     98     44     58      76
   14         83    109     84     44     79     70     98      81
   15        142    113     84     63    154    115    133     115
   16        175    131     70     93    175    186    178     144
   17        147    117     75     89    161    147    185     132
   18        129    107    103    103    152    108    141     120
   19        141     76     48     91    133     95    114     100
   20        106     68     62     65    124     69     81      82
   21         73     46     39     31     59     40     45      48
   22         29     33     27     27     17     13     15      23
   23          4     21      9      2      1      4      3       6
 
TOTALS
 
12HR 7-19   1145   1019    864    660   1262   1006   1246    1029
16HR 6-22   1536   1273   1023    850   1662   1293   1562    1314
18HR 6-24   1569   1327   1059    879   1680   1310   1580    1343
24HR 0-24   1607   1359   1090    900   1703   1332   1593    1369
 
 
 
 
*LOCATION   : ............................................................
*SITE NUMBER: 11803108
*FILE NUMBER:        3
*INTERVAL   :   15 MIN
*BATTERY    :    6.5 V
*RESTARTS   :        0
*CONFIG     :        0
*CHANNEL    :  1 OF  1
 
             THU    FRI    SAT    SUN    MON    TUE    WED    7-DAY
DATE    07/08/16     17     18     19     20     21     22   AVERAGE
 
START HOUR
 
    0          0      0      2      6      2      3      2       2
    1          0      0      5      5      0      0      0       1
    2          2      0      7      2      1      0      0       2
    3          0      1      0      0      0      0      0       0
    4          4      1      3      0      4      4      4       3
    5          9      5      1      0     10     12      7       6
    6         75     48      6      9     81     76     62      51
    7        120     78     11     11    135    138     80      82
    8         62     51     10     21     70     89     33      48
    9         53     32     28     59     46     55     21      42
   10         46     37     43     74     40     43     23      44
   11         48     35     53    112     34     42      4      47
   12         55     52     70    102     54     55      9      57
   13         79     61     53    118     65     55     33      66
   14         77     77     58     99     67     73     35      69
   15        129     96     62     98    114    130     77     101
   16        158    115     59     88    186    186    101     128
   17        127     66     54    106    134    127     79      99
   18         85     84     68     86    110     89     59      83
   19         69     66     57     61    110     95     60      74
   20         45     35     37     66     77     75     43      54
   21         25     31     32     18     31     22     28      27
   22          8     16     12      6      9     14      6      10
   23          5      4      7      3      3      5      2       4
 
TOTALS
 
12HR 7-19   1039    784    569    974   1055   1082    554     865
16HR 6-22   1253    964    701   1128   1354   1350    747    1071
18HR 6-24   1266    984    720   1137   1366   1369    755    1085
24HR 0-24   1281    991    738   1150   1383   1388    768    1100
 
 
 
 
*LOCATION   : ............................................................
*SITE NUMBER: 11803108
*FILE NUMBER:        3
*INTERVAL   :   15 MIN
*BATTERY    :    6.5 V
*RESTARTS   :        0
*CONFIG     :        0
*CHANNEL    :  1 OF  1
 
             THU    FRI    SAT    SUN    MON    TUE    WED    7-DAY
DATE    07/08/23     24     25     26     27     28     29   AVERAGE
 
START HOUR
 
    0          1      0      2      5      1      2      2       2
    1          0      2      7      2      1      1      1       2
    2          1      1      0      2      0      0      0       1
    3          0      1      1      3      1      0      0       1
    4          5      3      2      0      1      2      2       2
    5         15      7      1      2      5      8      7       6
    6         63     41      9      6     63     61     50      42
    7        126     48     12     18    113     89     87      70
    8         69     31     10     15     58     55     39      40
    9         53     20     32     42     42     37     19      35
   10         38     15     47     67     42     25     27      37
   11         42     14     39     76     48     34     18      39
   12         39     23     53     87     57     33     22      45
   13         65     32     52     81     57     43     31      52
   14         66     62     53     76     57     52     47      59
   15        108     62     38     75     81     81     59      72
   16        154     76     45     43    151    117    122     101
   17        112     52     57     36     91     88     80      74
   18        124     66     38     40     55     79     58      66
   19         81     43     31     37     38     64     47      49
   20         53     51     35     39     37     45     41      43
   21         29     26     24     13     20     20     16      21
   22         10     10     14      3      5      8     10       9
   23          8      2      3      3      4      0      1       3
 
TOTALS
 
12HR 7-19    996    501    476    656    852    733    609     689
16HR 6-22   1222    662    575    751   1010    923    763     844
18HR 6-24   1240    674    592    757   1019    931    774     855
24HR 0-24   1262    688    605    771   1028    944    786     869
 
 
 
 
*LOCATION   : ............................................................
*SITE NUMBER: 11803108
*FILE NUMBER:        3
*INTERVAL   :   15 MIN
*BATTERY    :    6.5 V
*RESTARTS   :        0
*CONFIG     :        0
*CHANNEL    :  1 OF  1
 
             THU    FRI    SAT    SUN    MON    TUE    WED    7-DAY
DATE    07/08/30     31     01     02     03     04     05   AVERAGE
 
START HOUR
 
    0          4      0      1      2      4      -      -       -
    1          0      0      1      7      0      -      -       -
    2          1      2      2      3      0      -      -       -
    3          0      1      2      2      0      -      -       -
    4          2      1      2      1      4      -      -       -
    5          8      3      0      0      1      -      -       -
    6         48     41      7      7     30      -      -       -
    7         81     77     17      4     62      -      -       -
    8         41     51     10      6     46      -      -       -
    9         38     34     21      5      -      -      -       -
   10         37     29     38     13      -      -      -       -
   11         49     48     71      8      -      -      -       -
   12         52     54     60     15      -      -      -       -
   13         36     50     61     35      -      -      -       -
   14         52     73     64     34      -      -      -       -
   15         72     51     55     33      -      -      -       -
   16         96    108     62     40      -      -      -       -
   17         60     61     35     36      -      -      -       -
   18         46     59     44     30      -      -      -       -
   19         37     42     33     36      -      -      -       -
   20         44     20     32     11      -      -      -       -
   21         24     17     17     15      -      -      -       -
   22          5      8     13      6      -      -      -       -
   23          3      4      6      2      -      -      -       -
 
TOTALS
 
12HR 7-19    660    695    538    259      -      -      -       -
16HR 6-22    813    815    627    328      -      -      -       -
18HR 6-24    821    827    646    336      -      -      -       -
24HR 0-24    836    834    654    351      -      -      -       -
 
