 
 
 
*LOCATION   : ............................................................
*SITE NUMBER: 11600501
*FILE NUMBER:        4
*INTERVAL   :   15 MIN
*BATTERY    :    6.5 V
*RESTARTS   :        0
*CONFIG     :        0
*CHANNEL    :  1 OF  1
 
             MON    TUE    WED    THU    FRI    SAT    SUN    7-DAY
DATE    11/01/31     01     02     03     04     05     06   AVERAGE
 
START HOUR
 
    0          -      0      0      0      0      1      0       -
    1          -      1      1      0      1      1      1       -
    2          -      0      0      1      0      0      0       -
    3          -      0      0      2      0      0      0       -
    4          -      0      1      0      0      0      0       -
    5          -      5      3      2      6      2      2       -
    6          -      9      4      7      4      3      0       -
    7          -     12     13     15     13      4      3       -
    8          -     11     13      7     13      0      1       -
    9          -     11     10     13      8     10      2       -
   10          -      9      4      9     11     13      1       -
   11          -     15      1      6     13     18      2       -
   12          -     15     10      7     15     12      3       -
   13          -     18     15      4     10     10      4       -
   14         16     11     12      0      4      1     14       8
   15         23     11     19      4     16      6      8      12
   16         36     19     30     22     18      2     16      20
   17         19     22     22      7     12      7      6      14
   18          6      6     14      5      9      7      8       8
   19          8      8      5     13     12      2      4       7
   20          1      4      6      4      2      1      3       3
   21          6      6      2      3      1      0      1       3
   22          4      3      2      2      2      1      1       2
   23          1      1      0      0      1      1      0       1
 
TOTALS
 
12HR 7-19      -    160    163     99    142     90     68       -
16HR 6-22      -    187    180    126    161     96     76       -
18HR 6-24      -    191    182    128    164     98     77       -
24HR 0-24      -    197    187    133    171    102     80       -
 
 
 
 
*LOCATION   : ............................................................
*SITE NUMBER: 11600501
*FILE NUMBER:        4
*INTERVAL   :   15 MIN
*BATTERY    :    6.5 V
*RESTARTS   :        0
*CONFIG     :        0
*CHANNEL    :  1 OF  1
 
             MON    TUE    WED    THU    FRI    SAT    SUN    7-DAY
DATE    11/02/07     08     09     10     11     12     13   AVERAGE
 
START HOUR
 
    0          0      0      0      0      0      1      0       0
    1          1      2      1      1      0      1      1       1
    2          1      0      0      0      1      0      0       0
    3          1      0      1      0      0      0      0       0
    4          1      1      0      3      7      0      0       2
    5          2      1      1      1      2      1      2       1
    6         11      6      8      9      7      1      0       6
    7         15      6     11     13     10      2      1       8
    8         13     22     12     10     17      0      1      11
    9         10      3      8      7      6      2      3       6
   10          8      1      8      6      5      8      1       5
   11          9      2      9      4      5      5      2       5
   12          7      6      7     10      7      7      2       7
   13          5      6      4      0      9      6      1       4
   14         16      6      0     12      4      0      0       5
   15         22     13      0      7      0      0      0       6
   16         24     18      0      2      0      0      0       6
   17          5     11      8      8      6      2      3       6
   18          6      4      8     12     14      5      2       7
   19          6      7      5      6      9      1      1       5
   20          9      5      5      4      4      1      4       5
   21          1      2      3      2      0      1      1       1
   22          2      0      0      2      4      1      0       1
   23          0      0      0      0      0      0      0       0
 
TOTALS
 
12HR 7-19    140     98     75     91     83     37     16      77
16HR 6-22    167    118     96    112    103     41     22      94
18HR 6-24    169    118     96    114    107     42     22      95
24HR 0-24    175    122     99    119    117     45     25     100
 
 
 
 
*LOCATION   : ............................................................
*SITE NUMBER: 11600501
*FILE NUMBER:        4
*INTERVAL   :   15 MIN
*BATTERY    :    6.5 V
*RESTARTS   :        0
*CONFIG     :        0
*CHANNEL    :  1 OF  1
 
             MON    TUE    WED    THU    FRI    SAT    SUN    7-DAY
DATE    11/02/14     15     16     17     18     19     20   AVERAGE
 
START HOUR
 
    0          0      0      1      0      1      0      0       0
    1          1      0      0      0      0      0      1       0
    2          0      0      0      0      0      1      0       0
    3          0      0      0      0      0      0      0       0
    4          0      0      0      0      0      0      0       0
    5          4      2      1      2      1      0      2       2
    6          5      8      3      6      3      1      0       4
    7          7     10     13     11     10      1      1       8
    8         11     11      5      7      4      0      1       6
    9          8      7      6      6      6      5      0       5
   10         10      2      4      5      1     14      0       5
   11          1      4      3      5      5      5      3       4
   12          0      4      7      8     15      2      6       6
   13          0      2     16      7      1     10      7       6
   14          0      0      8      7      0      0      7       3
   15          0      0      0      2      0      0      0       0
   16          0      0      0      0      0      0      0       0
   17          2      7      3      3      0      4      1       3
   18          6     10      5     10      5      3      3       6
   19          5      5      3      3      8      1      2       4
   20          1      2      1      4      2      2      1       2
   21          1      2      0      1      0      1      0       1
   22          2      2      2      2      2      1      2       2
   23          0      0      0      0      0      0      0       0
 
TOTALS
 
12HR 7-19     45     57     70     71     47     44     29      52
16HR 6-22     57     74     77     85     60     49     32      62
18HR 6-24     59     76     79     87     62     50     34      64
24HR 0-24     64     78     81     89     64     51     37      66
 
 
 
 
*LOCATION   : ............................................................
*SITE NUMBER: 11600501
*FILE NUMBER:        4
*INTERVAL   :   15 MIN
*BATTERY    :    6.5 V
*RESTARTS   :        0
*CONFIG     :        0
*CHANNEL    :  1 OF  1
 
             MON    TUE    WED    THU    FRI    SAT    SUN    7-DAY
DATE    11/02/21     22     23     24     25     26     27   AVERAGE
 
START HOUR
 
    0          0      0      0      0      0      0      0       0
    1          0      0      1      2      1      1      1       1
    2          0      0      0      0      0      0      0       0
    3          0      1      0      0      0      0      0       0
    4          0      0      1      1      2      1      0       1
    5          3      3      2      2      3      2      1       2
    6          5      8      7      9      6      0      2       5
    7         11      8      6      9     11      3      1       7
    8          4      5      8      1      6      2      0       4
    9          6      8      7      3      5      8      1       5
   10          6      4     12      6      8      9      1       7
   11          6      8      9      6     10      8      6       8
   12          4      6     12      8     10      8      8       8
   13         11     12     12      6     11      8      6       9
   14          8     14      7     13      7      8      7       9
   15         12      0      4      4      0      1     14       5
   16          0      0      0      0      0      5     27       5
   17          0      1      0      0      2      6     18       4
   18          4      9      4      6      6      3      3       5
   19          2      3      5      7      3      1      2       3
   20          4      5      3      6      1      0      0       3
   21          1      1      0      3      2      0      1       1
   22          1      2      1      0      3      2      0       1
   23          0      0      0      0      0      0      0       0
 
TOTALS
 
12HR 7-19     72     75     81     62     76     69     92      75
16HR 6-22     84     92     96     87     88     70     97      88
18HR 6-24     85     94     97     87     91     72     97      89
24HR 0-24     88     98    101     92     97     76     99      93
 
 
 
 
*LOCATION   : ............................................................
*SITE NUMBER: 11600501
*FILE NUMBER:        4
*INTERVAL   :   15 MIN
*BATTERY    :    6.5 V
*RESTARTS   :        0
*CONFIG     :        0
*CHANNEL    :  1 OF  1
 
             MON    TUE    WED    THU    FRI    SAT    SUN    7-DAY
DATE    11/02/28     01     02     03     04     05     06   AVERAGE
 
START HOUR
 
    0          0      1      1      0      0      0      0       0
    1          1      0      0      1      1      2      2       1
    2          1      1      0      0      0      0      1       0
    3          0      1      0      0      0      0      0       0
    4          2      1      0      2      2      0      0       1
    5          4      2      2      4      5      1      1       3
    6          6     11     12      9      8      2      0       7
    7         14     15     19     15      9      1      1      11
    8          9     20     10     15     10      0      0       9
    9          7      9     12      7     14      5      2       8
   10          5     10      6      9      7      9      1       7
   11         10      7     13     10     10     18      2      10
   12         10      5      8     10     11     14      8       9
   13         12     13     10      9     13     12      7      11
   14         18     17     24     26     28     14     14      20
   15         25     14     28     25     24     16     11      20
   16         28     26     32     29     35     24      6      26
   17         18     16     20     25     25     13     11      18
   18         12     18     15     16     11      9      6      12
   19          5     10     12      4      9      2      4       7
   20          7      5      6      4      5      0      0       4
   21          6      1      0      0      2      1      0       1
   22          1      2      1      2      2      1      1       1
   23          4      0      1      1      1      0      1       1
 
TOTALS
 
12HR 7-19    168    170    197    196    197    135     69     162
16HR 6-22    192    197    227    213    221    140     73     180
18HR 6-24    197    199    229    216    224    141     75     183
24HR 0-24    205    205    232    223    232    144     79     189
 
 
 
 
*LOCATION   : ............................................................
*SITE NUMBER: 11600501
*FILE NUMBER:        4
*INTERVAL   :   15 MIN
*BATTERY    :    6.5 V
*RESTARTS   :        0
*CONFIG     :        0
*CHANNEL    :  1 OF  1
 
             MON    TUE    WED    THU    FRI    SAT    SUN    7-DAY
DATE    11/03/07     08     09     10     11     12     13   AVERAGE
 
START HOUR
 
    0          1      -      -      -      -      -      -       -
    1          1      -      -      -      -      -      -       -
    2          0      -      -      -      -      -      -       -
    3          0      -      -      -      -      -      -       -
    4          0      -      -      -      -      -      -       -
    5          3      -      -      -      -      -      -       -
    6          6      -      -      -      -      -      -       -
    7         13      -      -      -      -      -      -       -
    8         12      -      -      -      -      -      -       -
    9          9      -      -      -      -      -      -       -
   10          -      -      -      -      -      -      -       -
   11          -      -      -      -      -      -      -       -
   12          -      -      -      -      -      -      -       -
   13          -      -      -      -      -      -      -       -
   14          -      -      -      -      -      -      -       -
   15          -      -      -      -      -      -      -       -
   16          -      -      -      -      -      -      -       -
   17          -      -      -      -      -      -      -       -
   18          -      -      -      -      -      -      -       -
   19          -      -      -      -      -      -      -       -
   20          -      -      -      -      -      -      -       -
   21          -      -      -      -      -      -      -       -
   22          -      -      -      -      -      -      -       -
   23          -      -      -      -      -      -      -       -
 
TOTALS
 
12HR 7-19      -      -      -      -      -      -      -       -
16HR 6-22      -      