*LOCATION		: ..	........	.......	.......	.......	.......	.......	...............
*SITE NUM	B	ER: 11	500128						
*FILE NUM	B	ER:	4						
*INTERVAL		:	15 MIN						
*BATTERY		:	6.4 V						
*RESTARTS		:	0						
*CONFIG		:	0						
*CHANNEL		:  1	OF  1						

		MON	TUE	WED	THU	FRI	SAT	SUN	7-DAY
DATE    0	6	/01/02	3	4	5	6	7	8	AVERAGE

START HOU	R								

0		-	1	0	0	0	1	2	-
1		-	1	1	5	0	2	1	-
2		-	0	0	0	2	1	0	-
3		-	0	0	0	1	0	1	-
4		-	1	0	1	0	1	1	-
5		-	2	2	3	1	0	0	-
6		-	11	11	9	0	1	0	-
7		-	17	15	16	1	4	0	-
8		-	31	24	20	0	1	1	-
9		-	15	16	25	1	4	3	-
10		13	15	19	11	4	4	1	10
11		12	22	19	18	5	5	7	13
12		22	12	11	23	3	10	6	12
13		11	14	23	19	1	3	2	10
14		10	17	7	18	5	5	8	10
15		12	21	16	21	7	11	3	13
16		26	22	29	26	5	7	3	17
17		24	16	21	17	7	2	2	13
18		11	12	13	14	3	8	6	10
19		9	13	11	16	2	2	2	8
20		6	6	6	9	1	2	3	5
21		1	5	5	6	1	1	2	3
22		2	5	4	3	3	3	1	3
23		3	2	1	4	3	2	2	2

TOTALS		162							

12HR 7-19		-	214	213	228	42	64	42	-
16HR 6-22		-	249	246	268	46	70	49	-
18HR 6-24		-	256	251	275	52	75	52	-
24HR 0-24		-	261	254	284	56	80	57	-
									



*LOCATION		: ..	........	.......	.......	.......	.......	.......	...............
*SITE NUM	B	ER: 11	500128						
*FILE NUM	B	ER:	4						
*INTERVAL		:	15 MIN						
*BATTERY		:	6.4 V						
*RESTARTS		:	0						
*CONFIG		:	0						
*CHANNEL		:  1	OF  1						

		MON	TUE	WED	THU	FRI	SAT	SUN	7-DAY
DATE    0	6	/01/09	10	11	12	13	14	15	AVERAGE

START HOU	R								

0		1	0	1	3	4	1	4	2
1		0	1	0	2	0	4	5	2
2		0	1	0	0	0	7	0	1
3		0	0	0	0	0	2	1	0
4		2	0	1	1	2	1	1	1
5		2	4	3	3	4	2	1	3
6		8	9	7	9	11	2	0	7
7		22	19	21	27	28	2	2	17
8		41	44	30	29	30	2	1	25
9		23	26	23	30	34	9	5	21
10		15	13	18	20	17	11	3	14
11		20	20	14	20	21	18	10	18
12		13	20	14	13	24	15	10	16
13		19	19	16	18	12	12	7	15
14		16	17	10	24	24	16	7	16
15		26	19	22	17	34	11	14	20
16		32	35	25	35	35	13	5	26
17		21	27	21	33	27	4	15	21
18		22	16	18	18	20	7	8	16
19		11	16	9	15	10	5	7	10
20		9	8	5	6	12	2	4	7
21		2	5	3	4	5	3	9	4
22		4	5	2	2	4	7	3	4
23		4	5	4	2	4	4	0	3

TOTALS									

12HR 7-19		270	275	232	284	306	120	87	225
16HR 6-22		300	313	256	318	344	132	107	253
18HR 6-24		308	323	262	322	352	143	110	260
24HR 0-24		313	329	267	331	362	160	122	269
									



*LOCATION		: ..	........	.......	.......	.......	.......	.......	...............
*SITE NUM	B	ER: 11	500128						
*FILE NUM	B	ER:	4						
*INTERVAL		:	15 MIN						
*BATTERY		:	6.4 V						
*RESTARTS		:	0						
*CONFIG		:	0						
*CHANNEL		:  1	OF  1						

		MON	TUE	WED	THU	FRI	SAT	SUN	7-DAY
DATE    0	6	/01/16	17	18	19	20	21	22	AVERAGE

START HOU	R								

0		0	1	1	1	1	0	1	1
1		0	5	0	1	1	1	1	1
2		0	1	0	1	0	1	0	0
3		0	0	1	0	0	0	0	205
4		2	0	0	0	1	0	8	2
5		6	4	4	1	1	1	0	2
6		10	13	6	9	4	2	1	6
7		24	19	17	13	11	2	2	13
8		49	37	27	25	21	1	2	58
9		27	35	16	17	18	1	0	16
10		16	22	26	5	19	6	4	14
11		26	17	15	21	27	3	3	16
12		14	27	13	21	28	3	1	15
13		30	23	32	23	13	3	2	18
14		20	28	20	20	10	14	5	17
15		22	39	33	30	26	11	4	24
16		42	28	35	22	30	8	2	24
17		22	26	28	24	15	5	2	17
18		27	23	9	11	14	5	3	13
19		16	21	10	14	13	1	0	11
20		11	13	12	6	5	0	1	7
21		7	3	6	3	3	1	1	3
22		6	2	6	1	1	1	0	2
23		5	2	0	0	2	3	0	2

TOTALS									

12HR 7-19		319	324	271	232	232	62	272	245
16HR 6-22		363	374	305	264	257	66	275	272
18HR 6-24		374	378	311	265	260	70	275	276
24HR 0-24		382	389	317	269	264	73	43	488
									



*LOCATION		: ..	........	.......	.......	.......	.......	.......	...............
*SITE NUM	B	ER: 11	500128						
*FILE NUM	B	ER:	4						
*INTERVAL		:	15 MIN						
*BATTERY		:	6.4 V						
*RESTARTS		:	0						
*CONFIG		:	0						
*CHANNEL		:  1	OF  1						

		MON	TUE	WED	THU	FRI	SAT	SUN	7-DAY
DATE    0	6	/01/23	24	25	26	27	28	29	AVERAGE

START HOU	R								

0		0	1	1	0	2	-	-	-
1		5	1	1	0	0	-	-	-
2		0	0	0	0	0	-	-	-
3		3	0	0	0	0	-	-	-
4		2	1	1	1	1	-	-	-
5		1	3	2	2	3	-	-	-
6		5	8	7	6	8	-	-	-
7		16	17	19	17	22	-	-	-
8		34	42	32	28	42	-	-	-
9		38	20	26	30	-	-	-	-
10		23	23	19	22	-	-	-	-
11		22	26	22	25	-	-	-	-
12		26	22	17	35	-	-	-	-
13		20	19	15	19	-	-	-	-
14		17	21	8	9	-	-	-	-
15		20	20	29	35	-	-	-	-
16		27	23	25	33	-	-	-	-
17		23	25	34	29	-	-	-	-
18		17	13	9	19	-	-	-	-
19		9	15	11	8	-	-	-	-
20		7	6	8	9	-	-	-	-
21		4	0	4	5	-	-	-	-
22		8	6	2	3	-	-	-	-
23		0	1	3	1	-	-	-	-

TOTALS						78			

12HR 7-19		283	271	255	301	-	-	-	-
16HR 6-22		308	300	285	329	-	-	-	-
18HR 6-24		316	307	290	333	-	-	-	-
24HR 0-24		327	313	295	336	-	-	-	-
									
									
