*LOCATION	: ..	........	.......	.......	.......	.......	.......	...............
*SITE NUMB	ER: 10	702606						
*FILE NUMB	ER:	3						
*INTERVAL	:	15 MIN						
*BATTERY	:	6.2 V						
*RESTARTS	:	0						
*CONFIG	:	0						
*CHANNEL	:  1	OF  1						

	TUE	WED	THU	FRI	SAT	SUN	MON	7-DAY
DATE    08	/06/24	25	26	27	28	29	30	AVERAGE

START HOUR								

0	-	9	13	16	8	10	13	-
1	-	2	8	6	8	8	5	-
2	-	5	5	3	6	12	5	-
3	-	2	2	5	14	13	0	-
4	-	3	1	3	9	6	7	-
5	-	8	10	10	9	6	11	-
6	-	46	50	31	5	8	44	-
7	-	142	143	93	10	3	144	-
8	-	218	224	167	14	11	202	-
9	-	105	123	101	34	19	118	-
10	51	64	80	65	36	21	84	57
11	51	66	66	60	79	26	61	58
12	58	60	85	62	73	29	96	66
13	51	77	98	89	94	54	84	78
14	67	101	87	96	104	50	86	84
15	86	138	158	144	76	75	148	118
16	122	208	164	171	89	78	254	155
17	115	193	147	136	76	87	226	140
18	81	135	114	66	66	82	136	97
19	65	118	57	76	57	80	114	81
20	40	87	71	53	21	61	68	57
21	36	65	74	50	37	48	55	52
22	16	25	25	20	19	13	30	21
23	7	25	16	17	14	20	10	16

TOTALS								

12HR 7-19	-	1507	1489	1250	751	535	1639	-
16HR 6-22	-	1823	1741	1460	871	732	1920	-
18HR 6-24	-	1873	1782	1497	904	765	1960	-
24HR 0-24	-	1902	1821	1540	958	820	2001	-
			1,222968435					



*LOCATION	: ..	........	.......	.......	.......	.......	.......	...............
*SITE NUMB	ER: 10	702606						
*FILE NUMB	ER:	3						
*INTERVAL	:	15 MIN						
*BATTERY	:	6.2 V						
*RESTARTS	:	0						
*CONFIG	:	0						
*CHANNEL	:  1	OF  1						

	TUE	WED	THU	FRI	SAT	SUN	MON	7-DAY
DATE    08	/07/01	2	3	4	5	6	7	AVERAGE

START HOUR								

0	7	13	10	6	17	17	8	11
1	2	3	15	3	15	15	4	8
2	1	3	3	5	12	11	3	5
3	2	6	7	6	13	21	3	8
4	1	7	6	5	11	12	3	6
5	14	10	19	14	9	1	16	12
6	44	52	24	40	5	13	37	31
7	142	151	149	153	12	7	121	105
8	212	242	217	199	21	18	168	154
9	108	133	101	107	35	18	117	88
10	59	78	45	71	47	35	74	58
11	70	102	38	128	75	51	77	77
12	59	112	49	92	75	41	71	71
13	59	71	65	113	94	53	95	79
14	66	105	79	159	74	56	128	95
15	157	194	124	206	78	61	147	138
16	236	290	195	205	90	61	193	181
17	221	218	160	151	81	64	174	153
18	135	175	128	122	70	65	141	119
19	157	114	106	87	44	48	91	92
20	101	77	78	90	35	66	69	74
21	86	61	49	63	28	26	54	52
22	33	36	38	42	39	26	26	34
23	27	16	14	41	19	12	19	21

TOTALS								

12HR 7-19	1524	1871	1350	1706	752	530	1506	1320
16HR 6-22	1912	2175	1607	1986	864	683	1757	1569
18HR 6-24	1972	2227	1659	2069	922	721	1802	1625
24HR 0-24	1999	2269	1719	2108	999	798	1839	1676
								



*LOCATION	: ..	........	.......	.......	.......	.......	.......	...............
*SITE NUMB	ER: 10	702606						
*FILE NUMB	ER:	3						
*INTERVAL	:	15 MIN						
*BATTERY	:	6.2 V						
*RESTARTS	:	0						
*CONFIG	:	0						
*CHANNEL	:  1	OF  1						

	TUE	WED	THU	FRI	SAT	SUN	MON	7-DAY
DATE    08	/07/08	9	10	11	12	13	14	AVERAGE

START HOUR								

0	5	17	10	15	15	16	5	12
1	5	1	2	12	8	11	5	6
2	3	3	5	8	5	9	2	5
3	4	3	5	6	14	9	3	6
4	1	2	5	1	9	8	2	4
5	9	15	14	14	8	7	14	12
6	38	40	39	30	15	10	22	28
7	112	115	105	86	10	12	105	78
8	189	191	145	125	23	21	159	122
9	80	120	70	101	25	33	98	75
10	76	78	52	79	40	42	60	61
11	75	83	75	88	39	46	67	68
12	73	116	85	97	65	67	68	82
13	82	93	81	99	63	78	81	82
14	92	135	102	132	72	59	64	94
15	144	173	137	154	78	68	112	124
16	217	236	194	177	80	93	166	166
17	146	195	163	131	86	96	128	135
18	163	133	160	112	61	103	86	117
19	91	104	120	86	46	54	62	80
20	68	75	99	58	41	60	32	62
21	61	47	73	41	40	39	16	45
22	30	31	31	25	31	30	6	26
23	27	14	21	34	24	11	6	20

TOTALS								

12HR 7-19	1449	1668	1369	1381	642	718	1194	1203
16HR 6-22	1707	1934	1700	1596	784	881	1326	1418
18HR 6-24	1764	1979	1752	1655	839	922	1338	1464
24HR 0-24	1791	2020	1793	1711	898	982	1369	1509
								



*LOCATION	: ..	........	.......	.......	.......	.......	.......	...............
*SITE NUMB	ER: 10	702606						
*FILE NUMB	ER:	3						
*INTERVAL	:	15 MIN						
*BATTERY	:	6.2 V						
*RESTARTS	:	0						
*CONFIG	:	0						
*CHANNEL	:  1	OF  1						

	TUE	WED	THU	FRI	SAT	SUN	MON	7-DAY
DATE    08	/07/15	16	17	18	19	20	21	AVERAGE

START HOUR								

0	6	6	5	10	15	20	6	10
1	2	7	12	9	23	3	5	9
2	3	2	3	2	11	8	1	4
3	2	0	4	3	22	10	4	6
4	1	4	5	4	10	17	4	6
5	9	20	13	15	3	6	11	11
6	34	29	35	24	20	7	29	25
7	107	105	92	85	15	10	64	68
8	141	120	124	116	18	18	114	93
9	71	81	100	87	30	26	79	68
10	58	79	46	67	63	46	81	63
11	68	44	59	95	81	46	55	64
12	81	72	48	81	95	62	61	71
13	90	69	34	92	94	67	81	75
14	109	66	65	115	103	74	87	88
15	127	98	125	157	90	61	139	114
16	167	157	167	166	79	56	157	136
17	162	124	132	113	82	52	158	118
18	158	95	102	90	74	70	115	101
19	99	96	82	70	59	40	96	77
20	90	72	70	64	46	20	66	61
21	50	61	57	48	44	17	55	47
22	32	37	25	40	27	14	24	28
23	20	12	18	26	19	4	14	16

TOTALS								

12HR 7-19	1339	1110	1094	1264	824	588	1191	1059
16HR 6-22	1612	1368	1338	1470	993	672	1437	1270
18HR 6-24	1664	1417	1381	1536	1039	690	1475	1315
24HR 0-24	1687	1456	1423	1579	1123	754	1506	1361
								



*LOCATION	: ..	........	.......	.......	.......	.......	.......	...............
*SITE NUMB	ER: 10	702606						
*FILE NUMB	ER:	3						
*INTERVAL	:	15 MIN						
*BATTERY	:	6.2 V						
*RESTARTS	:	0						
*CONFIG	:	0						
*CHANNEL	:  1	OF  1						

	TUE	WED	THU	FRI	SAT	SUN	MON	7-DAY
DATE    08	/07/22	23	24	25	26	27	28	AVERAGE

START HOUR								

0	8	9	12	16	12	17	10	12
1	3	4	9	17	8	13	8	9
2	7	3	8	6	11	14	2	7
3	3	3	8	8	9	15	4	7
4	2	1	5	3	6	12	4	5
5	12	11	10	5	5	8	15	9
6	35	51	40	39	8	8	44	32
7	102	96	98	86	13	10	129	76
8	145	130	142	125	18	22	166	107
9	80	95	100	72	23	26	113	73
10	63	108	80	70	67	34	87	73
11	60	89	101	73	74	62	72	76
12	71	97	85	82	71	65	100	82
13	75	107	95	83	81	101	84	89
14	58	120	113	122	103	84	107	101
15	105	185	159	167	94	116	-	-
16	165	180	178	157	88	69	-	-
17	130	143	155	131	90	87	-	-
18	95	154	147	115	67	106	-	-
19	87	127	112	79	85	91	-	-
20	44	85	90	89	60	74	-	-
21	39	67	66	54	56	60	-	-
22	31	42	38	35	38	29	-	-
23	18	23	32	27	25	21	-	-

TOTALS								

12HR 7-19	1149	1504	1453	1283	789	782	-	-
16HR 6-22	1354	1834	1761	1544	998	1015	-	-
18HR 6-24	1403	1899	1831	1606	1061	1065	-	-
24HR 0-24	1438	1930	1883	1661	1112	1144	-	-
								
								
