 
 
 
*LOCATION   : ............................................................
*SITE NUMBER: 10802613
*FILE NUMBER:        1
*INTERVAL   :   15 MIN
*BATTERY    :    6.1 V
*RESTARTS   :        0
*CONFIG     :        0
*CHANNEL    :  1 OF  1
 
             THU    FRI    SAT    SUN    MON    TUE    WED    7-DAY
DATE    08/06/26     27     28     29     30     01     02   AVERAGE
 
START HOUR
 
    0          -     12     27     13     32     10     10       -
    1          -      8     22      9      8      4      8       -
    2          -      7     21     10      6      1      5       -
    3          -      2     11      9      1      7      2       -
    4          -      7      6      2      3      5      6       -
    5          -     13      8      6     14     16     26       -
    6          -     53     21      5     78     51     62       -
    7          -    103     15      7    133    141    158       -
    8          -    159     25     14    189    178    203       -
    9          -     90     40     21    104    110    109       -
   10         66    119     53     41     70     72     93      73
   11         74     59     69     44     79     56     98      68
   12         79     72     94     56    102     70     90      80
   13         95    101     90     76     84     95    107      93
   14        109     95    100     97     98     90    150     106
   15        134    156     89    109    166    130    159     135
   16        133    189    107    124    255    217    235     180
   17        141    136     88     93    172    194    224     150
   18         93    107     88    139    176    189    160     136
   19         83     95     48     98    112    163     92      99
   20         70     59     51     52    105    139     97      82
   21         58     44     21     60     61    101     68      59
   22         18     35     23     31     31     44     27      30
   23         13     37     14     15     19     32     21      22
 
TOTALS
 
12HR 7-19      -   1386    858    821   1628   1542   1786       -
16HR 6-22      -   1637    999   1036   1984   1996   2105       -
18HR 6-24      -   1709   1036   1082   2034   2072   2153       -
24HR 0-24      -   1758   1131   1131   2098   2115   2210       -
 
 
 
 
*LOCATION   : ............................................................
*SITE NUMBER: 10802613
*FILE NUMBER:        1
*INTERVAL   :   15 MIN
*BATTERY    :    6.1 V
*RESTARTS   :        0
*CONFIG     :        0
*CHANNEL    :  1 OF  1
 
             THU    FRI    SAT    SUN    MON    TUE    WED    7-DAY
DATE    08/07/03     04     05     06     07     08     09   AVERAGE
 
START HOUR
 
    0         15     18     30     13      5      8     17      15
    1          9      6     22     15      2      4      6       9
    2          2      4     27     11      2      2      3       7
    3          4      2     12     12      8      1      3       6
    4          4      3     13     16      3      2      2       6
    5         16     15     19     12     16     14     22      16
    6         56     48     14     10     47     56     66      42
    7        138    133     15      8    112    120    135      94
    8        186    156     30     18    169    161    172     127
    9        105    125     42     19     97    101    110      86
   10         44     91     63     34    129     67     81      73
   11         47    111     77     68    100     94    112      87
   12         65    103     75     69     81     93    107      85
   13         74    135     79     81     89    105    119      97
   14         68    159     93     75    113    102    114     103
   15        106    181     88     68    137    150    173     129
   16        166    211    100     70    200    178    220     164
   17        154    198     72     78    234    193    187     159
   18        131    140     78     73    132    156    142     122
   19        103    106     71     64     98    120    116      97
   20         98    113     45     64     88    100     84      85
   21         90    110     34     41     63     78     71      70
   22         47     62     22     26     20     47     34      37
   23         22     55     20     22     13     21     18      24
 
TOTALS
 
12HR 7-19   1284   1743    812    661   1593   1520   1672    1326
16HR 6-22   1631   2120    976    840   1889   1874   2009    1620
18HR 6-24   1700   2237   1018    888   1922   1942   2061    1681
24HR 0-24   1750   2285   1141    967   1958   1973   2114    1741
 
 
 
 
*LOCATION   : ............................................................
*SITE NUMBER: 10802613
*FILE NUMBER:        1
*INTERVAL   :   15 MIN
*BATTERY    :    6.1 V
*RESTARTS   :        0
*CONFIG     :        0
*CHANNEL    :  1 OF  1
 
             THU    FRI    SAT    SUN    MON    TUE    WED    7-DAY
DATE    08/07/10     11     12     13     14     15     16   AVERAGE
 
START HOUR
 
    0         15     14     25     17     12      3     10      14
    1          9      9     15      4      1      2      4       6
    2          1      9     11      8      2      4      5       6
    3         10      3     13      6      6      0      0       5
    4          5      6      7      6      4      1      2       4
    5         16     11      4     14     12     12     16      12
    6         46     40     12     13     47     43     49      36
    7         88    104     17     10     96     97     90      72
    8        149    109     20     19    136    141    127     100
    9         74     95     33     32     90     90     80      71
   10         44     79     27     44     72     66     51      55
   11         60     95     47     53     75     58     64      65
   12         70    100     52     71     75     95     53      74
   13        124    103     65     84     77     92     60      86
   14        107    104     91    122     68    100     77      96
   15        155    172    100    115    125    166    110     135
   16        232    179     87    112    118    225    163     159
   17        174    152     84    147    116    172    147     142
   18        162    137     84    114     79    169    124     124
   19        141    127     77     63     34    138    107      98
   20        125     96     71     66     34    102     98      85
   21         83     50     38     43     18     57     69      51
   22         54     49     25     23     10     41     51      36
   23         33     40     14     18      2     19     15      20
 
TOTALS
 
12HR 7-19   1439   1429    707    923   1127   1471   1146    1177
16HR 6-22   1834   1742    905   1108   1260   1811   1469    1447
18HR 6-24   1921   1831    944   1149   1272   1871   1535    1503
24HR 0-24   1977   1883   1019   1204   1309   1893   1572    1551
 
 
 
 
*LOCATION   : ............................................................
*SITE NUMBER: 10802613
*FILE NUMBER:        1
*INTERVAL   :   15 MIN
*BATTERY    :    6.1 V
*RESTARTS   :        0
*CONFIG     :        0
*CHANNEL    :  1 OF  1
 
             THU    FRI    SAT    SUN    MON    TUE    WED    7-DAY
DATE    08/07/17     18     19     20     21     22     23   AVERAGE
 
START HOUR
 
    0         13     10     33     19      7      6     11      14
    1          2      7     12     15      3      4      6       7
    2         11      7     10      9      6      8      2       8
    3          7      2     12      6      3      6      2       5
    4          3      2      7     11      4      2      8       5
    5         22     13      5     10      8     10     13      12
    6         57     36     20     13     35     57     51      38
    7        110    104     17      9     78    102    118      77
    8        154    113     26     23    120    155    150     106
    9         73     69     36     35     84     72    115      69
   10         95     71     51     43     64     52     77      65
   11        100     66     75     62     68     82    103      79
   12         69    122    110     90     96     76    118      97
   13         44    129    103     91     82     80    125      93
   14         72    108    104     82     75     66    105      87
   15        108    167    151     70    133     96    177     129
   16        170    174     92     81    162    145    232     151
   17        143    120     91     89    171    142    222     140
   18        117    124     83     78    153    128    172     122
   19        106     93     69     44    122     84    157      96
   20         86     83     59     36     85     81    123      79
   21         72     45     48     30     71     68     75      58
   22         26     65     28     17     36     42     63      40
   23         20     30     28     14     15     17     30      22
 
TOTALS
 
12HR 7-19   1255   1367    939    753   1286   1196   1714    1216
16HR 6-22   1576   1624   1135    876   1599   1486   2120    1488
18HR 6-24   1622   1719   1191    907   1650   1545   2213    1550
24HR 0-24   1680   1760   1270    977   1681   1581   2255    1601
 
 
 
 
*LOCATION   : ............................................................
*SITE NUMBER: 10802613
*FILE NUMBER:        1
*INTERVAL   :   15 MIN
*BATTERY    :    6.1 V
*RESTARTS   :        0
*CONFIG     :        0
*CHANNEL    :  1 OF  1
 
             THU    FRI    SAT    SUN    MON    TUE    WED    7-DAY
DATE    08/07/24     25     26     27     28     29     30   AVERAGE
 
START HOUR
 
    0         14     18     26     14     15      -      -       -
    1         13     14     29     14      9      -      -       -
    2          7      6     13     14      9      -      -       -
    3          7      4     17     15      3      -      -       -
    4          5      7     10      7      3      -      -       -
    5         18      9      7     10     18      -      -       -
    6         58     46      6     12     58      -      -       -
    7        100    101     25     15    108      -      -       -
    8        171    141     33     26    207      -      -       -
    9        112    105     52     31    109      -      -       -
   10         75     87     82    107      -      -      -       -
   11        107    102    121    108      -      -      -       -
   12        138    110     87    100      -      -      -       -
   13        120     99    127    125      -      -      -       -
   14        122    151    120    129      -      -      -       -
   15        175    168    111    121      -      -      -       -
   16        236    193    102    124      -      -      -       -
   17        191    144     98    128      -      -      -       -
   18        165    140    108    143      -      -      -       -
   19        146     95     84    110      -      -      -       -
   20        151     83     77     94      -      -      -       -
   21         98     83     63     62      -      -      -       -
   22         63     36     38     48      -      -      -       -
   23         32     44     52     18      -      -      -       -
 
TOTALS
 
12HR 7-19   1712   1541   1066   1157      -      -      -       -
16HR 6-22   2165   1848   1296   1435      -      -      -       -
18HR 6-24   2260   1928   1386   1501      -      -      -       -
24HR 0-24   2324   1986   1488   1575      -      -      -       -
 
