 
 
 
*LOCATION   : ............................................................
*SITE NUMBER: 12002632
*FILE NUMBER:        1
*INTERVAL   :   15 MIN
*BATTERY    :    6.3 V
*RESTARTS   :        0
*CONFIG     :        0
*CHANNEL    :  1 OF  1
 
             MON    TUE    WED    THU    FRI    SAT    SUN    7-DAY
DATE    08/06/23     24     25     26     27     28     29   AVERAGE
 
START HOUR
 
    0          -      1      1      2      7      3      1       -
    1          -      1      0      0      0      3      2       -
    2          -      0      0      0      0      5      0       -
    3          -      0      1      2      0      4      2       -
    4          -      4      1      2      3      0      0       -
    5          -      6      4      7      7      6      2       -
    6          -     21     53     57     48      7      2       -
    7          -    100    175    165    127     18     13       -
    8          -     91    177    181    141     18      5       -
    9          -     55     66     73     51     34     17       -
   10         26     35     53     61     41     47     32      42
   11         27     36     42     61     44     62     41      45
   12         19     24     32     43     57     65     51      42
   13         12     35     53     61     44     63     68      48
   14         23     31     41     64     55     60     63      48
   15         45     50    108    129    126     48     49      79
   16         91     85    200    123    137     52     68     108
   17         73     84    121    116     89     46     68      85
   18         61     57    113     51     71     33     60      64
   19         39     48     75     49     42     28     59      49
   20         26     32     76     36     36     43     57      44
   21         14     28     28     30     20      7     34      23
   22         10      6     11      9     13      6     10       9
   23          3      3     10     14      4      4      3       6
 
TOTALS
 
12HR 7-19      -    683   1181   1128    983    546    535       -
16HR 6-22      -    812   1413   1300   1129    631    687       -
18HR 6-24      -    821   1434   1323   1146    641    700       -
24HR 0-24      -    833   1441   1336   1163    662    707       -
 
 
 
 
*LOCATION   : ............................................................
*SITE NUMBER: 12002632
*FILE NUMBER:        1
*INTERVAL   :   15 MIN
*BATTERY    :    6.3 V
*RESTARTS   :        0
*CONFIG     :        0
*CHANNEL    :  1 OF  1
 
             MON    TUE    WED    THU    FRI    SAT    SUN    7-DAY
DATE    08/06/30     01     02     03     04     05     06   AVERAGE
 
START HOUR
 
    0          9      4      4      6      3      7      1       5
    1          0      5      1      2      6     12      3       4
    2          0      2      1      2      2      5      3       2
    3          2      0      0      0      0      2      4       1
    4          2      2      1      2      3      4      1       2
    5          5      8      7     11      6      4      1       6
    6         52     49     68     57     50      6      3      41
    7        158    154    157    148    153     18     10     114
    8        181    168    174    159    145     18     12     122
    9         89     59     80     64     85     39     13      61
   10         54     34     65     27     74     41     41      48
   11         58     36     59     31     84     60     69      57
   12         49     27     55     29     69     55     57      49
   13         69     45     56     29     72     72     61      58
   14         72     52     72     42    106     68     35      64
   15        133    114    133     78    121     64     45      98
   16        179    144    184    142    147     35     51     126
   17        157    129    141     98    107     44     51     104
   18         96    122    108     57     64     56     40      78
   19         89     95     64     63     56     38     34      63
   20         55     91     48     61     66     32     43      57
   21         31     42     34     27     32     15     20      29
   22         17     27     14     11     15     16     14      16
   23          8      9      7      2     11      9      4       7
 
TOTALS
 
12HR 7-19   1295   1084   1284    904   1227    570    485     978
16HR 6-22   1522   1361   1498   1112   1431    661    585    1167
18HR 6-24   1547   1397   1519   1125   1457    686    603    1191
24HR 0-24   1565   1418   1533   1148   1477    720    616    1211
 
 
 
 
*LOCATION   : ............................................................
*SITE NUMBER: 12002632
*FILE NUMBER:        1
*INTERVAL   :   15 MIN
*BATTERY    :    6.3 V
*RESTARTS   :        0
*CONFIG     :        0
*CHANNEL    :  1 OF  1
 
             MON    TUE    WED    THU    FRI    SAT    SUN    7-DAY
DATE    08/07/07     08     09     10     11     12     13   AVERAGE
 
START HOUR
 
    0          4      2      5      3      6      5      1       4
    1          0      0      1      3      2      0      0       1
    2          0      0      1      2      3      6      5       2
    3          1      1      0      0      0      1      2       1
    4          2      3      3      3      1      0      1       2
    5          7     10     12      9      6      0      0       6
    6         53     42     51     41     43      5      5      34
    7        146    130    125     97    108      9      9      89
    8        137    151    142    111    123     12      8      98
    9         57     58     82     47     74     12     20      50
   10         36     52     56     32     61     16     52      44
   11         60     47     77     41     73     42     50      56
   12         47     57     81     49     81     41     58      59
   13         60     45     82     55     70     50     73      62
   14         61     58     73     78     91     72     68      72
   15        110    113    123    112    115     63     73     101
   16        140    156    154    142    131     59     53     119
   17        150    137    116    119    103     35     81     106
   18         94    101    112    113    132     42     69      95
   19         69     61     78     81    116     56     38      71
   20         66     56     64     75     67     25     57      59
   21         35     29     44     46     41     15     27      34
   22         14     20     11     17     32      9     20      18
   23          7     12      5     10     64      0      6      15
 
TOTALS
 
12HR 7-19   1098   1105   1223    996   1162    453    614     950
16HR 6-22   1321   1293   1460   1239   1429    554    741    1148
18HR 6-24   1342   1325   1476   1266   1525    563    767    1181
24HR 0-24   1356   1341   1498   1286   1543    575    776    1196
 
 
 
 
*LOCATION   : ............................................................
*SITE NUMBER: 12002632
*FILE NUMBER:        1
*INTERVAL   :   15 MIN
*BATTERY    :    6.3 V
*RESTARTS   :        0
*CONFIG     :        0
*CHANNEL    :  1 OF  1
 
             MON    TUE    WED    THU    FRI    SAT    SUN    7-DAY
DATE    08/07/14     15     16     17     18     19     20   AVERAGE
 
START HOUR
 
    0          0      2      2      2      2      8      4       3
    1          2      0      6      3      1      1      3       2
    2          1      2      2      0      3      1      1       1
    3          0      0      0      0      2      5      0       1
    4          1      1      3      1      1      2      4       2
    5          7      5      8     11      5      1      1       5
    6         37     39     41     42     33      3      4      28
    7         98    121    104     97     74      9     13      74
    8        126    105     85    108     83     14     15      77
    9         62     49     50     47     43     25     18      42
   10         55     40     36     33     53     62     28      44
   11         56     40     37     40     44     61     55      48
   12         66     56     41     47     61     91     47      58
   13         71     50     39     25     62     70     81      57
   14         62     58     42     51     75     54     48      56
   15         88     95     85     83     83     57     47      77
   16        117    142    101    130     92     68     44      99
   17         90    116    108     83     74     65     46      83
   18         74     90     81     74     70     55     51      71
   19         41     66     85     60     63     59     30      58
   20         27     67     57     39     52     44     21      44
   21         18     43     32     30     32     20     11      27
   22         10     17     20     12     34     15     20      18
   23          3      6      6     10      6      7      6       6
 
TOTALS
 
12HR 7-19    965    962    809    818    814    631    493     785
16HR 6-22   1088   1177   1024    989    994    757    559     941
18HR 6-24   1101   1200   1050   1011   1034    779    585     966
24HR 0-24   1112   1210   1071   1028   1048    797    598     981
 
 
 
 
*LOCATION   : ............................................................
*SITE NUMBER: 12002632
*FILE NUMBER:        1
*INTERVAL   :   15 MIN
*BATTERY    :    6.3 V
*RESTARTS   :        0
*CONFIG     :        0
*CHANNEL    :  1 OF  1
 
             MON    TUE    WED    THU    FRI    SAT    SUN    7-DAY
DATE    08/07/21     22     23     24     25     26     27   AVERAGE
 
START HOUR
 
    0          2      3      3      6      4      6      6       4
    1          0      0      2      4      1      5      2       2
    2          1      0      0      1      3      3      1       1
    3          0      1      1      0      1      3      1       1
    4          2      2      2      3      2      2      2       2
    5          5      7      4      9      3      6      4       5
    6         37     44     41     39     35      8      3      30
    7         81     97    103    107     96     15     10      73
    8         98    100    118    110     92     20      8      78
    9         54     51     65     79     65     45     35      56
   10         47     43     63     61     56     66     38      53
   11         43     44     59     61     70     65     55      57
   12         52     39     76     69     74     79     83      67
   13         46     44     87     73     78     69     61      65
   14         52     48     91     93     79     79     85      75
   15         67     69    131    124    114     79     88      96
   16        112    120    157    161    139     79     68     119
   17        127     92    147    133     86     68     68     103
   18         86     67    130    107     70     67     62      84
   19         75     63     92     88     69     50     54      70
   20         50     40     62     68     61     50     57      55
   21         26     36     37     38     27     23     25      30
   22         16     19     33     22     20     11     17      20
   23          3      6      5     13     11      6      5       7
 
TOTALS
 
12HR 7-19    865    814   1227   1178   1019    731    661     928
16HR 6-22   1053    997   1459   1411   1211    862    800    1113
18HR 6-24   1072   1022   1497   1446   1242    879    822    1140
24HR 0-24   1082   1035   1509   1469   1256    904    838    1156
 
 
 
 
*LOCATION   : ............................................................
*SITE NUMBER: 12002632
*FILE NUMBER:        1
*INTERVAL   :   15 MIN
*BATTERY    :    6.3 V
*RESTARTS   :        0
*CONFIG     :        0
*CHANNEL    :  1 OF  1
 
             MON    TUE    WED    THU    FRI    SAT    SUN    7-DAY
DATE    08/07/28     29     30     31     01     02     03   AVERAGE
 
START HOUR
 
    0          4      6      -      -      -      -      -       -
    1          0      1      -      -      -      -      -       -
    2          1      0      -      -      -      -      -       -
    3          0      0      -      -      -      -      -       -
    4          3      3      -      -      -      -      -       -
    5          5      8      -      -      -      -      -       -
    6         49     51      -      -      -      -      -       -
    7        147    171      -      -      -      -      -       -
    8        159    168      -      -      -      -      -       -
    9         79     85      -      -      -      -      -       -
   10         71     54      -      -      -      -      -       -
   11         76     59      -      -      -      -      -       -
   12         81     66      -      -      -      -      -       -
   13         65      -      -      -      -      -      -       -
   14         72      -      -      -      -      -      -       -
   15        145      -      -      -      -      -      -       -
   16        203      -      -      -      -      -      -       -
   17        169      -      -      -      -      -      -       -
   18        119      -      -      -      -      -      -       -
   19         87      -      -      -      -      -      -       -
   20         81      -      -      -      -      -      -       -
   21         42      -      -      -      -      -      -       -
   22         25      -      -      -      -      -      -       -
   23          5      -      -      -      -      -      -       -
 
TOTALS
 
12HR 7-19   1386      -      -      -      -      -      -       -
16HR 6-22   1645      -      -      -      -      -      -       -
18HR 6-24   1675      -      -      -      -      -      -       -
24HR 0-24   1688      -      -      -      -      -      -       -
 
