 
 
 
*LOCATION   : ............................................................
*SITE NUMBER: 12102615
*FILE NUMBER:        1
*INTERVAL   :   15 MIN
*BATTERY    :    6.5 V
*RESTARTS   :        0
*CONFIG     :       12
*CHANNEL    :  1 OF  2
 
             MON    TUE    WED    THU    FRI    SAT    SUN    7-DAY
DATE    08/06/23     24     25     26     27     28     29   AVERAGE
 
START HOUR
 
    0          -      3      4      3     17      5      9       -
    1          -      3      0      5      8      4      3       -
    2          -      1      4      5      8      5      5       -
    3          -      2      3      0      2      1      7       -
    4          -      0      7      2      2      7      2       -
    5          -     19     15     20     28     13      4       -
    6          -     28    100     99     74     10      5       -
    7          -     24     86     83     66     19      3       -
    8          -     23     66     70     43     29     14       -
    9          -     27     32     63     36     32     31       -
   10         31     23     33     53     47     62     38      41
   11         63     49     52     75     50     77     22      55
   12         34     49     50     50     51     80     33      50
   13         37     39     46     94     80    111     74      69
   14         21     48     59     86     92    133    101      77
   15         49     71    108     94     65    101     98      84
   16         51     42    114    105     69    102    140      89
   17         31     58    118     90     61     90    126      82
   18         30     23     75     39     43     78     97      55
   19         15     14     80     39     47     58     88      49
   20         11     24     49     54     45     40     53      39
   21         26     23     22     30     26     33     24      26
   22         14     10     16     17     29     14      5      15
   23          4      2      4     15     15     14      6       9
 
TOTALS
 
12HR 7-19      -    476    839    902    703    914    777       -
16HR 6-22      -    565   1090   1124    895   1055    947       -
18HR 6-24      -    577   1110   1156    939   1083    958       -
24HR 0-24      -    605   1143   1191   1004   1118    988       -
 
 
 
 
*LOCATION   : ............................................................
*SITE NUMBER: 12102615
*FILE NUMBER:        1
*INTERVAL   :   15 MIN
*BATTERY    :    6.5 V
*RESTARTS   :        0
*CONFIG     :       12
*CHANNEL    :  1 OF  2
 
             MON    TUE    WED    THU    FRI    SAT    SUN    7-DAY
DATE    08/06/30     01     02     03     04     05     06   AVERAGE
 
START HOUR
 
    0          6      3     10      6      5     10      7       7
    1          5      5      4      1      6      5      6       5
    2          6      7      4      1      4      1     10       5
    3          0      1      7      3      3      5      2       3
    4          2      3      2      5      2      6      3       3
    5         27     19     29     27     19     14      3      20
    6         72     73     95     93     80     13      8      62
    7         90     92    101     70     88     22     12      68
    8         70     65     62     44     55     30     19      49
    9         66     34     71     38     56     48     41      51
   10         57     41     61     32     60     65     54      53
   11         76     22     71     36    103     72    101      69
   12         66     28     79     45    121    120     69      75
   13         87     39     91     47    101    123     81      81
   14         89     53    108     66    175    130     72      99
   15        109    110    134     73    158     99     51     105
   16        144    140    149     92    194     99     54     125
   17        140    171    144     95    140     90     64     121
   18         71    130    149     63    151     74     75     102
   19         94    145     79     68    100     55     70      87
   20         64     82     63     51     81     30     57      61
   21         26     68     29     28     48     33     63      42
   22         15     36     16     22     22     22     18      22
   23         16      6      8      8     22      9     16      12
 
TOTALS
 
12HR 7-19   1065    925   1220    701   1402    972    693     997
16HR 6-22   1321   1293   1486    941   1711   1103    891    1249
18HR 6-24   1352   1335   1510    971   1755   1134    925    1283
24HR 0-24   1398   1373   1566   1014   1794   1175    956    1325
 
 
 
 
*LOCATION   : ............................................................
*SITE NUMBER: 12102615
*FILE NUMBER:        1
*INTERVAL   :   15 MIN
*BATTERY    :    6.5 V
*RESTARTS   :        0
*CONFIG     :       12
*CHANNEL    :  1 OF  2
 
             MON    TUE    WED    THU    FRI    SAT    SUN    7-DAY
DATE    08/07/07     08     09     10     11     12     13   AVERAGE
 
START HOUR
 
    0          3      3     12      7      4     22     15       9
    1          3      4      5      3      4      8      4       4
    2          4      4      3      2      2      6     10       4
    3          6      3      1      3      3      4      0       3
    4          4      3      0      2      1      4      2       2
    5         27     23     24     16     24     15      6      19
    6         62     73     79     49     76      6      4      50
    7         88     94     92     74     67      2      9      61
    8         55     57     49     55     56     11     32      45
    9         45     51     41     26     62     22     41      41
   10         57     54     49     46     66     41     52      52
   11         93     71     82     58     76     37     96      73
   12        110     73    101     72    124     66     77      89
   13         76     88     88     58    104     83    135      90
   14         89     76     96     93     84    120    146     101
   15        151    111    121    104    134     93    148     123
   16        115    160    144    127     85    112    128     124
   17        118    144    124    144     96    107    134     124
   18        101    105     96    121    114     95    102     105
   19         87     90     87     95    108     81     93      92
   20         56     57     77     88     73     37     28      59
   21         32     50     49     64     20     28     46      41
   22         18     24     16     30     26     29     28      24
   23         12     21     12      9     22     17     13      15
 
TOTALS
 
12HR 7-19   1098   1084   1083    978   1068    789   1100    1029
16HR 6-22   1335   1354   1375   1274   1345    941   1271    1271
18HR 6-24   1365   1399   1403   1313   1393    987   1312    1310
24HR 0-24   1412   1439   1448   1346   1431   1046   1349    1353
 
 
 
 
*LOCATION   : ............................................................
*SITE NUMBER: 12102615
*FILE NUMBER:        1
*INTERVAL   :   15 MIN
*BATTERY    :    6.5 V
*RESTARTS   :        0
*CONFIG     :       12
*CHANNEL    :  1 OF  2
 
             MON    TUE    WED    THU    FRI    SAT    SUN    7-DAY
DATE    08/07/14     15     16     17     18     19     20   AVERAGE
 
START HOUR
 
    0         11      1      1      4     13      6      6       6
    1         10      0      6      2      2      8      2       4
    2          5      5      5      6      3      7      8       6
    3          3      0      1      6      1     10      4       4
    4          8      3      4      3      5      2      2       4
    5         16     12     19     19     17      5      9      14
    6         74     76     59     61     46     12      8      48
    7         83     78     53     91     70     10     13      57
    8         58     51     51     43     52     20     20      42
    9         42     27     34     51     32     42     39      38
   10         50     41     28     63     73     64     49      53
   11         83     91     45     82     82     77     85      78
   12         66     84     57     74     93    129    149      93
   13         95     85     65     71     97    157    127     100
   14         61     93     49     72    101    101    104      83
   15         79    147     66    107    100    105    109     102
   16         96    140     79    118    138    138    101     116
   17         75    123    111    107    125    121     91     108
   18         48    103     68     92     71    117     90      84
   19         37    107     81     69     72     98     40      72
   20          8     74     81     59     61     39     43      52
   21          7     60     59     40     28     33     37      38
   22         12     20     28     25     15     11     17      18
   23          4     13     10     16     12     12      5      10
 
TOTALS
 
12HR 7-19    836   1063    706    971   1034   1081    977     953
16HR 6-22    962   1380    986   1200   1241   1263   1105    1162
18HR 6-24    978   1413   1024   1241   1268   1286   1127    1191
24HR 0-24   1031   1434   1060   1281   1309   1324   1158    1228
 
 
 
 
*LOCATION   : ............................................................
*SITE NUMBER: 12102615
*FILE NUMBER:        1
*INTERVAL   :   15 MIN
*BATTERY    :    6.5 V
*RESTARTS   :        0
*CONFIG     :       12
*CHANNEL    :  1 OF  2
 
             MON    TUE    WED    THU    FRI    SAT    SUN    7-DAY
DATE    08/07/21     22     23     24     25     26     27   AVERAGE
 
START HOUR
 
    0          2      4      1     16      4     17     12       8
    1          3      0      1      3      6      6      2       3
    2          2      1      4      6      5      9      4       4
    3          0      3      2      2      2      6      4       3
    4          5      4      2      3      4      0      5       3
    5         15     15     20     22     18     12      2      15
    6         52     53     67     87     58      9      9      48
    7         55     75     82     94     72     20     12      59
    8         34     49     58     62     64     29     22      45
    9         45     23     53     50     51     55     48      46
   10         37     42     63     77     79     87     89      68
   11         71     64    120     96    102    143    105     100
   12        100     65    127    119    149    152    180     127
   13         96     69    130    136    138    150    184     129
   14         75     67    132    134    151    195    195     136
   15         95     83    154    155    159    184    206     148
   16        110     77    174    211    186    102    189     150
   17        130     95    159    139    151    121    170     138
   18        107     70    166    133    123    137    129     124
   19         90     68    126    120     98     91    119     102
   20         93     53     99    116     75     73     76      84
   21         66     43     66     76     42     54     69      59
   22         15     14     37     33     24     32     22      25
   23          6      9     14     11     16     22     10      13
 
TOTALS
 
12HR 7-19    955    779   1418   1406   1425   1375   1529    1270
16HR 6-22   1256    996   1776   1805   1698   1602   1802    1562
18HR 6-24   1277   1019   1827   1849   1738   1656   1834    1600
24HR 0-24   1304   1046   1857   1901   1777   1706   1863    1636
 
 
 
 
*LOCATION   : ............................................................
*SITE NUMBER: 12102615
*FILE NUMBER:        1
*INTERVAL   :   15 MIN
*BATTERY    :    6.5 V
*RESTARTS   :        0
*CONFIG     :       12
*CHANNEL    :  1 OF  2
 
             MON    TUE    WED    THU    FRI    SAT    SUN    7-DAY
DATE    08/07/28     29     30     31     01     02     03   AVERAGE
 
START HOUR
 
    0          3      8     11      -      -      -      -       -
    1          8      5      1      -      -      -      -       -
    2          2      2      3      -      -      -      -       -
    3          8      1      2      -      -      -      -       -
    4          8      3      0      -      -      -      -       -
    5         33     23     32      -      -      -      -       -
    6         68    105     96      -      -      -      -       -
    7         97    103    108      -      -      -      -       -
    8         82     85     89      -      -      -      -       -
    9         62     45     64      -      -      -      -       -
   10         51     57      -      -      -      -      -       -
   11         85    108      -      -      -      -      -       -
   12        116    133      -      -      -      -      -       -
   13        123     87      -      -      -      -      -       -
   14        123    130      -      -      -      -      -       -
   15        163    172      -      -      -      -      -       -
   16        178    190      -      -      -      -      -       -
   17        185    153      -      -      -      -      -       -
   18        148    169      -      -      -      -      -       -
   19        143    164      -      -      -      -      -       -
   20         84    110      -      -      -      -      -       -
   21         59     76      -      -      -      -      -       -
   22         28     34      -      -      -      -      -       -
   23          9     10      -      -      -      -      -       -
 
TOTALS
 
12HR 7-19   1413   1432      -      -      -      -      -       -
16HR 6-22   1767   1887      -      -      -      -      -       -
18HR 6-24   1804   1931      -      -      -      -      -       -
24HR 0-24   1866   1973      -      -      -      -      -       -
 
 
 
 
*LOCATION   : ............................................................
*SITE NUMBER: 12102615
*FILE NUMBER:        1
*INTERVAL   :   15 MIN
*BATTERY    :    6.5 V
*RESTARTS   :        0
*CONFIG     :       12
*CHANNEL    :  2 OF  2
 
             MON    TUE    WED    THU    FRI    SAT    SUN    7-DAY
DATE    08/06/23     24     25     26     27     28     29   AVERAGE
 
START HOUR
 
    0          -     10      4     10     10     10     10       -
    1          -      2      9      5      2      5      8       -
    2          -      0      6      4      7     16      3       -
    3          -      0      5      3      5      0      1       -
    4          -      7      2      8     10      2      4       -
    5          -     24     31     26     24      1      0       -
    6          -     28     57     62     44     11     11       -
    7          -     28     98     68     59     25     12       -
    8          -     27     43     50     44     27      4       -
    9          -     14     41     54     39     48     32       -
   10         34     36     50     49     48     56     37      44
   11         62     39     83     76     50     78     55      63
   12         31     58     69     72     65    120     41      65
   13         28     33     71     90     73    131     84      73
   14         25     70     65     55    104    132    136      84
   15         51     79    120    115    108    118     88      97
   16         49     47    138     71     97    107    111      89
   17         33     39     56     57     97     77    131      70
   18         36     21     89     38     56     66    129      62
   19         29     37     90     47     39     95    103      63
   20         41     46     56     40     63     79     58      55
   21         25     48     41     47     45     45     28      40
   22         11     10     21     20     31     19      8      17
   23          5     10     20     10      7     21      5      11
 
TOTALS
 
12HR 7-19      -    491    923    795    840    985    860       -
16HR 6-22      -    650   1167    991   1031   1215   1060       -
18HR 6-24      -    670   1208   1021   1069   1255   1073       -
24HR 0-24      -    713   1265   1077   1127   1289   1099       -
 
 
 
 
*LOCATION   : ............................................................
*SITE NUMBER: 12102615
*FILE NUMBER:        1
*INTERVAL   :   15 MIN
*BATTERY    :    6.5 V
*RESTARTS   :        0
*CONFIG     :       12
*CHANNEL    :  2 OF  2
 
             MON    TUE    WED    THU    FRI    SAT    SUN    7-DAY
DATE    08/06/30     01     02     03     04     05     06   AVERAGE
 
START HOUR
 
    0          2      8      4      3      8     10      9       6
    1          8      1      7      3      5     11      4       6
    2          3      0      1      2      2      3      9       3
    3          6      1      3      0      2      6      0       3
    4          2      3      2      3      0      6      2       3
    5         31     30     35     23     38      8      3      24
    6         64     52     76     62     69     16     10      50
    7         77     93     93     77    102     12     19      68
    8         70     60     73     78     57     20     10      53
    9         81     39     75     54     50     68     32      57
   10         61     41     63     43     58     82     78      61
   11        126     35    106     67    128     98    112      96
   12        112     34     99     59    150    122     77      93
   13         86     54     98     47    138    150     83      94
   14        111     60    159     59    141     93     65      98
   15        143    134    138    105    187    101     60     124
   16        197    145    166    139    151     90     62     136
   17        172    138    164    111    166     97     99     135
   18        112    139    153     91     91     58     64     101
   19         93    128     93     80    142     82     59      97
   20         97    135     74     69     75     35     75      80
   21         61     93     61     47     75     31     49      60
   22         14     27     18     18     20     15     22      19
   23          5      4     10      5     29     17      5      11
 
TOTALS
 
12HR 7-19   1348    972   1387    930   1419    991    761    1115
16HR 6-22   1663   1380   1691   1188   1780   1155    954    1402
18HR 6-24   1682   1411   1719   1211   1829   1187    981    1431
24HR 0-24   1734   1454   1771   1245   1884   1231   1008    1475
 
 
 
 
*LOCATION   : ............................................................
*SITE NUMBER: 12102615
*FILE NUMBER:        1
*INTERVAL   :   15 MIN
*BATTERY    :    6.5 V
*RESTARTS   :        0
*CONFIG     :       12
*CHANNEL    :  2 OF  2
 
             MON    TUE    WED    THU    FRI    SAT    SUN    7-DAY
DATE    08/07/07     08     09     10     11     12     13   AVERAGE
 
START HOUR
 
    0          6      7     11      3      7     12      9       8
    1          2      4      0      1      1      1      9       3
    2          1      2      3      3      8      4      3       3
    3          0      2      1      2      4      5      2       2
    4          1      6      6      0      4      3      2       3
    5         26     24     26     17     23      3      4      18
    6         63     61     67     53     66      6     20      48
    7         74     60     61     68     70     16     18      52
    8         62     49     63     45     57     11     35      46
    9         55     34     50     21     62     19     40      40
   10         68     60     69     39     87     29     41      56
   11        118     84    123     67     93     36     91      87
   12         52    101    108     89    122     64     71      87
   13         82     86    104    107    103     57    141      97
   14         88     99    136    100    126    106    137     113
   15        135    108    157    110    131     88    127     122
   16        140    125    140    112    125     88    126     122
   17        143    123    126    144    114     84     95     118
   18        120    113     93    168    111     97    123     118
   19        123    119    131    133    111     64     94     111
   20        109    117    131     84     64     51     48      86
   21         63     64     55     51     32     38     49      50
   22         16     16     16     24     19     17     30      20
   23          5     14      5     16     19     17     12      13
 
TOTALS
 
12HR 7-19   1137   1042   1230   1070   1201    695   1045    1060
16HR 6-22   1495   1403   1614   1391   1474    854   1256    1355
18HR 6-24   1516   1433   1635   1431   1512    888   1298    1388
24HR 0-24   1552   1478   1682   1457   1559    916   1327    1424
 
 
 
 
*LOCATION   : ............................................................
*SITE NUMBER: 12102615
*FILE NUMBER:        1
*INTERVAL   :   15 MIN
*BATTERY    :    6.5 V
*RESTARTS   :        0
*CONFIG     :       12
*CHANNEL    :  2 OF  2
 
             MON    TUE    WED    THU    FRI    SAT    SUN    7-DAY
DATE    08/07/14     15     16     17     18     19     20   AVERAGE
 
START HOUR
 
    0          9      0     10      1      4      9     14       7
    1          6      6      4      2      2      7     16       6
    2          8      0      3      3      4      7     11       5
    3          5      0      2      3      4      5     10       4
    4          4      0      3      1      3      3      3       2
    5         30     16     21     23     17      7      4      17
    6         69     66     45     69     56     15     15      48
    7         80     61     57     53     63     17     14      49
    8         73     49     43     46     43     22     20      42
    9         47     20     48     70     45     50     22      43
   10         55     45     42     49     57     56     50      51
   11        118     87     61     67     90     96    110      90
   12         92     95     49     65    113    134    103      93
   13         72    108     62     66    108    153    131     100
   14         77    114     71     74    130    139    124     104
   15        102    160     91    112    172    123     87     121
   16        105    154    104    116    121    116    116     119
   17        117    149    122    136    136     80    127     124
   18         83    154    105    155     91    102     90     111
   19         40    136    128    112     79     84     42      89
   20         28    107     77    105     58     43     75      70
   21         36     71     69     58     48     53     43      54
   22         23     30     29     37     23     35     15      27
   23          4     14      9     18     13     29      7      13
 
TOTALS
 
12HR 7-19   1021   1196    855   1009   1169   1088    994    1047
16HR 6-22   1194   1576   1174   1353   1410   1283   1169    1308
18HR 6-24   1221   1620   1212   1408   1446   1347   1191    1349
24HR 0-24   1283   1642   1255   1441   1480   1385   1249    1391
 
 
 
 
*LOCATION   : ............................................................
*SITE NUMBER: 12102615
*FILE NUMBER:        1
*INTERVAL   :   15 MIN
*BATTERY    :    6.5 V
*RESTARTS   :        0
*CONFIG     :       12
*CHANNEL    :  2 OF  2
 
             MON    TUE    WED    THU    FRI    SAT    SUN    7-DAY
DATE    08/07/21     22     23     24     25     26     27   AVERAGE
 
START HOUR
 
    0          2     19      7     12      6     21     19      12
    1          7     10      3      2      5     13      7       7
    2          4     12      0      3      7      6     18       7
    3          4      4      4      7      5      6      2       5
    4          6      0      6      1      3      1      1       3
    5         16     14     20     15     24      5      2      14
    6         55     49     86     85     58     12     10      51
    7         46     63     76     84     50     21     30      53
    8         27     57     63     60     46     39     33      46
    9         26     45     64     67     65     72     66      58
   10         39     46     79     89     74     92    127      78
   11         98     48    120    146    125    149    132     117
   12         87     84    166    119    123    179    203     137
   13         87     76    148    112    176    163    219     140
   14        100     62    145    135    200    143    233     145
   15        115     86    207    185    150    181    207     162
   16        110     93    141    176    158    140    167     141
   17        179     65    175    173    107    134    125     137
   18        130     87    167    157    149    127    178     142
   19        195     50    154    144    128     94    119     126
   20         98     73    142    107     88     63     76      92
   21         75     57     72     66     59     46     65      63
   22         35     23     49     45     30     16     43      34
   23         17     10     20     13     24     18     15      17
 
TOTALS
 
12HR 7-19   1044    812   1551   1503   1423   1440   1720    1356
16HR 6-22   1467   1041   2005   1905   1756   1655   1990    1688
18HR 6-24   1519   1074   2074   1963   1810   1689   2048    1740
24HR 0-24   1558   1133   2114   2003   1860   1741   2097    1787
 
 
 
 
*LOCATION   : ............................................................
*SITE NUMBER: 12102615
*FILE NUMBER:        1
*INTERVAL   :   15 MIN
*BATTERY    :    6.5 V
*RESTARTS   :        0
*CONFIG     :       12
*CHANNEL    :  2 OF  2
 
             MON    TUE    WED    THU    FRI    SAT    SUN    7-DAY
DATE    08/07/28     29     30     31     01     02     03   AVERAGE
 
START HOUR
 
    0          5     11      3      -      -      -      -       -
    1          5      1      6      -      -      -      -       -
    2          3      8      6      -      -      -      -       -
    3          3      0      5      -      -      -      -       -
    4          1      7      0      -      -      -      -       -
    5         22     30     27      -      -      -      -       -
    6         75     77     79      -      -      -      -       -
    7        105    101     89      -      -      -      -       -
    8         71     69     74      -      -      -      -       -
    9         86     56     85      -      -      -      -       -
   10         83     68      -      -      -      -      -       -
   11        108     92      -      -      -      -      -       -
   12         78    124      -      -      -      -      -       -
   13        131    172      -      -      -      -      -       -
   14        116    139      -      -      -      -      -       -
   15        147    167      -      -      -      -      -       -
   16        209    217      -      -      -      -      -       -
   17        173    205      -      -      -      -      -       -
   18        169    191      -      -      -      -      -       -
   19        190    144      -      -      -      -      -       -
   20         90     96      -      -      -      -      -       -
   21         77     83      -      -      -      -      -       -
   22         38     33      -      -      -      -      -       -
   23         10     14      -      -      -      -      -       -
 
TOTALS
 
12HR 7-19   1476   1601      -      -      -      -      -       -
16HR 6-22   1908   2001      -      -      -      -      -       -
18HR 6-24   1956   2048      -      -      -      -      -       -
24HR 0-24   1995   2105      -      -      -      -      -       -
 
