 
 
 
*LOCATION   : ............................................................
*SITE NUMBER: 11203213
*FILE NUMBER:        7
*INTERVAL   :   15 MIN
*BATTERY    :    6.4 V
*RESTARTS   :        0
*CONFIG     :        0
*CHANNEL    :  1 OF  1
 
             TUE    WED    THU    FRI    SAT    SUN    MON    7-DAY
DATE    09/08/04     05     06     07     08     09     10   AVERAGE
 
START HOUR
 
    0          -      4      9      7      8      2      4       -
    1          -      0      2      5      4      1      1       -
    2          -      1      0      0      1      1      3       -
    3          -      1      1      0      2      1      0       -
    4          -      3      6      5      4      0      5       -
    5          -     14     14     11      0      2     15       -
    6          -     82     79     58     11      8    108       -
    7          -    119    111     87      8      5    145       -
    8          -     87     89     92     20     18    119       -
    9          -     62     69     55     36     56     69       -
   10         56     51     55     58    102     90     73      69
   11         65     77     85     83    126    153     84      96
   12         72     97    108    101    171    184     87     117
   13         73     84    110    117    161    225    104     125
   14         83     99    122    125    160    155    115     123
   15        135    153    144    136    163    181    185     157
   16        174    184    196    114    154    165    248     176
   17        153    177    169     72    141    196    209     160
   18        130     81    143     84    112    153    176     126
   19        106     82    124     70     81    113    182     108
   20        108     63     80     51     51     86    118      80
   21         52     46     46     34     41     40     64      46
   22         23     27     30     27     10     16     16      21
   23          6     12      8      9      6      4      7       7
 
TOTALS
 
12HR 7-19      -   1271   1401   1124   1354   1581   1614       -
16HR 6-22      -   1544   1730   1337   1538   1828   2086       -
18HR 6-24      -   1583   1768   1373   1554   1848   2109       -
24HR 0-24      -   1606   1800   1401   1573   1855   2137       -
 
 
 
 
*LOCATION   : ............................................................
*SITE NUMBER: 11203213
*FILE NUMBER:        7
*INTERVAL   :   15 MIN
*BATTERY    :    6.4 V
*RESTARTS   :        0
*CONFIG     :        0
*CHANNEL    :  1 OF  1
 
             TUE    WED    THU    FRI    SAT    SUN    MON    7-DAY
DATE    09/08/11     12     13     14     15     16     17   AVERAGE
 
START HOUR
 
    0          2      5      3      1      5      2      6       3
    1          6      4      4      1      2      6      0       3
    2          2      0      0      1      2      1      0       1
    3          0      1      1      0      4      0      2       1
    4          5      4      4      6      0      0      1       3
    5         22     16     17     14      4      2     11      12
    6        106     33     73     60      9      7     77      52
    7        152     59    136    109     12      6    112      84
    8        121     37     89     85     23      4    129      70
    9         61     19     59     48     41      2     46      39
   10         49     11     52     50     89     10     42      43
   11         43     18     57     61    102     22     40      49
   12         61     25     70     72     83     25     49      55
   13         69     25     76     55    116     27     34      57
   14         98     27     96     83    108     56     33      72
   15        155     50    138    136    101     60     93     105
   16        205     71    181    113     68     72    143     122
   17        195     53    115     81    109     74    126     108
   18        177     48    111     40     95     85    114      96
   19        159     67     85     56     65     51     67      79
   20        111     64     71     44     55     51     68      66
   21         68     39     41     31     45     31     32      41
   22         19     13     15     10     10      7     11      12
   23         12      4      9      4      9      3      5       7
 
TOTALS
 
12HR 7-19   1386    443   1180    933    947    443    961     899
16HR 6-22   1830    646   1450   1124   1121    583   1205    1137
18HR 6-24   1861    663   1474   1138   1140    593   1221    1156
24HR 0-24   1898    693   1503   1161   1157    604   1241    1180
 
 
 
 
*LOCATION   : ............................................................
*SITE NUMBER: 11203213
*FILE NUMBER:        7
*INTERVAL   :   15 MIN
*BATTERY    :    6.4 V
*RESTARTS   :        0
*CONFIG     :        0
*CHANNEL    :  1 OF  1
 
             TUE    WED    THU    FRI    SAT    SUN    MON    7-DAY
DATE    09/08/18     19     20     21     22     23     24   AVERAGE
 
START HOUR
 
    0          2      4      5      4      4     13      1       5
    1          2      3      2      0      2     14      0       3
    2          2      1      0      0      0      1      0       1
    3          0      0      2      2      2      5      0       2
    4          1      0      1      1      0      1      5       1
    5         13     20     23     20      4      2     13      14
    6         42     82     77     73      5      6     85      53
    7         58    150    136    109      4      5    157      88
    8         58    107     99     96     15     10    122      72
    9         31     70     46     48     36     36     55      46
   10         21     51     57     36     61     47     31      43
   11         12     39     44     48     94     94     38      53
   12         17     55     70     54    104     80     61      63
   13         24     54     66     59    119     84     73      68
   14         36     90    106    109    101     78     87      87
   15         71    139    159    154    115    113    146     128
   16         87    205    187    145    101     78    195     143
   17         67    134    141     78     99    123    164     115
   18         60    145    124     69     79     61    123      94
   19         45     83     92     50     81     74    114      77
   20         43     83     53     33     49     50     74      55
   21         28     38     35     18     31     23     35      30
   22         12     12     10     11     14      5      9      10
   23          5      6      5      9      8      3      3       6
 
TOTALS
 
12HR 7-19    542   1239   1235   1005    928    809   1252    1001
16HR 6-22    700   1525   1492   1179   1094    962   1560    1216
18HR 6-24    717   1543   1507   1199   1116    970   1572    1232
24HR 0-24    737   1571   1540   1226   1128   1006   1591    1257
 
 
 
 
*LOCATION   : ............................................................
*SITE NUMBER: 11203213
*FILE NUMBER:        7
*INTERVAL   :   15 MIN
*BATTERY    :    6.4 V
*RESTARTS   :        0
*CONFIG     :        0
*CHANNEL    :  1 OF  1
 
             TUE    WED    THU    FRI    SAT    SUN    MON    7-DAY
DATE    09/08/25     26     27     28     29     30     31   AVERAGE
 
START HOUR
 
    0          1      0      1      2      6      3      1       2
    1          1      1      0      2      0      1      0       1
    2          0      2      1      0      7      1      1       2
    3          1      1      1      1      1      0      1       1
    4          3      1      2      2      0      0      0       1
    5         17     17     13     16      1      2     11      11
    6         99     85     73     72     10      5     65      58
    7        152    138    138    115     14      6    136     100
    8        128     99     78     79     25      5    104      74
    9         49     43     40     52     49     28     39      43
   10         49     30     42     52     56     58     24      44
   11         51     59     36     36     75     88     37      55
   12         50     56     39     47    123     99     32      64
   13         57     52     21     53     89    110      -       -
   14         76     67     52     95     87     99      -       -
   15        126    118     85    144     70    104      -       -
   16        173    191    121    112     70     80      -       -
   17        130    126     78    114     57     75      -       -
   18        116     95     50     95     39    107      -       -
   19         96     44     41     63     28     51      -       -
   20         71     38     39     38     36     46      -       -
   21         30     17     18     24     20     26      -       -
   22          8      6      5     12      5      6      -       -
   23          9      1      6      0      7      1      -       -
 
TOTALS
 
12HR 7-19   1157   1074    780    994    754    859      -       -
16HR 6-22   1453   1258    951   1191    848    987      -       -
18HR 6-24   1470   1265    962   1203    860    994      -       -
24HR 0-24   1493   1287    980   1226    875   1001      -       -
 
