 
 
 
*LOCATION   : ............................................................
*SITE NUMBER: 12003220
*FILE NUMBER:        2
*INTERVAL   :   15 MIN
*BATTERY    :    6.3 V
*RESTARTS   :        0
*CONFIG     :        0
*CHANNEL    :  1 OF  1
 
             MON    TUE    WED    THU    FRI    SAT    SUN    7-DAY
DATE    09/08/03     04     05     06     07     08     09   AVERAGE
 
START HOUR
 
    0          -      5      2      3     26      5      4       -
    1          -      0      1      3     15      9      3       -
    2          -      2      3      1      7      2      2       -
    3          -      0      0      2      5      1      6       -
    4          -      3      2      2      3      4      1       -
    5          -     10     11      7     10      3      2       -
    6          -     47     46     45     41     13      7       -
    7          -    178    165    159    128      9      7       -
    8          -    214    195    196    146     20     16       -
    9          -     83     75     92     89     38     31       -
   10         51     76     77     84     50     56     51      64
   11         47     47     69     65     61     72     77      63
   12         67     64     58     67     92     83     92      75
   13         75     65     84     73     74     76    110      80
   14         73     80     81    121     81     87    101      89
   15        138    145    145    157    126     75     58     121
   16        205    213    213    190    132     64     80     157
   17        141    162    182    171     94     65     98     130
   18        103    124    105    128     64     66     67      94
   19         86     83     92    100     35     40     53      70
   20         74     74     63     66     27     45     60      58
   21         42     31     45     47     33     20     28      35
   22         17     15     18     30     11     17     19      18
   23          5      3      8     11      6      4      3       6
 
TOTALS
 
12HR 7-19      -   1451   1449   1503   1137    711    788       -
16HR 6-22      -   1686   1695   1761   1273    829    936       -
18HR 6-24      -   1704   1721   1802   1290    850    958       -
24HR 0-24      -   1724   1740   1820   1356    874    976       -
 
 
 
 
*LOCATION   : ............................................................
*SITE NUMBER: 12003220
*FILE NUMBER:        2
*INTERVAL   :   15 MIN
*BATTERY    :    6.3 V
*RESTARTS   :        0
*CONFIG     :        0
*CHANNEL    :  1 OF  1
 
             MON    TUE    WED    THU    FRI    SAT    SUN    7-DAY
DATE    09/08/10     11     12     13     14     15     16   AVERAGE
 
START HOUR
 
    0          4      2      6      2      9      7      3       5
    1          5      3      0      3      6      4      4       4
    2          0      1      2      0      3      0      4       1
    3          1      1      0      1      1      2      2       1
    4          4      2      4      3      2      2      2       3
    5         11      9      3      8      5      2      1       6
    6         54     61     35     49     38     10      3      36
    7        204    214     68    144    146     10      6     113
    8        246    242     84    208    138     22      3     135
    9        101    113     32     93     79     43      1      66
   10         69     63     21     55     49     53      8      45
   11         81     50     22     59     62     65     15      51
   12         68     54     20     63     64     80     10      51
   13         56     57     23     60     62     83     28      53
   14         94     97     29     80     99     96     29      75
   15        182    121     56    109    119     77     44     101
   16        256    232     82    190    177     60     35     147
   17        201    211     78    161     90     77     41     123
   18        143    163     50    116     52     78     38      91
   19        151    119     39     83     45     77     36      79
   20         86     94     28     75     34     45     33      56
   21         43     48     21     37     15     27     25      31
   22         21     17     12     16     21     15     11      16
   23          7     12      4     10      7      3      4       7
 
TOTALS
 
12HR 7-19   1701   1617    565   1338   1137    744    258    1051
16HR 6-22   2035   1939    688   1582   1269    903    355    1253
18HR 6-24   2063   1968    704   1608   1297    921    370    1276
24HR 0-24   2088   1986    719   1625   1323    938    386    1295
 
 
 
 
*LOCATION   : ............................................................
*SITE NUMBER: 12003220
*FILE NUMBER:        2
*INTERVAL   :   15 MIN
*BATTERY    :    6.3 V
*RESTARTS   :        0
*CONFIG     :        0
*CHANNEL    :  1 OF  1
 
             MON    TUE    WED    THU    FRI    SAT    SUN    7-DAY
DATE    09/08/17     18     19     20     21     22     23   AVERAGE
 
START HOUR
 
    0          4      1      0      1      7      6      5       3
    1          0      0      0      1      3     11      3       3
    2          0      0      0      1      1      5      5       2
    3          0      0      0      0      1      5      3       1
    4          3      2      3      0      2      1      5       2
    5          8      5      9      6      5      3      2       5
    6         40     31     57     56     46      7      5      35
    7        164     82    203    191    150     11      7     115
    8        213    128    239    212    176     26     10     143
    9         92     56     98    110    124     33     24      77
   10         47     22     52     61     53     41     39      45
   11         35     13     61     56     42     76     61      49
   12         38     24     45     50     91     76     51      54
   13         25     33     51     62     60    115     55      57
   14         28     40     75     79    110     61     93      69
   15         96     81    134    124    126     73     72     101
   16        176    100    218    224    152     85     56     144
   17        159    106    202    162    111     42     42     118
   18        115     72    159    123     99     58     63      98
   19        105     56    109     73     66     45     53      72
   20         53     44     78     69     51     31     39      52
   21         30     26     54     38     17     15     46      32
   22          8      5     18      9     18      8     12      11
   23          3      4      8      4     17      6      1       6
 
TOTALS
 
12HR 7-19   1188    757   1537   1454   1294    697    573    1071
16HR 6-22   1416    914   1835   1690   1474    795    716    1263
18HR 6-24   1427    923   1861   1703   1509    809    729    1280
24HR 0-24   1442    931   1873   1712   1528    840    752    1297
 
 
 
 
*LOCATION   : ............................................................
*SITE NUMBER: 12003220
*FILE NUMBER:        2
*INTERVAL   :   15 MIN
*BATTERY    :    6.3 V
*RESTARTS   :        0
*CONFIG     :        0
*CHANNEL    :  1 OF  1
 
             MON    TUE    WED    THU    FRI    SAT    SUN    7-DAY
DATE    09/08/24     25     26     27     28     29     30   AVERAGE
 
START HOUR
 
    0          3      2      0      1      2      5      3       2
    1          0      0      2      2      1      2      2       1
    2          0      0      1      2      2      1      3       1
    3          0      0      0      2      1      3      3       1
    4          1      1      1      2      2      1      0       1
    5          5      8      8     10      3      0      1       5
    6         49     64     44     49     44     10      1      37
    7        197    197    189    181    167     11     14     137
    8        241    241    196    180    180     23      9     153
    9        103    112     94     93     67     18     16      72
   10         48     67     54     35     49     49     34      48
   11         39     56     63     39     51     62     60      53
   12         51     83     60     48     50     80     49      60
   13         50     70     54     39     55     58     68      56
   14         66     84     76     59     77     54     71      70
   15        149    124    126    111    135     50     59     108
   16        220    206    203    150    151     60     57     150
   17        200    189    195    104    115     55     65     132
   18        132    123    105     81     85     25     48      86
   19        111    101     77     60     51     53     56      73
   20         89     86     46     49     44     27     37      54
   21         29     28     33     19     19      9     19      22
   22          8     19     17     13      9      4      8      11
   23          2      7      8      7      1      4      5       5
 
TOTALS
 
12HR 7-19   1496   1552   1415   1120   1182    545    550    1123
16HR 6-22   1774   1831   1615   1297   1340    644    663    1309
18HR 6-24   1784   1857   1640   1317   1350    652    676    1325
24HR 0-24   1793   1868   1652   1336   1361    664    688    1337
 
 
 
 
*LOCATION   : ............................................................
*SITE NUMBER: 12003220
*FILE NUMBER:        2
*INTERVAL   :   15 MIN
*BATTERY    :    6.3 V
*RESTARTS   :        0
*CONFIG     :        0
*CHANNEL    :  1 OF  1
 
             MON    TUE    WED    THU    FRI    SAT    SUN    7-DAY
DATE    09/08/31     01     02     03     04     05     06   AVERAGE
 
START HOUR
 
    0          1      3      -      -      -      -      -       -
    1          1      4      -      -      -      -      -       -
    2          0      0      -      -      -      -      -       -
    3          0      0      -      -      -      -      -       -
    4          1      1      -      -      -      -      -       -
    5          9      5      -      -      -      -      -       -
    6         60     64      -      -      -      -      -       -
    7        185    195      -      -      -      -      -       -
    8        209    195      -      -      -      -      -       -
    9         93     83      -      -      -      -      -       -
   10         25     38      -      -      -      -      -       -
   11         38     25      -      -      -      -      -       -
   12         60     33      -      -      -      -      -       -
   13         42      -      -      -      -      -      -       -
   14         53      -      -      -      -      -      -       -
   15        117      -      -      -      -      -      -       -
   16        174      -      -      -      -      -      -       -
   17        145      -      -      -      -      -      -       -
   18        120      -      -      -      -      -      -       -
   19         76      -      -      -      -      -      -       -
   20         53      -      -      -      -      -      -       -
   21         26      -      -      -      -      -      -       -
   22         10      -      -      -      -      -      -       -
   23          4      -      -      -      -      -      -       -
 
TOTALS
 
12HR 7-19   1261      -      -      -      -      -      -       -
16HR 6-22   1476      -      -      -      -      -      -       -
18HR 6-24   1490      -      -      -      -      -      -       -
24HR 0-24   1502      -      -      -      -      -      -       -
 
