 
 
 
*LOCATION   : ............................................................
*SITE NUMBER: 10704506
*FILE NUMBER:        2
*INTERVAL   :   15 MIN
*BATTERY    :    6.4 V
*RESTARTS   :        0
*CONFIG     :        0
*CHANNEL    :  1 OF  1
 
             TUE    WED    THU    FRI    SAT    SUN    MON    7-DAY
DATE    08/11/04     05     06     07     08     09     10   AVERAGE
 
START HOUR
 
    0          -      3      5      3      7      6      3       -
    1          -      2      3      5      5      2      0       -
    2          -      1      3      0      2      6      1       -
    3          -      0      2      0      2      6      0       -
    4          -      3      1      1      5      4      0       -
    5          -      8      7      8      2      2      8       -
    6          -     27     28     28      3      3     33       -
    7          -     97     78     73      6      5     65       -
    8          -    129    107     96     14      5    139       -
    9          -     74     71     77     26     11     80       -
   10          -     48     41     35     29     12     47       -
   11          -     47     38     36     18     15     40       -
   12          -     43     46     40     26     27     43       -
   13          -     53     47     33     31     31     42       -
   14         45     57     40     54     36     20     64      45
   15        104     91     97    104     19     15     87      74
   16        120    143    107    102     26     14    124      91
   17        111     91     77     70     20     18     96      69
   18         69     72     62     44     19     15     55      48
   19         57     43     30     21     14      6     23      28
   20         35     31     23     21      4      8     22      21
   21         22     20     12     11      4      7     14      13
   22         12     10     12     11      4      5     11       9
   23          2      5      4      6      5      5      4       4
 
TOTALS
 
12HR 7-19      -    945    811    764    270    188    882       -
16HR 6-22      -   1066    904    845    295    212    974       -
18HR 6-24      -   1081    920    862    304    222    989       -
24HR 0-24      -   1098    941    879    327    248   1001       -
 
 
 
 
*LOCATION   : ............................................................
*SITE NUMBER: 10704506
*FILE NUMBER:        2
*INTERVAL   :   15 MIN
*BATTERY    :    6.4 V
*RESTARTS   :        0
*CONFIG     :        0
*CHANNEL    :  1 OF  1
 
             TUE    WED    THU    FRI    SAT    SUN    MON    7-DAY
DATE    08/11/11     12     13     14     15     16     17   AVERAGE
 
START HOUR
 
    0          2      0      5      5      9      3      0       3
    1          3      3      1      3      3      4      3       3
    2          2      1      1      0      2      4      1       2
    3          0      2      1      0      2      0      1       1
    4          1      0      1      0      0      4      1       1
    5          5      7      4      5      4      1      4       4
    6         21     28     28     26     10      7     25      21
    7         55     67     71     70      1      4     64      47
    8         71    111     98    105     15      5    102      72
    9         31     53     63     59     21     10     67      43
   10         26     49     24     34     31     14     30      30
   11         15     38     22     37     22     26     36      28
   12         13     35     29     35     23     25     33      28
   13         11     49     29     33     37     31     35      32
   14         14     43     42     49     26     19     37      33
   15         49     72     58     68     23     15     73      51
   16         55    115    105     91     21      9     97      70
   17         51     88     59     54     13     20     83      53
   18         44     75     50     56     18     18     61      46
   19         26     35     30     26     15      9     26      24
   20         11     33     27     16      9     10     20      18
   21          9     16     15      8      5      6     16      11
   22         10     11      6     13      8      3     17      10
   23          5      4      6      3      8      4      4       5
 
TOTALS
 
12HR 7-19    435    795    650    691    251    196    718     534
16HR 6-22    502    907    750    767    290    228    805     607
18HR 6-24    517    922    762    783    306    235    826     622
24HR 0-24    530    935    775    796    326    251    836     636
 
 
 
 
*LOCATION   : ............................................................
*SITE NUMBER: 10704506
*FILE NUMBER:        2
*INTERVAL   :   15 MIN
*BATTERY    :    6.4 V
*RESTARTS   :        0
*CONFIG     :        0
*CHANNEL    :  1 OF  1
 
             TUE    WED    THU    FRI    SAT    SUN    MON    7-DAY
DATE    08/11/18     19     20     21     22     23     24   AVERAGE
 
START HOUR
 
    0          2      1      1      0      0      2      1       1
    1          4      1      1      2      1      1      1       2
    2          2      1      3      0      0      1      0       1
    3          0      0      3      0      1      0      0       1
    4          1      0      1      2      0      2      0       1
    5          2      5      3      4      2      0      2       3
    6         24     21     27     13      2      2      4      13
    7         56     53     53     38      2      2      4      30
    8         94     88     80     66     10      0     16      51
    9         53     58     53     30     13      0     16      32
   10         40     34     33     29     13      6     10      24
   11         31     28     23     18      8      9      5      17
   12         24     22     32     37     26      8      7      22
   13         18     35     19     30     17      9      9      20
   14         37     50     36     24     15     11     10      26
   15         53     70     45     53     23      5     14      38
   16         75     96     69     75     16      4     19      51
   17         57     61     51     43      9      4     15      34
   18         38     36     32     23      6      2     13      21
   19         29     33     24     17     12      6     13      19
   20         13     15     15      7      7      1      4       9
   21          7     21      8      7      2      1      4       7
   22          5      5      0      7     12      3      4       5
   23          0      5      2      4      2      1      3       2
 
TOTALS
 
12HR 7-19    576    631    526    466    158     60    138     365
16HR 6-22    649    721    600    510    181     70    163     413
18HR 6-24    654    731    602    521    195     74    170     421
24HR 0-24    665    739    614    529    199     80    174     429
 
 
 
 
*LOCATION   : ............................................................
*SITE NUMBER: 10704506
*FILE NUMBER:        2
*INTERVAL   :   15 MIN
*BATTERY    :    6.4 V
*RESTARTS   :        0
*CONFIG     :        0
*CHANNEL    :  1 OF  1
 
             TUE    WED    THU    FRI    SAT    SUN    MON    7-DAY
DATE    08/11/25     26     27     28     29     30     01   AVERAGE
 
START HOUR
 
    0          1      1      2      1      6      3      2       2
    1          2      0      0      1      4      1      1       1
    2          0      0      0      0      2      1      0       0
    3          1      0      0      0      0      4      0       1
    4          0      0      1      0      2      1      1       1
    5          4      2      3      4      3      1      4       3
    6          6      8      9      7      1      2     21       8
    7         24     22     19     13      1      2     40      17
    8         26     31     30     25      5      2     58      25
    9         17     23     14     22     10      5     29      17
   10         12     13     10     14      7      1     21      11
   11         12      9      8     13     22     11      -       -
   12         10     18     10     14     19      2      -       -
   13          3     11      7     14     24      6      -       -
   14         12     10     11     11     22     12      -       -
   15         14     18     22     24     20     11      -       -
   16         34     27     36     39     19     11      -       -
   17         15     18     20     28      4      8      -       -
   18         20     17     13     12      5      9      -       -
   19          7     10     11      8      7     11      -       -
   20          4      7      4      7      3      1      -       -
   21          7      3      1      4      3      4      -       -
   22          2      2      1      3      1      5      -       -
   23          4      0      2      5      4      2      -       -
 
TOTALS
 
12HR 7-19    199    217    200    229    158     80      -       -
16HR 6-22    223    245    225    255    172     98      -       -
18HR 6-24    229    247    228    263    177    105      -       -
24HR 0-24    237    250    234    269    194    116      -       -
 
