*LOCATION	: ..	........	.......	.......	.......	.......	.......	...............
*SITE NUMB	ER: 11	604501						
*FILE NUMB	ER:	4						
*INTERVAL	:	15 MIN						
*BATTERY	:	6.4 V						
*RESTARTS	:	0						
*CONFIG	:	0						
*CHANNEL	:  1	OF  1						

	TUE	WED	THU	FRI	SAT	SUN	MON	7-DAY
DATE    08	/11/04	5	6	7	8	9	10	AVERAGE

START HOUR								

0	-	1	1	4	1	4	1	-
1	-	0	0	0	0	1	1	-
2	-	3	2	2	2	2	1	-
3	-	0	1	1	2	3	3	-
4	-	1	1	0	0	3	0	-
5	-	11	11	10	1	1	13	-
6	-	27	21	23	4	4	17	-
7	-	56	43	43	5	5	48	-
8	-	57	41	42	15	7	47	-
9	-	36	30	43	34	6	42	-
10	-	39	36	36	37	11	39	-
11	-	29	47	21	40	25	65	-
12	-	71	47	49	48	24	74	-
13	-	74	68	69	60	25	60	-
14	-	76	59	87	61	17	53	-
15	87	115	65	117	58	10	82	76
16	86	84	64	71	46	19	64	62
17	59	61	42	44	25	10	45	41
18	49	51	33	22	8	13	29	29
19	38	32	26	21	11	11	12	22
20	17	23	13	10	7	5	22	14
21	6	7	6	4	3	7	10	6
22	5	5	7	4	4	3	2	4
23	4	1	1	0	2	0	2	1
	351							
TOTALS								

12HR 7-19	-	749	575	644	437	172	648	-
16HR 6-22	-	838	641	702	462	199	709	-
18HR 6-24	-	844	649	706	468	202	713	-
24HR 0-24	-	860	665	723	474	216	732	-
								



*LOCATION	: ..	........	.......	.......	.......	.......	.......	...............
*SITE NUMB	ER: 11	604501						
*FILE NUMB	ER:	4						
*INTERVAL	:	15 MIN						
*BATTERY	:	6.4 V						
*RESTARTS	:	0						
*CONFIG	:	0						
*CHANNEL	:  1	OF  1						

	TUE	WED	THU	FRI	SAT	SUN	MON	7-DAY
DATE    08	/11/11	12	13	14	15	16	17	AVERAGE

START HOUR								

0	4	0	0	1	2	2	1	1
1	2	2	2	2	1	1	0	1
2	1	2	1	1	3	4	2	2
3	1	0	0	0	0	0	2	0
4	1	1	1	0	0	1	1	1
5	10	12	11	9	1	0	10	8
6	13	28	24	16	5	5	21	16
7	28	46	41	38	2	5	36	28
8	32	38	42	46	13	4	41	31
9	22	30	32	28	25	10	22	24
10	17	34	27	39	40	18	30	29
11	16	25	11	41	39	39	29	29
12	14	54	39	77	71	54	28	48
13	11	27	49	58	58	55	47	44
14	32	57	47	100	50	40	60	55
15	35	94	71	81	45	37	65	61
16	42	74	68	58	27	14	61	49
17	30	55	44	36	25	10	34	33
18	32	41	27	31	12	12	37	27
19	16	21	18	26	12	10	18	17
20	13	26	15	11	4	5	15	13
21	8	5	8	8	6	6	10	7
22	1	4	7	4	3	3	6	4
23	0	1	1	7	2	0	2	2

TOTALS								

12HR 7-19	311	575	498	633	407	298	490	459
16HR 6-22	361	655	563	694	434	324	554	512
18HR 6-24	362	660	571	705	439	327	562	518
24HR 0-24	381	677	586	718	446	335	578	532
								



*LOCATION	: ..	........	.......	.......	.......	.......	.......	...............
*SITE NUMB	ER: 11	604501						
*FILE NUMB	ER:	4						
*INTERVAL	:	15 MIN						
*BATTERY	:	6.4 V						
*RESTARTS	:	0						
*CONFIG	:	0						
*CHANNEL	:  1	OF  1						

	TUE	WED	THU	FRI	SAT	SUN	MON	7-DAY
DATE    08	/11/18	19	20	21	22	23	24	AVERAGE

START HOUR								

0	0	0	0	1	1	2	0	1
1	0	0	0	0	1	2	0	0
2	2	1	1	1	1	2	0	1
3	0	0	0	1	1	2	0	1
4	0	0	1	0	0	0	0	0
5	11	6	10	10	1	3	2	6
6	21	25	18	24	6	3	3	14
7	43	44	33	19	5	2	10	22
8	24	32	26	26	8	3	14	19
9	30	23	18	17	22	6	10	18
10	20	23	25	15	21	5	7	17
11	27	35	21	22	30	7	6	21
12	44	51	42	37	46	17	6	35
13	46	57	53	51	37	9	13	38
14	47	63	49	49	37	7	20	39
15	51	88	60	51	44	9	15	45
16	53	54	43	43	37	2	15	35
17	42	38	26	21	25	4	9	24
18	37	17	17	27	10	3	9	17
19	26	17	27	15	8	2	7	15
20	14	17	13	7	8	2	7	10
21	7	7	4	8	2	1	2	4
22	4	6	5	7	1	1	0	3
23	0	2	2	5	0	0	0	1

TOTALS								

12HR 7-19	464	525	413	378	322	74	134	330
16HR 6-22	532	591	475	432	346	82	153	373
18HR 6-24	536	599	482	444	347	83	153	378
24HR 0-24	549	606	494	457	352	94	155	387
								



*LOCATION	: ..	........	.......	.......	.......	.......	.......	...............
*SITE NUMB	ER: 11	604501						
*FILE NUMB	ER:	4						
*INTERVAL	:	15 MIN						
*BATTERY	:	6.4 V						
*RESTARTS	:	0						
*CONFIG	:	0						
*CHANNEL	:  1	OF  1						

	TUE	WED	THU	FRI	SAT	SUN	MON	7-DAY
DATE    08	/11/25	26	27	28	29	30	1	AVERAGE

START HOUR								

0	0	1	0	3	0	0	2	1
1	0	0	0	0	0	0	1	0
2	1	1	0	0	1	3	1	1
3	2	0	1	0	1	2	1	1
4	0	0	0	0	1	0	1	0
5	5	6	7	6	1	1	9	5
6	10	5	6	5	7	7	9	7
7	13	12	16	14	1	2	27	12
8	20	20	11	21	4	3	16	14
9	5	12	7	19	17	3	21	12
10	9	16	10	18	22	2	12	13
11	17	18	8	26	42	6	11	18
12	6	13	15	34	45	31	9	22
13	9	20	27	35	50	33	31	29
14	19	26	24	41	41	32	29	30
15	26	18	24	46	35	28	29	29
16	18	28	29	28	19	12	26	23
17	16	12	11	22	13	11	20	15
18	12	14	14	19	6	13	10	13
19	11	8	12	19	2	11	16	11
20	5	12	5	7	2	4	15	7
21	1	2	3	4	0	7	8	4
22	3	0	0	5	4	1	2	2
23	0	0	2	0	0	1	1	1

TOTALS								

12HR 7-19	170	209	196	323	295	176	241	230
16HR 6-22	197	236	222	358	306	205	289	259
18HR 6-24	200	236	224	363	310	207	292	262
24HR 0-24	208	244	232	372	314	213	307	270
								



*LOCATION	: ..	........	.......	.......	.......	.......	.......	...............
*SITE NUMB	ER: 11	604501						
*FILE NUMB	ER:	4						
*INTERVAL	:	15 MIN						
*BATTERY	:	6.4 V						
*RESTARTS	:	0						
*CONFIG	:	0						
*CHANNEL	:  1	OF  1						

	TUE	WED	THU	FRI	SAT	SUN	MON	7-DAY
DATE    08	/12/02	3	4	5	6	7	8	AVERAGE

START HOUR								

0	0	1	0	-	-	-	-	-
1	0	0	1	-	-	-	-	-
2	3	1	1	-	-	-	-	-
3	1	1	2	-	-	-	-	-
4	1	0	1	-	-	-	-	-
5	6	7	9	-	-	-	-	-
6	21	10	18	-	-	-	-	-
7	27	38	28	-	-	-	-	-
8	27	29	25	-	-	-	-	-
9	34	22	24	-	-	-	-	-
10	28	19	23	-	-	-	-	-
11	55	19	26	-	-	-	-	-
12	29	22	17	-	-	-	-	-
13	36	29	20	-	-	-	-	-
14	45	43	-	-	-	-	-	-
15	31	52	-	-	-	-	-	-
16	50	41	-	-	-	-	-	-
17	32	19	-	-	-	-	-	-
18	21	24	-	-	-	-	-	-
19	24	21	-	-	-	-	-	-
20	6	10	-	-	-	-	-	-
21	8	4	-	-	-	-	-	-
22	3	0						
	0	0						

	488	412	195					
