 
 
 
*LOCATION   : ............................................................
*SITE NUMBER: 11500928
*FILE NUMBER:        1
*INTERVAL   :   15 MIN
*BATTERY    :    6.5 V
*RESTARTS   :        0
*CONFIG     :        0
*CHANNEL    :  1 OF  1
 
             FRI    SAT    SUN    MON    TUE    WED    THU    7-DAY
DATE    07/03/02     03     04     05     06     07     08   AVERAGE
 
START HOUR
 
    0          -      1      1      0      0      3      1       -
    1          -      0      2      1      1      0      2       -
    2          -      0      1      1      1      0      1       -
    3          -      1      0      0      0      0      0       -
    4          -      1      0      1      0      2      1       -
    5          -      0      0      2      3      1      2       -
    6          -      2      0     12     10      7      7       -
    7          -      2      0     18     18     13     29       -
    8          -      4      1     22     44     33     28       -
    9          -      6      5     20     18     25     28       -
   10          -      8      6     20     13     21     16       -
   11          -      8      7     20     21     16     20       -
   12          -      8      4     24     17     10     21       -
   13         13     11      5     11     16     23     14      13
   14         20      7      5     24     22     14     18      16
   15         17      3      5     27     24     20     36      19
   16         24     10      4     21     25     27     29      20
   17          8      4      9     18     31     30     28      18
   18         18      2      3     12     14     15     21      12
   19          4      1      1      9     10      7     10       6
   20          1      1      5      8      6      5      8       5
   21          3      1      3      6      5      5      5       4
   22          6      2      2      3      4      3      4       3
   23          1      2      0      0      0      1      4       1
 
TOTALS
 
12HR 7-19      -     73     54    237    263    247    288       -
16HR 6-22      -     78     63    272    294    271    318       -
18HR 6-24      -     82     65    275    298    275    326       -
24HR 0-24      -     85     69    280    303    281    333       -
 
 
 
 
*LOCATION   : ............................................................
*SITE NUMBER: 11500928
*FILE NUMBER:        1
*INTERVAL   :   15 MIN
*BATTERY    :    6.5 V
*RESTARTS   :        0
*CONFIG     :        0
*CHANNEL    :  1 OF  1
 
             FRI    SAT    SUN    MON    TUE    WED    THU    7-DAY
DATE    07/03/09     10     11     12     13     14     15   AVERAGE
 
START HOUR
 
    0          4      2      2      0      0      1      0       1
    1          1      1      4      0      1      2      0       1
    2          1      1      1      0      0      0      1       1
    3          0      2      1      0      1      0      0       1
    4          0      1      3      1      1      1      1       1
    5          2      1      2      6      6      5      3       4
    6          7      1      0     10     10     15      8       7
    7         13      5      0     26     32     25     28      18
    8         23      4      2     46     36     35     49      28
    9         20     16      2     24     33     35     36      24
   10         22     13      4     18     23     30     45      22
   11         19     22     22     28     41     48     29      30
   12         14     10     11     22     31     26     27      20
   13         15     10     16     30     36     37     36      26
   14         17     19     22     39     46     45     34      32
   15         13     13     20     35     44     39     40      29
   16         20      9     10     29     59     61     55      35
   17         22     10     19     25     46     42     52      31
   18         13      5     14     20     25     33     35      21
   19         12      6      8     18     26     26     13      16
   20          2      6      7     14     15     18     18      11
   21          8      7      5      5     12      9     13       8
   22          3      4      2      3      7     16      7       6
   23          7      1      3      0      3      3      7       3
 
TOTALS
 
12HR 7-19    211    136    142    342    452    456    466     315
16HR 6-22    240    156    162    389    515    524    518     358
18HR 6-24    250    161    167    392    525    543    532     367
24HR 0-24    258    169    180    399    534    552    537     376
 
 
 
 
*LOCATION   : ............................................................
*SITE NUMBER: 11500928
*FILE NUMBER:        1
*INTERVAL   :   15 MIN
*BATTERY    :    6.5 V
*RESTARTS   :        0
*CONFIG     :        0
*CHANNEL    :  1 OF  1
 
             FRI    SAT    SUN    MON    TUE    WED    THU    7-DAY
DATE    07/03/16     17     18     19     20     21     22   AVERAGE
 
START HOUR
 
    0          7      2      1      2      2      3      1       3
    1          2      3      3      2      0      2      1       2
    2          0      1      0      1      0      2      1       1
    3          2      0      1      1      0      0      0       1
    4          1      0      0      2      2      1      0       1
    5          4      1      0      3      5      5      3       3
    6         10      1      2     12     10     13     14       9
    7         24      2      0     18     35     34     39      22
    8         35      3      5     30     45     61     54      33
    9         32      6      8     20     32     40     35      25
   10         25      9      8     19     28     35     27      22
   11         31      8      9     15     25     32     40      23
   12         22     11     23     16     23     26     31      22
   13         33     14     27     10     25     26     32      24
   14         27     10     26     15     28     20     40      24
   15         48     10     24     21     41     33     48      32
   16         45      9      8     28     53     51     68      37
   17         58     11     10     31     43     43     71      38
   18         26      9      4     14     36     42     39      24
   19         16      6      1     12     28     14     22      14
   20         12      7      1      5     12     20     11      10
   21         12      9      2      5     20      7     16      10
   22          6      4      1      3      9      6     14       6
   23          4      1      2      1      3      6      4       3
 
TOTALS
 
12HR 7-19    406    102    152    237    414    443    524     325
16HR 6-22    456    125    158    271    484    497    587     368
18HR 6-24    466    130    161    275    496    509    605     377
24HR 0-24    482    137    166    286    505    522    611     387
 
 
 
 
*LOCATION   : ............................................................
*SITE NUMBER: 11500928
*FILE NUMBER:        1
*INTERVAL   :   15 MIN
*BATTERY    :    6.5 V
*RESTARTS   :        0
*CONFIG     :        0
*CHANNEL    :  1 OF  1
 
             FRI    SAT    SUN    MON    TUE    WED    THU    7-DAY
DATE    07/03/23     24     25     26     27     28     29   AVERAGE
 
START HOUR
 
    0          5      7     10      2      4      4      4       5
    1          2      1      8      0      2      4      2       3
    2          2      6      7      3      0      0      2       3
    3          1      2      6      1      1      2      2       2
    4          1      2      3      7      4      5      5       4
    5          7      1      1     14     23     20     25      13
    6         13      5      4     49     58     57     69      36
    7         31      6      5     84    114     84     91      59
    8         53      8      8     62     86     70     82      53
    9         46     18     14     42     55     65     73      45
   10         30     23     22     43     39     52     63      39
   11         20     40     50     49     52     68     64      49
   12         33     35     57     62     54     67     63      53
   13         53     47     71     54     62     67     51      58
   14         36     46     75     72    100    102     97      75
   15         51     58     58    105    126    114    116      90
   16         65     26     43    112    110    104    110      81
   17         44     28     34     90     72     78     71      60
   18         38     22     22     61     60     89     57      50
   19         29     20     20     36     35    114     42      42
   20         15     11     16     29     21     90     27      30
   21         13     11      4     16     12     22     27      15
   22          6     11      9      5     10      4     11       8
   23          9      6      1      6     11      5      6       6
 
TOTALS
 
12HR 7-19    500    357    459    836    930    960    938     711
16HR 6-22    570    404    503    966   1056   1243   1103     835
18HR 6-24    585    421    513    977   1077   1252   1120     849
24HR 0-24    603    440    548   1004   1111   1287   1160     879
 
 
 
 
*LOCATION   : ............................................................
*SITE NUMBER: 11500928
*FILE NUMBER:        1
*INTERVAL   :   15 MIN
*BATTERY    :    6.5 V
*RESTARTS   :        0
*CONFIG     :        0
*CHANNEL    :  1 OF  1
 
             FRI    SAT    SUN    MON    TUE    WED    THU    7-DAY
DATE    07/03/30     31     01     02     03     04     05   AVERAGE
 
START HOUR
 
    0          4     33      5      4      -      -      -       -
    1          3      6      5      1      -      -      -       -
    2          2      5      6      3      -      -      -       -
    3          2      7      1      2      -      -      -       -
    4          6      5      3      5      -      -      -       -
    5         19      0      1     23      -      -      -       -
    6         42      7      6      -      -      -      -       -
    7         90     14      5      -      -      -      -       -
    8         79     21     14      -      -      -      -       -
    9         44     47     20      -      -      -      -       -
   10         57     55     33      -      -      -      -       -
   11         69     57     61      -      -      -      -       -
   12         65     69     57      -      -      -      -       -
   13         51     72     71      -      -      -      -       -
   14         78     60     68      -      -      -      -       -
   15        104     44     61      -      -      -      -       -
   16         73     30     57      -      -      -      -       -
   17         61     36     49      -      -      -      -       -
   18         38     22     33      -      -      -      -       -
   19         28      7     25      -      -      -      -       -
   20         15     17     17      -      -      -      -       -
   21         14      7     13      -      -      -      -       -
   22         12     13      8      -      -      -      -       -
   23          3      8      2      -      -      -      -       -
 
TOTALS
 
12HR 7-19    809    527    529      -      -      -      -       -
16HR 6-22    908    565    590      -      -      -      -       -
18HR 6-24    923    586    600      -      -      -      -       -
24HR 0-24    959    642    621      -      -      -      -       -
 
