 
 
 
*LOCATION   : ............................................................
*SITE NUMBER: 11504428
*FILE NUMBER:        1
*INTERVAL   :   15 MIN
*BATTERY    :    6.4 V
*RESTARTS   :        0
*CONFIG     :        0
*CHANNEL    :  1 OF  1
 
             MON    TUE    WED    THU    FRI    SAT    SUN    7-DAY
DATE    06/10/30     31     01     02     03     04     05   AVERAGE
 
START HOUR
 
    0          -      1      1      4      0      4      0       -
    1          -      5      0      2      3      3      2       -
    2          -      1      1      0      0      4      3       -
    3          -      2      1      0      0      3      2       -
    4          -      1      2      3      1     13      0       -
    5          -      4      5      2      4      0      0       -
    6          -     28     15     12     13      1      2       -
    7          -     43     25     16     18      6      1       -
    8          -     84     41     16     24      3      1       -
    9          -     52     24     23     21      3      4       -
   10          -     39     13     15     15      5      5       -
   11          -     35     18     19     20      8      5       -
   12         23     25     24     19     20     11     13      19
   13         29     27     23     22     23     13      4      20
   14         27     30     22     22     24      4      3      19
   15         69     43     38     39     25      6      8      33
   16         83     47     35     27     27      9     12      34
   17         77     36     33     27     29      7     11      31
   18         41     21     13     18     11     11      5      17
   19         28     14     12      6     12      5      4      12
   20         20     11     10      9      8      4      4       9
   21         21      9     12      6     14     12     11      12
   22         12      2      6      4      4      3      3       5
   23          5      0      3      3      2      4      3       3
 
TOTALS
 
12HR 7-19      -    482    309    263    257     86     72       -
16HR 6-22      -    544    358    296    304    108     93       -
18HR 6-24      -    546    367    303    310    115     99       -
24HR 0-24      -    560    377    314    318    142    106       -
 
 
 
 
*LOCATION   : ............................................................
*SITE NUMBER: 11504428
*FILE NUMBER:        1
*INTERVAL   :   15 MIN
*BATTERY    :    6.4 V
*RESTARTS   :        0
*CONFIG     :        0
*CHANNEL    :  1 OF  1
 
             MON    TUE    WED    THU    FRI    SAT    SUN    7-DAY
DATE    06/11/06     07     08     09     10     11     12   AVERAGE
 
START HOUR
 
    0          1      2      3      6      3      3      4       3
    1          1      0      2      3      3      2      2       2
    2          1      0      1      1      0      0      0       0
    3          0      0      0      0      0      3      3       1
    4          2      1      3      1      0      1      0       1
    5          3      3      6      3      3      1      2       3
    6         18     17     16     17     22      6      3      14
    7         17     17     20     24     18      3      1      14
    8         32     25     38     39     32      8      2      25
    9         12     25     25     31     30     10      3      19
   10         11     17     22     28     32     15      4      18
   11         13     23     26     23     18     11      7      17
   12         12     22     37     19     32     15      2      20
   13         11     15     27     30     29     17      5      19
   14         12     14     25     21     35     12      9      18
   15         26     32     39     32     36     13      6      26
   16         22     33     39     39     38     10      4      26
   17         16     22     33     29     33     11      8      22
   18         10     23     23     34     19      4      5      17
   19          5     11     21     17     13      5      4      11
   20          4      8     11     18     10      3      6       9
   21          6      5      7      7     10     12      9       8
   22          1      2      7      3      3      4      5       4
   23          0      3      8      4      7      6      1       4
 
TOTALS
 
12HR 7-19    194    268    354    349    352    129     56     243
16HR 6-22    227    309    409    408    407    155     78     285
18HR 6-24    228    314    424    415    417    165     84     292
24HR 0-24    236    320    439    429    426    175     95     303
 
 
 
 
*LOCATION   : ............................................................
*SITE NUMBER: 11504428
*FILE NUMBER:        1
*INTERVAL   :   15 MIN
*BATTERY    :    6.4 V
*RESTARTS   :        0
*CONFIG     :        0
*CHANNEL    :  1 OF  1
 
             MON    TUE    WED    THU    FRI    SAT    SUN    7-DAY
DATE    06/11/13     14     15     16     17     18     19   AVERAGE
 
START HOUR
 
    0          1      1      2      2      3      2      6       2
    1          3      3      2      4      3      4      4       3
    2          1      2      1      2      1      0      3       1
    3          0      0      1      0      1      2      1       1
    4          1      2      1      0      0      2      0       1
    5          5      6      2      4      2      1      1       3
    6         19     19     16     22     17      4      2      14
    7         22     24     27     26     26      4      1      19
    8         42     35     42     38     47      6      5      31
    9         21     32     35     33     32      6      1      23
   10         30     30     22     21     27     13      5      21
   11         22     31     31     27     31     14      5      23
   12         14     23     31     29     22     14     13      21
   13         20     35     22     36     35     16     26      27
   14         18     26     36     35     34     16     16      26
   15         39     38     41     34     54     10     21      34
   16         38     45     56     58     56     14     14      40
   17         32     37     39     57     30     10      7      30
   18         14     17     30     26     21     11      5      18
   19          8     15     19     23      9      6      6      12
   20         13      9     17     15     12      5     15      12
   21         11     13     16     16     11     10     12      13
   22          3      7      8      7      7      7      7       7
   23          5      4      7      8      5      5      5       6
 
TOTALS
 
12HR 7-19    312    373    412    420    415    134    119     312
16HR 6-22    363    429    480    496    464    159    154     364
18HR 6-24    371    440    495    511    476    171    166     376
24HR 0-24    382    454    504    523    486    182    181     387
 
 
 
 
*LOCATION   : ............................................................
*SITE NUMBER: 11504428
*FILE NUMBER:        1
*INTERVAL   :   15 MIN
*BATTERY    :    6.4 V
*RESTARTS   :        0
*CONFIG     :        0
*CHANNEL    :  1 OF  1
 
             MON    TUE    WED    THU    FRI    SAT    SUN    7-DAY
DATE    06/11/20     21     22     23     24     25     26   AVERAGE
 
START HOUR
 
    0          3      0      3      3      3      2      8       3
    1          2      2      3      5      5      2      5       3
    2          2      0      0      5      1      3      5       2
    3          0      0      0      0      0      1      3       1
    4          1      2      0      0      1      1      0       1
    5          4      1      4      5      5      0      0       3
    6         21     23     16     14     13      2      1      13
    7         30     41     21     25     17      5      1      20
    8         51     50     45     48     37      6      3      34
    9         46     47     37     36     38      8      5      31
   10         37     33     39     32     31     17      8      28
   11         38     41     34     19     27     24     14      28
   12         42     28     27     16     23     29     14      26
   13         29     34     36     19     25     26     29      28
   14         45     31     33     29     27     26     17      30
   15         45     50     43     28     40     20     23      36
   16         54     63     59     39     39     23     16      42
   17         48     57     51     28     31     23     20      37
   18         31     39     41     22     21     16      8      25
   19         19     24     26     17      9     12     12      17
   20         22     16     20      9     11      5     12      14
   21         12      6     11      9     10     18      7      10
   22          7      8     12      8      4     11      7       8
   23          2      7      6      3      4      3      2       4
 
TOTALS
 
12HR 7-19    496    514    466    341    356    223    158     365
16HR 6-22    570    583    539    390    399    260    190     419
18HR 6-24    579    598    557    401    407    274    199     431
24HR 0-24    591    603    567    419    422    283    220     444
 
 
 
 
*LOCATION   : ............................................................
*SITE NUMBER: 11504428
*FILE NUMBER:        1
*INTERVAL   :   15 MIN
*BATTERY    :    6.4 V
*RESTARTS   :        0
*CONFIG     :        0
*CHANNEL    :  1 OF  1
 
             MON    TUE    WED    THU    FRI    SAT    SUN    7-DAY
DATE    06/11/27     28     29     30     01     02     03   AVERAGE
 
START HOUR
 
    0          4      5      1      4      3      7      3       4
    1          5      4      3      4      4      9      2       4
    2          2      1      2      3      0      3      4       2
    3          0      2      1      0      0      4      0       1
    4          1      0      0      1      1      5      1       1
    5          7      6      6      6      6      2      0       5
    6         16     19     16     25     10      4      3      13
    7         38     35     31     24     23      5      0      22
    8         52     55     58     61     50     14      2      42
    9         40     47     43     47     51     12      4      35
   10         38     44     24     27     37     13      9      27
   11         36     33     24     31     39     21     15      28
   12         43     37     26     38     35     30     27      34
   13         40     36     21     44     36     26     18      32
   14         39     30     44     42     45     28     22      36
   15         50     45     34     38     48     25     24      38
   16         50     68     55     60     59     23     12      47
   17         53     50     57     56     48     16     20      43
   18         43     37     43     44     23      7     15      30
   19         20     24     21     26     23      6      5      18
   20         28     21     19     13     18     13     10      17
   21         20     15     13     21     14      6     12      14
   22         12      4      6      7     10      8      4       7
   23          4      6      7      5      9      6      4       6
 
TOTALS
 
12HR 7-19    522    517    460    512    494    220    168     413
16HR 6-22    606    596    529    597    559    249    198     476
18HR 6-24    622    606    542    609    578    263    206     489
24HR 0-24    641    624    555    627    592    293    216     507
 
 
 
 
*LOCATION   : ............................................................
*SITE NUMBER: 11504428
*FILE NUMBER:        1
*INTERVAL   :   15 MIN
*BATTERY    :    6.4 V
*RESTARTS   :        0
*CONFIG     :        0
*CHANNEL    :  1 OF  1
 
             MON    TUE    WED    THU    FRI    SAT    SUN    7-DAY
DATE    06/12/04     05     06     07     08     09     10   AVERAGE
 
START HOUR
 
    0          2      -      -      -      -      -      -       -
    1          0      -      -      -      -      -      -       -
    2          2      -      -      -      -      -      -       -
    3          0      -      -      -      -      -      -       -
    4          1      -      -      -      -      -      -       -
    5          5      -      -      -      -      -      -       -
    6         16      -      -      -      -      -      -       -
    7         17      -      -      -      -      -      -       -
    8         36      -      -      -      -      -      -       -
    9         32      -      -      -      -      -      -       -
   10         19      -      -      -      -      -      -       -
   11          -      -      -      -      -      -      -       -
   12          -      -      -      -      -      -      -       -
   13          -      -      -      -      -      -      -       -
   14          -      -      -      -      -      -      -       -
   15          -      -      -      -      -      -      -       -
   16          -      -      -      -      -      -      -       -
   17          -      -      -      -      -      -      -       -
   18          -      -      -      -      -      -      -       -
   19          -      -      -      -      -      -      -       -
   20          -      -      -      -      -      -      -       -
   21          -      -      -      -      -      -      -       -
   22          -      -      -      -      -      -      -       -
   23          -      -      -      -      -      -      -       -
 
TOTALS
 
12HR 7-19      -      -      -      -      -      -      -       -
16HR 6-22      -      