 
 
 
*LOCATION   : ............................................................
*SITE NUMBER: 11704439
*FILE NUMBER:        4
*INTERVAL   :   15 MIN
*BATTERY    :    6.4 V
*RESTARTS   :        0
*CONFIG     :       12
*CHANNEL    :  1 OF  2
 
             WED    THU    FRI    SAT    SUN    MON    TUE    7-DAY
DATE    06/11/01     02     03     04     05     06     07   AVERAGE
 
START HOUR
 
    0          -      6      8      5     11      4      6       -
    1          -      4      3      8      4      4      3       -
    2          -      1      1      3      1      1      0       -
    3          -      3      1      1      5      1      1       -
    4          -      2      3      1      1      3      5       -
    5          -     10      7      0      1     11      9       -
    6          -     34     34      2      4     38     36       -
    7          -     56     70     11     14     69     76       -
    8          -     73     70     13     13     90     95       -
    9          -     56     56     19     19     74     62       -
   10          -     48     46     21     26     50     56       -
   11          -     42     44     30     20     50     43       -
   12          -     45     42     36     41     59     48       -
   13         56     42     50     32     35     57     54      47
   14         57     40     64     31     36     53     60      49
   15         72     65     68     31     36     63     84      60
   16        101     76     85     26     33     84     88      70
   17         72     71     71     23     24     63     91      59
   18         51     55     41     24     20     50     50      42
   19         43     38     33     17     18     34     49      33
   20         30     28     25     16     21     25     39      26
   21         25     29     21     17     17     24     26      23
   22         13     14     15     16     15     14     19      15
   23         13     11      9     12     12      9     11      11
 
TOTALS
 
12HR 7-19      -    669    707    297    317    762    807       -
16HR 6-22      -    798    820    349    377    883    957       -
18HR 6-24      -    823    844    377    404    906    987       -
24HR 0-24      -    849    867    395    427    930   1011       -
 
 
 
 
*LOCATION   : ............................................................
*SITE NUMBER: 11704439
*FILE NUMBER:        4
*INTERVAL   :   15 MIN
*BATTERY    :    6.4 V
*RESTARTS   :        0
*CONFIG     :       12
*CHANNEL    :  1 OF  2
 
             WED    THU    FRI    SAT    SUN    MON    TUE    7-DAY
DATE    06/11/08     09     10     11     12     13     14   AVERAGE
 
START HOUR
 
    0          7      7      4      7     10      5      7       7
    1          2      7      3      6      7      3      4       5
    2          3      0      3      1      3      1      3       2
    3          0      1      1      0      2      2      0       1
    4          1      6      5      1      3      4      5       4
    5         10     11     13      6      3     15     11      10
    6         41     39     42     14      7     37     45      32
    7         73     80     77     19     14     70     78      59
    8         96    100     87     17     12     92     94      71
    9         60     65     70     31     15     68     59      53
   10         64     49     48     39     22     53     51      47
   11         62     55     63     32     16     60     52      49
   12         69     63     52     45     35     61     54      54
   13         53     67     55     37     22     53     46      48
   14         58     53     60     43     25     49     76      52
   15         85     88     83     49     28     67     96      71
   16        100     97     96     32     34     83     89      76
   17         84     69     80     29     22     85     84      65
   18         56     69     57     26     15     60     51      48
   19         30     37     39     22     20     36     35      31
   20         33     32     27     31     23     30     43      31
   21         24     36     21     22     11     22     31      24
   22         16     18     16     13     19     30     22      19
   23         14     11     14     11     11     12     12      12
 
TOTALS
 
12HR 7-19    860    855    828    399    260    801    830     690
16HR 6-22    988    999    957    488    321    926    984     809
18HR 6-24   1018   1028    987    512    351    968   1018     840
24HR 0-24   1041   1060   1016    533    379    998   1048     868
 
 
 
 
*LOCATION   : ............................................................
*SITE NUMBER: 11704439
*FILE NUMBER:        4
*INTERVAL   :   15 MIN
*BATTERY    :    6.4 V
*RESTARTS   :        0
*CONFIG     :       12
*CHANNEL    :  1 OF  2
 
             WED    THU    FRI    SAT    SUN    MON    TUE    7-DAY
DATE    06/11/15     16     17     18     19     20     21   AVERAGE
 
START HOUR
 
    0         11      9     16     15     12      9     12      12
    1          5      3      6     12     15      2      3       7
    2          2      1      3      7      1      1      2       2
    3          0      0      0      3      3      0      0       1
    4          1      3      4      2      2      5      5       3
    5         10     12     10      7      2     16     16      10
    6         47     48     48     16      3     47     47      37
    7         81     85     83     25     16     87     81      65
    8         80     93    103     24     14    120    121      79
    9         88     77     84     32     18     81    106      69
   10         65     60     49     46     23     59     67      53
   11         70     66     74     46     28     83     66      62
   12         55     58     59     46     45     74     75      59
   13         83     59     66     52     63     71     61      65
   14         55     73     69     64     62     69     63      65
   15         84     79     87     47     61     86     86      76
   16         81     99    108     39     51    100    114      85
   17         84     84     77     34     55     96    119      78
   18         79     72     54     34     41     61     74      59
   19         41     34     43     29     23     52     58      40
   20         44     42     34     32     33     52     41      40
   21         35     32     33     25     22     30     31      30
   22         27     21     21     16     12     19     21      20
   23         17     11     16     11     12     11     14      13
 
TOTALS
 
12HR 7-19    905    905    913    489    477    987   1033     816
16HR 6-22   1072   1061   1071    591    558   1168   1210     962
18HR 6-24   1116   1093   1108    618    582   1198   1245     994
24HR 0-24   1145   1121   1147    664    617   1231   1283    1030
 
 
 
 
*LOCATION   : ............................................................
*SITE NUMBER: 11704439
*FILE NUMBER:        4
*INTERVAL   :   15 MIN
*BATTERY    :    6.4 V
*RESTARTS   :        0
*CONFIG     :       12
*CHANNEL    :  1 OF  2
 
             WED    THU    FRI    SAT    SUN    MON    TUE    7-DAY
DATE    06/11/22     23     24     25     26     27     28   AVERAGE
 
START HOUR
 
    0          8     13     10     12      9      5     11      10
    1          5      6      4     11     11      5      4       7
    2          3      2      1      4      5      3      1       3
    3          1      1      0      6      3      1      1       2
    4          1      4      5      3      2      4      3       3
    5         12     14      7      7      4     11      9       9
    6         51     44     48     16      4     44     48      36
    7         85     98     78     20     19     82     97      68
    8        113    110     87     24     16    117    119      84
    9         92     67     92     47     18     87     82      69
   10         78     43     57     48     39     66     68      57
   11         63     61     70     59     46     71     68      63
   12         79     59     76     76     51     82     68      70
   13         60     56     60     93     57     82     73      69
   14         64     49     55     65     47     72     61      59
   15         81     78     82     76     57     87     87      78
   16        113     93     92     55     57    106    119      91
   17         99     70     72     43     50     96     83      73
   18         86     65     60     30     26     73     78      60
   19         47     40     36     26     28     63     60      43
   20         51     35     32     26     21     44     45      36
   21         33     25     23     27     23     31     33      28
   22         27     14     19     17     14     25     17      19
   23         14     10     14     16      8     14     13      13
 
TOTALS
 
12HR 7-19   1013    849    881    636    483   1021   1003     841
16HR 6-22   1195    993   1020    731    559   1203   1189     984
18HR 6-24   1236   1017   1053    764    581   1242   1219    1016
24HR 0-24   1266   1057   1080    807    615   1271   1248    1049
 
 
 
 
*LOCATION   : ............................................................
*SITE NUMBER: 11704439
*FILE NUMBER:        4
*INTERVAL   :   15 MIN
*BATTERY    :    6.4 V
*RESTARTS   :        0
*CONFIG     :       12
*CHANNEL    :  1 OF  2
 
             WED    THU    FRI    SAT    SUN    MON    TUE    7-DAY
DATE    06/11/29     30     01     02     03     04     05   AVERAGE
 
START HOUR
 
    0          8      9     12      -      -      -      -       -
    1          2      4      7      -      -      -      -       -
    2          3      1      3      -      -      -      -       -
    3          0      1      1      -      -      -      -       -
    4          2      2      3      -      -      -      -       -
    5         11     11     11      -      -      -      -       -
    6         45     50     46      -      -      -      -       -
    7         92     82     83      -      -      -      -       -
    8        110    119    107      -      -      -      -       -
    9         89     81     88      -      -      -      -       -
   10         68     74     65      -      -      -      -       -
   11         72     73     77      -      -      -      -       -
   12         61     69     88      -      -      -      -       -
   13         59     76      -      -      -      -      -       -
   14         71     92      -      -      -      -      -       -
   15         78     90      -      -      -      -      -       -
   16        114     99      -      -      -      -      -       -
   17         93     91      -      -      -      -      -       -
   18         66     76      -      -      -      -      -       -
   19         65     51      -      -      -      -      -       -
   20         51     37      -      -      -      -      -       -
   21         32     40      -      -      -      -      -       -
   22         20     21      -      -      -      -      -       -
   23         12     14      -      -      -      -      -       -
 
TOTALS
 
12HR 7-19    973   1022      -      -      -      -      -       -
16HR 6-22   1166   1200      -      -      -      -      -       -
18HR 6-24   1198   1235      -      -      -      -      -       -
24HR 0-24   1224   1263      -      -      -      -      -       -
 
 
 
 
*LOCATION   : ............................................................
*SITE NUMBER: 11704439
*FILE NUMBER:        4
*INTERVAL   :   15 MIN
*BATTERY    :    6.4 V
*RESTARTS   :        0
*CONFIG     :       12
*CHANNEL    :  2 OF  2
 
             WED    THU    FRI    SAT    SUN    MON    TUE    7-DAY
DATE    06/11/01     02     03     04     05     06     07   AVERAGE
 
START HOUR
 
    0          -      0      0      1      2      0      0       -
    1          -      1      1      1      1      1      0       -
    2          -      0      0      3      0      0      0       -
    3          -      0      0      0      1      0      1       -
    4          -      1      0      0      2      0      0       -
    5          -      1      0      1      1      2      2       -
    6          -      6      4      1      1      8      5       -
    7          -     15     13      0      0     12     20       -
    8          -     27     22      3      2     32     22       -
    9          -      9     10      1      1      3     15       -
   10          -     10     11      4      5      9      4       -
   11          -      5      7      8      5      8     10       -
   12          -      3      9     12     12      7      7       -
   13          9      7      9      9      9      7      9       8
   14          9      8      8     10     14      7      9       9
   15         23     14     15     19     14     11     12      15
   16         28     20     23     10      9     20     22      19
   17         20     14     10      9      9     14     25      14
   18         20     13     14      7      3     13     15      12
   19          9      5      8      4      5      6      8       6
   20         15      6      8      1      8      4     11       8
   21          2      2      2      4      3      5     10       4
   22          2      1      2      3      2      2      2       2
   23          1      0      2      1      0      0      0       1
 
TOTALS
 
12HR 7-19      -    145    151     92     83    143    170       -
16HR 6-22      -    164    173    102    100    166    204       -
18HR 6-24      -    165    177    106    102    168    206       -
24HR 0-24      -    168    178    112    109    171    209       -
 
 
 
 
*LOCATION   : ............................................................
*SITE NUMBER: 11704439
*FILE NUMBER:        4
*INTERVAL   :   15 MIN
*BATTERY    :    6.4 V
*RESTARTS   :        0
*CONFIG     :       12
*CHANNEL    :  2 OF  2
 
             WED    THU    FRI    SAT    SUN    MON    TUE    7-DAY
DATE    06/11/08     09     10     11     12     13     14   AVERAGE
 
START HOUR
 
    0          2      3      1      1      1      0      0       1
    1          1      0      0      0      0      2      0       0
    2          0      0      0      3      0      0      0       0
    3          0      0      1      1      1      0      0       0
    4          0      1      1      0      1      0      0       0
    5          2      1      0      2      0      0      1       1
    6          4      8      6      1      1     14     12       7
    7         29     24     19      1      0     18     25      17
    8         31     21     29      4      1     28     27      20
    9         16     12     16      7      1     16      9      11
   10          7      8     10      9      2      8      6       7
   11          5      8      6      7      1     11      6       6
   12         12      9     12      7      3      6     11       9
   13          6      5     11      9      1      7     12       7
   14         10     14     12     10      5      8      8      10
   15         25     15     12      8      4     21     21      15
   16         23     21     14      3      2     26     19      15
   17         18     21      9      6      6     20     15      14
   18         15     18      7      3      2      7     12       9
   19         12      8      3      1      3      7      8       6
   20          8      6      5      3      3      6      9       6
   21          3      8      7      2      2      4      2       4
   22          6      3      5      3      2      0      3       3
   23          2      1      1      1      0      0      2       1
 
TOTALS
 
12HR 7-19    197    176    157     74     28    176    171     140
16HR 6-22    224    206    178     81     37    207    202     162
18HR 6-24    232    210    184     85     39    207    207     166
24HR 0-24    237    215    187     92     42    209    208     170
 
 
 
 
*LOCATION   : ............................................................
*SITE NUMBER: 11704439
*FILE NUMBER:        4
*INTERVAL   :   15 MIN
*BATTERY    :    6.4 V
*RESTARTS   :        0
*CONFIG     :       12
*CHANNEL    :  2 OF  2
 
             WED    THU    FRI    SAT    SUN    MON    TUE    7-DAY
DATE    06/11/15     16     17     18     19     20     21   AVERAGE
 
START HOUR
 
    0          1      1      0      1      1      0      0       1
    1          0      0      1      3      1      0      0       1
    2          0      0      0      2      1      0      0       0
    3          0      1      0      2      0      0      0       0
    4          0      2      0      0      2      2      0       1
    5          0      0      1      1      1      0      3       1
    6          7      5      5      0      1      9     11       5
    7         25     28     21      1      3     39     29      21
    8         29     31     29      4      6     37     33      24
    9         14     16     12      5      3     23     30      15
   10          6     22     16      4      5     18     17      13
   11         10     13      8      6      7     12      9       9
   12          8      8     19     10     11     20     14      13
   13          8      7     12      6     15     14      9      10
   14         11     14     11     12     24      5     22      14
   15         18     26     25     10     22     26     28      22
   16         25     27     22      9     12     39     28      23
   17         21     22     16      7     11     28     24      18
   18         12     27     23      4      9     20     23      17
   19         10     13      9      2      4     11     20      10
   20         12     11     13      6      5     13     16      11
   21         16     11      3      5      4     12     10       9
   22          4      5      4      2      4      5      4       4
   23          2      2      3      3      1      3      2       2
 
TOTALS
 
12HR 7-19    187    241    214     78    128    281    266     199
16HR 6-22    232    281    244     91    142    326    323     234
18HR 6-24    238    288    251     96    147    334    329     240
24HR 0-24    239    292    253    105    153    336    332     244
 
 
 
 
*LOCATION   : ............................................................
*SITE NUMBER: 11704439
*FILE NUMBER:        4
*INTERVAL   :   15 MIN
*BATTERY    :    6.4 V
*RESTARTS   :        0
*CONFIG     :       12
*CHANNEL    :  2 OF  2
 
             WED    THU    FRI    SAT    SUN    MON    TUE    7-DAY
DATE    06/11/22     23     24     25     26     27     28   AVERAGE
 
START HOUR
 
    0          1      2      0      1      0      0      0       1
    1          1      0      1      0      1      0      0       0
    2          0      0      1      0      2      1      0       1
    3          0      2      0      2      3      0      0       1
    4          0      0      1      2      1      0      0       1
    5          3      3      2      0      0      3      4       2
    6         12     11      4      0      1     13     11       7
    7         23     17     20      3      2     25     26      17
    8         33     37     30      8      3     43     36      27
    9         19     22     22      5      3     28     36      19
   10         11      7     10     11      9     12     12      10
   11         16      1      8     11      8      9     14      10
   12         12      9     15     22     12     15     22      15
   13         13     10      6     18     22      8     16      13
   14         20      8      6     17     12     14     15      13
   15         31     19     13     13     16     25     23      20
   16         28     16     16      4     18     32     37      22
   17         26     27     13     15     10     25     37      22
   18         25     15     11     11      9     27     21      17
   19         11      8      6      4     12     15     16      10
   20         12     10      7      3      7     16      9       9
   21          7      7      5      8      3     15     12       8
   22          2      4      3      1      4      4      4       3
   23          4      1      2      4      1      1      4       2
 
TOTALS
 
12HR 7-19    257    188    170    138    124    263    295     205
16HR 6-22    299    224    192    153    147    322    343     240
18HR 6-24    305    229    197    158    152    327    351     246
24HR 0-24    310    236    202    163    159    331    355     251
 
 
 
 
*LOCATION   : ............................................................
*SITE NUMBER: 11704439
*FILE NUMBER:        4
*INTERVAL   :   15 MIN
*BATTERY    :    6.4 V
*RESTARTS   :        0
*CONFIG     :       12
*CHANNEL    :  2 OF  2
 
             WED    THU    FRI    SAT    SUN    MON    TUE    7-DAY
DATE    06/11/29     30     01     02     03     04     05   AVERAGE
 
START HOUR
 
    0          2      2      0      -      -      -      -       -
    1          1      1      0      -      -      -      -       -
    2          0      1      1      -      -      -      -       -
    3          0      1      1      -      -      -      -       -
    4          0      0      0      -      -      -      -       -
    5          3      2      0      -      -      -      -       -
    6          7     10      7      -      -      -      -       -
    7         30     26     21      -      -      -      -       -
    8         34     34     45      -      -      -      -       -
    9         23     24     20      -      -      -      -       -
   10         15     13     15      -      -      -      -       -
   11         15     16     18      -      -      -      -       -
   12         11     14      7      -      -      -      -       -
   13          9     11      -      -      -      -      -       -
   14          9     16      -      -      -      -      -       -
   15         16     20      -      -      -      -      -       -
   16         35     26      -      -      -      -      -       -
   17         22     23      -      -      -      -      -       -
   18         16     30      -      -      -      -      -       -
   19         19     23      -      -      -      -      -       -
   20         15     11      -      -      -      -      -       -
   21          9      7      -      -      -      -      -       -
   22          5      4      -      -      -      -      -       -
   23          2      2      -      -      -      -      -       -
 
TOTALS
 
12HR 7-19    235    253      -      -      -      -      -       -
16HR 6-22    285    304      -      -      -      -      -       -
18HR 6-24    292    310      -      -      -      -      -       -
24HR 0-24    298    317      -      -      -      -      -       -
 
