 
 
 
*LOCATION   : ............................................................
*SITE NUMBER: 10704006
*FILE NUMBER:        2
*INTERVAL   :   15 MIN
*BATTERY    :    6.3 V
*RESTARTS   :        0
*CONFIG     :        0
*CHANNEL    :  1 OF  1
 
             MON    TUE    WED    THU    FRI    SAT    SUN    7-DAY
DATE    07/10/01     02     03     04     05     06     07   AVERAGE
 
START HOUR
 
    0          -      3      6      5      3     12      5       -
    1          -      2      0      3      8      4      9       -
    2          -      1      0      1      0      5      5       -
    3          -      3      0      3      1      6      5       -
    4          -      2      1      0      0      1      7       -
    5          -      5      5      7      8      3      3       -
    6          -     44     36     28     39      5      4       -
    7          -    115    107    104    109      4     11       -
    8          -    191    188    175    189     16     10       -
    9          -    105     85    103     91     30     21       -
   10          -     72     67     52     56     36     28       -
   11          -     55     58     53     65     45     62       -
   12          -     59     69     48     61     56     61       -
   13         46     59     59     48     55     62     50      54
   14         68     74     65     56     92     65     55      68
   15         85    143    119    119    141     66     70     106
   16        128    196    181    148    156     73     62     135
   17        112    166    144    105    127     52     54     109
   18         82     93    102     89     91     52     34      78
   19         62     63     60     42     62     21     33      49
   20         53     64     44     36     43     15     17      39
   21         17     25     36     12     28     16      3      20
   22         12     15     12     11     13     10      5      11
   23          5     16      7     10     17     12      4      10
 
TOTALS
 
12HR 7-19      -   1328   1244   1100   1233    557    518       -
16HR 6-22      -   1524   1420   1218   1405    614    575       -
18HR 6-24      -   1555   1439   1239   1435    636    584       -
24HR 0-24      -   1571   1451   1258   1455    667    618       -
 
 
 
 
*LOCATION   : ............................................................
*SITE NUMBER: 10704006
*FILE NUMBER:        2
*INTERVAL   :   15 MIN
*BATTERY    :    6.3 V
*RESTARTS   :        0
*CONFIG     :        0
*CHANNEL    :  1 OF  1
 
             MON    TUE    WED    THU    FRI    SAT    SUN    7-DAY
DATE    07/10/08     09     10     11     12     13     14   AVERAGE
 
START HOUR
 
    0          3      2      3      6      3      7      5       4
    1          0      4      5      4      5      2      4       3
    2          0      0      1      4      2      3      7       2
    3          0      0      1      2      2      3      5       2
    4          3      2      1      1      3      2      4       2
    5          6      7      5      8      4      1      1       5
    6         24     38     27     25     11      5      3      19
    7         69    124    114     88     50      8      4      65
    8        110    167    158    143     74     20      5      97
    9         41     95    100     85     44     27     10      57
   10         28     57     66     65     15     38     23      42
   11         26     51     51     54     24     45     26      40
   12         38     53     50     56     16     37     36      41
   13         39     48     47     49     20     58     51      45
   14         43     57     60     54     20     44     36      45
   15         71     96     99     93     65     59     16      71
   16        113    168    156    151     65     55     19     104
   17         91    147    127    121     71     36     16      87
   18         64     74     89     93     33     40      5      57
   19         35     65     72     56     30     23     10      42
   20         29     40     42     28     19     15      9      26
   21         23     27     26     22     13      9      6      18
   22          4     11      7     16     10     13      3       9
   23          5      8      6      7      8     11      2       7
 
TOTALS
 
12HR 7-19    733   1137   1117   1052    497    467    247     750
16HR 6-22    844   1307   1284   1183    570    519    275     855
18HR 6-24    853   1326   1297   1206    588    543    280     870
24HR 0-24    865   1341   1313   1231    607    561    306     889
 
 
 
 
*LOCATION   : ............................................................
*SITE NUMBER: 10704006
*FILE NUMBER:        2
*INTERVAL   :   15 MIN
*BATTERY    :    6.3 V
*RESTARTS   :        0
*CONFIG     :        0
*CHANNEL    :  1 OF  1
 
             MON    TUE    WED    THU    FRI    SAT    SUN    7-DAY
DATE    07/10/15     16     17     18     19     20     21   AVERAGE
 
START HOUR
 
    0          3      2      5      4      8     11      4       5
    1          1      4      3      6      3      6      5       4
    2          0      3      2      0      2      0      6       2
    3          1      2      0      1      2      3      3       2
    4          0      1      1      3      1      3      1       1
    5          6      8      7      5      7      5      2       6
    6         25     29     30     34     26      4      1      21
    7         82     96     83     65     61      4      4      56
    8        168    169    161    130    100     10      5     106
    9         82     77     87    101     73     20     14      65
   10         48     66     53     55     53     16     12      43
   11         34     46     44     54     35     32     28      39
   12         56     55     60     50     44     55     29      50
   13         52     56     50     56     45     30     52      49
   14         54     54     52     65     59     46     40      53
   15         97     97    120     94     83     33     53      82
   16        144    150    151    125    125     57     37     113
   17        124    126    117    111     83     33     22      88
   18         60     90     62     84     56     27     18      57
   19         49     58     53     56     26     11     21      39
   20         34     43     29     30     21     10      8      25
   21         23     26     37     20      9      7      7      18
   22         13     10     20     17     18     15      7      14
   23          6      8      8      9     10      9      6       8
 
TOTALS
 
12HR 7-19   1001   1082   1040    990    817    363    314     801
16HR 6-22   1132   1238   1189   1130    899    395    351     905
18HR 6-24   1151   1256   1217   1156    927    419    364     927
24HR 0-24   1162   1276   1235   1175    950    447    385     947
 
 
 
 
*LOCATION   : ............................................................
*SITE NUMBER: 10704006
*FILE NUMBER:        2
*INTERVAL   :   15 MIN
*BATTERY    :    6.3 V
*RESTARTS   :        0
*CONFIG     :        0
*CHANNEL    :  1 OF  1
 
             MON    TUE    WED    THU    FRI    SAT    SUN    7-DAY
DATE    07/10/22     23     24     25     26     27     28   AVERAGE
 
START HOUR
 
    0          0      5      5      0      7      7      5       4
    1          1      3      4      4      1     11      5       4
    2          2      2      2      0      1      6      3       2
    3          0      1      0      1      1      5      5       2
    4          2      0      0      9      2      4      7       3
    5          5      8      4     42      8      3      1      10
    6         31     35     27     55     30      5      5      27
    7         66     74     79     92     72      6      7      57
    8        143    152    149    135    133     14      3     104
    9         81    118     83     79     77     19     10      67
   10         48     48     47     56     44     33     13      41
   11         58     44     48     60     45     33     20      44
   12         52     53     49     85     37     37     41      51
   13         56     46    102     46     44     44     48      55
   14         50     63     43     38     67     47     34      49
   15         86     91    153     96     95     41     40      86
   16        165    255    144    139    116     42     30     127
   17        107    176    117     87    102     23     41      93
   18         79     88     71     81     41     30     31      60
   19         33     60    110     42     29     14     17      44
   20         23     41     41     26     31     13     14      27
   21         23     21     20     25     19      8     10      18
   22          5     12     16     12     12     10      7      11
   23          3      4     11      7     15      9     10       8
 
TOTALS
 
12HR 7-19    991   1208   1085    994    873    369    318     834
16HR 6-22   1101   1365   1283   1142    982    409    364     949
18HR 6-24   1109   1381   1310   1161   1009    428    381     968
24HR 0-24   1119   1400   1325   1217   1029    464    407     994
 
 
 
 
*LOCATION   : ............................................................
*SITE NUMBER: 10704006
*FILE NUMBER:        2
*INTERVAL   :   15 MIN
*BATTERY    :    6.3 V
*RESTARTS   :        0
*CONFIG     :        0
*CHANNEL    :  1 OF  1
 
             MON    TUE    WED    THU    FRI    SAT    SUN    7-DAY
DATE    07/10/29     30     31     01     02     03     04   AVERAGE
 
START HOUR
 
    0          0      -      -      -      -      -      -       -
    1          1      -      -      -      -      -      -       -
    2          8      -      -      -      -      -      -       -
    3          1      -      -      -      -      -      -       -
    4          1      -      -      -      -      -      -       -
    5          0      -      -      -      -      -      -       -
    6          1      -      -      -      -      -      -       -
    7         32      -      -      -      -      -      -       -
    8         98      -      -      -      -      -      -       -
    9        165      -      -      -      -      -      -       -
   10         88      -      -      -      -      -      -       -
   11         53      -      -      -      -      -      -       -
   12         38      -      -      -      -      -      -       -
   13         46      -      -      -      -      -      -       -
   14          -      -      -      -      -      -      -       -
   15          -      -      -      -      -      -      -       -
   16          -      -      -      -      -      -      -       -
   17          -      -      -      -      -      -      -       -
   18          -      -      -      -      -      -      -       -
   19          -      -      -      -      -      -      -       -
   20          -      -      -      -      -      -      -       -
   21          -      -      -      -      -      -      -       -
   22          -      -      -      -      -      -      -       -
   23          -      -      -      -      -      -      -       -
 
TOTALS
 
12HR 7-19      -      -      -      -      -      -      -       -
16HR 6-22      -      -      -      -      -      -      -       -
18HR 6-24      -      -      -      -      -      -      -       -
24HR 0-24      -      -      -      -      -      -      -       -
 
