*LOCATION	: ..	........	.......	.......	.......	.......	.......	...............
*SITE NUMB	ER: 11	701820						
*FILE NUMB	ER:	2						
*INTERVAL	:	15 MIN						
*BATTERY	:	6.2 V						
*RESTARTS	:	0						
*CONFIG	:	12						
*CHANNEL	:  1	OF  2						

	TUE	WED	THU	FRI	SAT	SUN	MON	7-DAY
DATE    05	/05/03	4	5	6	7	8	9	AVERAGE

START HOUR								

0	-	8	16	15	17	9	7	-
1	-	4	12	6	4	14	2	-
2	-	0	4	2	6	7	1	-
3	-	0	0	3	4	9	0	-
4	-	3	4	2	3	9	7	-
5	-	12	3	9	4	3	13	-
6	-	43	5	34	9	11	66	-
7	-	130	10	134	14	14	204	-
8	-	166	25	135	32	21	271	-
9	107	81	37	115	58	42	120	80
10	67	68	74	89	100	100	94	85
11	77	71	89	90	136	109	97	96
12	68	65	91	76	125	160	98	98
13	72	56	130	110	144	155	98	109
14	56	77	118	117	102	156	77	100
15	80	125	80	131	111	120	160	115
16	169	168	104	181	102	125	255	158
17	133	151	94	170	83	128	241	143
18	89	124	85	117	71	89	207	112
19	58	117	60	84	56	92	185	93
20	51	79	43	57	55	70	119	68
21	38	43	37	50	39	35	56	43
22	8	32	15	25	18	14	24	19
23	5	22	12	16	19	6	29	16

TOTALS	1078							

12HR 7-19	-	1282	937	1465	1078	1219	1922	-
16HR 6-22	-	1564	1082	1690	1237	1427	2348	-
18HR 6-24	-	1618	1109	1731	1274	1447	2401	-
24HR 0-24	-	1645	1148	1768	1312	1498	2431	-
								



*LOCATION	: ..	........	.......	.......	.......	.......	.......	...............
*SITE NUMB	ER: 11	701820						
*FILE NUMB	ER:	2						
*INTERVAL	:	15 MIN						
*BATTERY	:	6.2 V						
*RESTARTS	:	0						
*CONFIG	:	12						
*CHANNEL	:  1	OF  2						

	TUE	WED	THU	FRI	SAT	SUN	MON	7-DAY
DATE    05	/05/10	11	12	13	14	15	16	AVERAGE

START HOUR								

0	5	10	13	27	15	13	10	13
1	4	3	3	9	17	15	1	7
2	1	4	5	5	6	11	0	5
3	0	0	1	3	3	8	2	2
4	4	3	4	6	4	8	6	5
5	16	13	9	16	11	5	15	12
6	79	71	103	92	9	10	62	61
7	252	212	275	245	24	13	179	171
8	254	249	309	268	72	26	149	190
9	145	145	165	155	101	72	81	123
10	102	100	108	112	162	108	32	103
11	92	93	85	105	183	122	40	103
12	77	86	137	90	246	114	35	112
13	158	81	142	128	272	119	35	134
14	134	81	132	158	255	146	55	137
15	198	166	203	223	260	138	97	184
16	343	278	352	333	239	126	231	272
17	296	255	334	350	194	111	222	252
18	238	189	270	185	170	85	171	187
19	172	174	208	161	91	84	153	149
20	140	106	150	104	71	90	109	110
21	58	90	86	75	48	47	53	65
22	36	30	37	38	30	30	14	31
23	25	13	16	29	43	10	12	21

TOTALS								

12HR 7-19	2289	1935	2512	2352	2178	1180	1327	1968
16HR 6-22	2738	2376	3059	2784	2397	1411	1704	2353
18HR 6-24	2799	2419	3112	2851	2470	1451	1730	2405
24HR 0-24	2829	2452	3147	2917	2526	1511	1764	2449
								



*LOCATION	: ..	........	.......	.......	.......	.......	.......	...............
*SITE NUMB	ER: 11	701820						
*FILE NUMB	ER:	2						
*INTERVAL	:	15 MIN						
*BATTERY	:	6.2 V						
*RESTARTS	:	0						
*CONFIG	:	12						
*CHANNEL	:  1	OF  2						

	TUE	WED	THU	FRI	SAT	SUN	MON	7-DAY
DATE    05	/05/17	18	19	20	21	22	23	AVERAGE

START HOUR								

0	1	3	16	6	18	16	15	11
1	0	3	3	6	13	22	1	7
2	0	3	5	1	12	12	2	5
3	1	2	4	0	11	10	0	4
4	3	2	8	2	4	10	3	5
5	14	14	25	17	12	4	25	16
6	60	56	90	77	31	18	91	60
7	196	206	235	215	23	22	258	165
8	228	285	319	285	75	32	306	219
9	115	123	143	144	110	61	146	120
10	97	95	102	82	173	88	84	103
11	89	81	107	123	177	175	86	120
12	95	77	97	119	236	264	80	138
13	71	78	99	89	285	274	116	145
14	115	111	110	166	220	272	115	158
15	165	158	176	246	222	230	188	198
16	272	304	352	365	258	253	391	314
17	251	306	315	271	154	245	357	271
18	207	281	191	233	137	269	302	231
19	148	188	124	151	90	213	256	167
20	144	188	146	123	97	134	232	152
21	92	111	66	77	40	84	513	140
22	38	49	30	55	31	22	43	38
23	17	27	12	36	22	16	30	23

TOTALS								

12HR 7-19	1901	2105	2246	2338	2070	2185	2429	2182
16HR 6-22	2345	2648	2672	2766	2328	2634	3521	2702
18HR 6-24	2400	2724	2714	2857	2381	2672	3594	2763
24HR 0-24	2419	2751	2775	2889	2451	2746	3640	2810
								



*LOCATION	: ..	........	.......	.......	.......	.......	.......	...............
*SITE NUMB	ER: 11	701820						
*FILE NUMB	ER:	2						
*INTERVAL	:	15 MIN						
*BATTERY	:	6.2 V						
*RESTARTS	:	0						
*CONFIG	:	12						
*CHANNEL	:  1	OF  2						

	TUE	WED	THU	FRI	SAT	SUN	MON	7-DAY
DATE    05	/05/24	25	26	27	28	29	30	AVERAGE

START HOUR								

0	7	9	11	12	24	33	14	16
1	0	7	15	5	17	7	4	8
2	2	6	5	2	5	9	1	4
3	0	1	2	1	7	2	0	2
4	1	3	2	2	6	14	3	4
5	20	17	25	16	12	5	29	18
6	122	141	100	62	16	10	77	75
7	340	305	276	144	22	15	239	192
8	376	393	308	288	64	18	331	254
9	221	195	211	115	95	42	190	153
10	171	138	136	65	142	65	116	119
11	140	126	137	116	194	112	116	134
12	150	123	113	92	215	154	109	137
13	182	161	142	103	248	153	120	158
14	219	177	122	129	246	149	121	166
15	341	213	240	192	168	116	202	210
16	455	396	341	269	182	117	347	301
17	441	367	359	259	159	118	247	279
18	326	307	226	172	146	158	116	207
19	254	247	185	154	138	209	104	184
20	183	211	113	139	94	93	84	131
21	98	133	112	62	43	38	59	78
22	45	50	54	48	42	37	36	45
23	21	18	17	41	38	13	12	23

TOTALS								

12HR 7-19	3362	2901	2611	1944	1881	1217	2254	2310
16HR 6-22	4019	3633	3121	2361	2172	1567	2578	2779
18HR 6-24	4085	3701	3192	2450	2252	1617	2626	2846
24HR 0-24	4115	3744	3252	2488	2323	1687	2677	2898
								



*LOCATION	: ..	........	.......	.......	.......	.......	.......	...............
*SITE NUMB	ER: 11	701820						
*FILE NUMB	ER:	2						
*INTERVAL	:	15 MIN						
*BATTERY	:	6.2 V						
*RESTARTS	:	0						
*CONFIG	:	12						
*CHANNEL	:  1	OF  2						

	TUE	WED	THU	FRI	SAT	SUN	MON	7-DAY
DATE    05	/05/31	1	2	3	4	5	6	AVERAGE

START HOUR								

0	3	7	10	17	-	-	-	-
1	1	4	5	8	-	-	-	-
2	0	1	1	2	-	-	-	-
3	1	0	1	2	-	-	-	-
4	6	2	3	5	-	-	-	-
5	33	16	21	14	-	-	-	-
6	107	38	102	95	-	-	-	-
7	296	100	303	282	-	-	-	-
8	386	158	399	326	-	-	-	-
9	192	87	205	162	-	-	-	-
10	125	32	117	124	-	-	-	-
11	110	55	155	119	-	-	-	-
12	109	65	144	-	-	-	-	-
13	131	42	141	-	-	-	-	-
14	178	51	160	-	-	-	-	-
15	246	98	230	-	-	-	-	-
16	439	165	392	-	-	-	-	-
17	369	160	345	-	-	-	-	-
18	279	122	294	-	-	-	-	-
19	187	113	148	-	-	-	-	-
20	124	79	128	-	-	-	-	-
21	51	56	104	-	-	-	-	-
22	30	39	54	-	-	-	-	-
23	18	22	22	-	-	-	-	-
				1156				
TOTALS								

12HR 7-19	2860	1135	2885	-	-	-	-	-
16HR 6-22	3329	1421	3367	-	-	-	-	-
18HR 6-24	3377	1482	3443	-	-	-	-	-
24HR 0-24	3421	1512	3484	-	-	-	-	-
								



*LOCATION	: ..	........	.......	.......	.......	.......	.......	...............
*SITE NUMB	ER: 11	701820						
*FILE NUMB	ER:	2						
*INTERVAL	:	15 MIN						
*BATTERY	:	6.2 V						
*RESTARTS	:	0						
*CONFIG	:	12						
*CHANNEL	:  2	OF  2						

	TUE	WED	THU	FRI	SAT	SUN	MON	7-DAY
DATE    05	/05/03	4	5	6	7	8	9	AVERAGE

START HOUR								

0	-	4	9	0	11	4	1	-
1	-	0	4	5	9	7	0	-
2	-	0	3	1	9	7	1	-
3	-	0	4	2	2	4	0	-
4	-	0	4	1	2	0	1	-
5	-	5	0	5	3	2	11	-
6	-	35	4	38	4	1	73	-
7	-	83	11	92	13	15	188	-
8	-	78	16	114	34	25	231	-
9	61	36	38	50	62	45	102	56
10	29	29	49	54	53	77	61	50
11	40	23	41	41	85	85	47	52
12	31	39	57	54	80	147	60	67
13	35	31	69	45	79	163	65	70
14	27	43	72	73	94	124	79	73
15	78	71	59	100	67	104	130	87
16	210	129	81	139	50	101	212	132
17	89	90	87	77	73	74	220	101
18	61	59	73	75	67	105	160	86
19	30	48	33	50	49	50	128	673
20	22	52	26	39	34	77	79	47
21	24	19	26	33	37	25	54	31
22	5	20	9	15	12	8	23	13
23	4	8	0	12	7	3	8	6

TOTALS	746							

12HR 7-19	-	711	653	914	757	1065	1555	-
16HR 6-22	-	865	742	1074	881	5540	1889	-
18HR 6-24	-	893	751	1101	900	5551	1920	-
24HR 0-24	-	902	775	1115	936	1253	1934	-
								



*LOCATION	: ..	........	.......	.......	.......	.......	.......	...............
*SITE NUMB	ER: 11	701820						
*FILE NUMB	ER:	2						
*INTERVAL	:	15 MIN						
*BATTERY	:	6.2 V						
*RESTARTS	:	0						
*CONFIG	:	12						
*CHANNEL	:  2	OF  2						

	TUE	WED	THU	FRI	SAT	SUN	MON	7-DAY
DATE    05	/05/10	11	12	13	14	15	16	AVERAGE

START HOUR								

0	6	6	10	9	16	19	2	10
1	0	0	2	2	3	10	0	2
2	2	1	1	4	1	0	0	1
3	3	0	0	2	4	10	3	3
4	2	0	0	0	6	7	2	2
5	13	6	11	3	5	0	14	7
6	73	73	71	70	11	12	72	55
7	190	159	207	148	13	14	164	128
8	266	186	248	218	23	21	113	154
9	90	88	112	93	57	40	49	76
10	62	56	56	85	76	53	16	58
11	64	26	53	50	73	68	26	51
12	71	41	58	48	125	93	13	64
13	63	45	57	77	102	77	18	63
14	74	61	59	86	115	100	29	75
15	152	88	150	157	112	61	100	117
16	221	163	210	195	96	91	151	161
17	220	153	192	160	100	73	149	150
18	152	116	161	95	77	65	65	104
19	140	113	104	56	58	72	88	90
20	94	112	108	42	35	64	76	76
21	44	48	62	64	23	42	32	45
22	25	28	19	46	25	19	9	24
23	10	10	11	17	31	11	4	13

TOTALS								

12HR 7-19	1625	1182	1563	1412	969	756	893	1200
16HR 6-22	1976	1528	1908	1644	1096	946	1161	1466
18HR 6-24	2011	1566	1938	1707	1152	976	1174	1503
24HR 0-24	2037	1579	1962	1727	1187	1022	1195	1530
								



*LOCATION	: ..	........	.......	.......	.......	.......	.......	...............
*SITE NUMB	ER: 11	701820						
*FILE NUMB	ER:	2						
*INTERVAL	:	15 MIN						
*BATTERY	:	6.2 V						
*RESTARTS	:	0						
*CONFIG	:	12						
*CHANNEL	:  2	OF  2						

	TUE	WED	THU	FRI	SAT	SUN	MON	7-DAY
DATE    05	/05/17	18	19	20	21	22	23	AVERAGE

START HOUR								

0	8	1	5	8	11	7	7	7
1	0	0	0	2	6	10	0	3
2	2	0	6	1	2	7	0	3
3	0	0	0	1	8	2	0	2
4	1	2	0	4	2	3	0	2
5	6	6	14	8	2	3	7	7
6	50	35	64	53	7	1	62	39
7	136	129	148	135	20	21	192	112
8	163	160	192	170	24	8	182	128
9	61	77	80	89	38	22	92	66
10	59	42	48	45	49	48	42	48
11	53	29	43	86	59	85	44	57
12	33	36	62	56	98	91	49	61
13	33	30	54	86	79	152	49	69
14	32	38	63	63	90	117	56	66
15	95	85	117	127	101	118	143	112
16	177	155	188	196	74	92	220	157
17	135	131	154	137	70	108	195	133
18	126	115	113	104	62	110	194	118
19	88	97	72	65	46	97	167	90
20	68	85	258	38	38	69	127	98
21	55	43	56	45	29	58	40	823
22	13	21	29	39	27	30	36	28
23	6	9	11	15	18	10	14	12

TOTALS								

12HR 7-19	1103	1027	1262	1294	764	972	1458	1126
16HR 6-22	1364	1287	1712	1495	884	1197	7286	2175
18HR 6-24	1383	1317	1752	1549	929	1237	7336	2215
24HR 0-24	1400	1326	1777	1573	960	1269	1918	2236
								



*LOCATION	: ..	........	.......	.......	.......	.......	.......	...............
*SITE NUMB	ER: 11	701820						
*FILE NUMB	ER:	2						
*INTERVAL	:	15 MIN						
*BATTERY	:	6.2 V						
*RESTARTS	:	0						
*CONFIG	:	12						
*CHANNEL	:  2	OF  2						

	TUE	WED	THU	FRI	SAT	SUN	MON	7-DAY
DATE    05	/05/24	25	26	27	28	29	30	AVERAGE

START HOUR								

0	6	2	10	8	12	8	5	7
1	4	2	8	6	4	13	0	5
2	0	1	1	5	3	9	0	3
3	0	2	3	3	10	6	0	3
4	0	2	2	1	6	3	2	2
5	12	10	16	7	4	3	7	8
6	67	84	61	33	6	6	70	47
7	194	192	176	85	18	9	148	117		
8	252	229	198	140	34	11	187	150		
9	125	98	119	76	39	28	95	83		
10	52	56	69	47	86	39	49	57		
11	55	61	70	37	71	63	46	58		
12	62	48	55	41	111	61	44	60		
13	29	73	51	44	112	72	48	61		
14	7	84	78	46	82	76	43	59		
15	145	146	112	121	106	61	127	117		
16	237	258	210	135	84	58	189	167		
17	239	217	142	130	88	68	124	144		
18	187	196	102	82	61	75	67	110		
19	142	3949	79	43	69	192	47	646		
20	111	5807	48	45	61	32	53	880		1761
21	60	3442	50	33	29	47	43	529		8
22	26	5293	21	27	14	29	19	776		1769
23	15	8	13	13	13	8	6	11		371,49		339
										2140,49		
TOTALS												

12HR 7-19	1584	1658	1382	984	892	621	1167	1184				
16HR 6-22	1964	14940	1620	1138	1057	898	1380	3285				
18HR 6-24	2005	20241	1654	1178	1084	935	1405	4072				
24HR 0-24	2027	2140	1694	1208	1123	977	1419	4101				
												



*LOCATION	: ..	........	.......	.......	.......	.......	.......	...............				
*SITE NUMB	ER: 11	701820										
*FILE NUMB	ER:	2										
*INTERVAL	:	15 MIN										
*BATTERY	:	6.2 V						
*RESTARTS	:	0						
*CONFIG	:	12						
*CHANNEL	:  2	OF  2						

	TUE	WED	THU	FRI	SAT	SUN	MON	7-DAY
DATE    05	/05/31	1	2	3	4	5	6	AVERAGE

START HOUR								

0	1	5	6	7	-	-	-	-
1	0	0	4	7	-	-	-	-
2	2	0	0	1	-	-	-	-
3	0	0	5	4	-	-	-	-
4	0	0	3	2	-	-	-	-
5	6	5	8	4	-	-	-	-
6	85	50	77	71	-	-	-	-
7	142	51	153	147	-	-	-	-
8	219	68	226	156	-	-	-	-
9	91	52	105	104	-	-	-	-
10	75	20	59	43	-	-	-	-
11	59	19	50	44	-	-	-	-
12	39	16	59	-	-	-	-	-
13	57	26	55	-	-	-	-	-
14	64	18	70	-	-	-	-	-
15	127	48	125	-	-	-	-	-
16	191	73	242	-	-	-	-	-
17	182	60	193	-	-	-	-	-
18	157	55	104	-	-	-	-	-
19	107	48	77	-	-	-	-	-
20	50	41	77	-	-	-	-	-
21	37	34	50	-	-	-	-	-
22	15	27	21	-	-	-	-	-
23	14	12	20	-	-	-	-	-

TOTALS				590				

12HR 7-19	1403	506	1441	-	-	-	-	-
16HR 6-22	1682	679	1722	-	-	-	-	-
18HR 6-24	1711	718	1763	-	-	-	-	-
24HR 0-24	1720	728	1789	-	-	-	-	-
								
								
