 
 
 
*LOCATION   : ............................................................
*SITE NUMBER: 11604101
*FILE NUMBER:        5
*INTERVAL   :   15 MIN
*BATTERY    :    6.4 V
*RESTARTS   :        0
*CONFIG     :        0
*CHANNEL    :  1 OF  1
 
             MON    TUE    WED    THU    FRI    SAT    SUN    7-DAY
DATE    08/10/06     07     08     09     10     11     12   AVERAGE
 
START HOUR
 
    0          -      0      0      1      0      0      2       -
    1          -      1      2      2      1      3      3       -
    2          -      3      2      3      0      3      7       -
    3          -      2      1      1      0      1      1       -
    4          -      1      3      2      0      1      1       -
    5          -     12      9     11     11      3      3       -
    6          -     35     40     23     27      5      5       -
    7          -     65     60     67     57      8      2       -
    8          -     83     72     68     57     18      4       -
    9          -     37     37     52     26     33     10       -
   10          -     36     40     45     30     37     14       -
   11          -     41     32     49     42     28     23       -
   12          -     44     44     41     35     41     23       -
   13          -     65     43     56     70     40     34       -
   14          -     81     52     57     99     52     32       -
   15          -     90     82     74    105     51     50       -
   16         94    122    119     95    104     60     40      91
   17         68     80     88    102     75     38     35      69
   18         72     68     94     60     48     11     28      54
   19         39     42     43     36     37     17     22      34
   20         28     24     32     25     10      8     12      20
   21         18     12     20      8     20      3      6      12
   22          7     10      8      7      6      7      6       7
   23          0      0      4      0      3      3      1       2
 
TOTALS
 
12HR 7-19      -    812    763    766    748    417    295       -
16HR 6-22      -    925    898    858    842    450    340       -
18HR 6-24      -    935    910    865    851    460    347       -
24HR 0-24      -    954    927    885    863    471    364       -
 
 
 
 
*LOCATION   : ............................................................
*SITE NUMBER: 11604101
*FILE NUMBER:        5
*INTERVAL   :   15 MIN
*BATTERY    :    6.4 V
*RESTARTS   :        0
*CONFIG     :        0
*CHANNEL    :  1 OF  1
 
             MON    TUE    WED    THU    FRI    SAT    SUN    7-DAY
DATE    08/10/13     14     15     16     17     18     19   AVERAGE
 
START HOUR
 
    0          0      0      0      1      1      1      3       1
    1          5      0      6      2      3      0      1       2
    2          2      4      2      3      2      1      1       2
    3          0      1      0      2      1      0      1       1
    4          4      3      3      1      3      0      0       2
    5          7     10     12      9      9      0      2       7
    6         35     36     35     21     33      4      8      25
    7         60     64     63     45     40      6      4      40
    8         79     60     53     43     32     24      1      42
    9         30     42     39     19     17     24      8      26
   10         40     37     44     19     43     47      5      34
   11         44     45     50      9     48     52     10      37
   12         53     33     34     30     58     55     19      40
   13         46     43     37     38     62     67     32      46
   14         55     56     54     35     72     45     19      48
   15         83     60     84     42     65     50     23      58
   16         99     89    109     50     79     60     20      72
   17         72     80     86     29     71     64     13      59
   18         55     59     66     21     52     30      7      41
   19         49     37     36      6     34     12      4      25
   20         20     27     26     14     28      6     12      19
   21         10     13     13     10      7      9      4       9
   22          3      5      9      6     12      7      4       7
   23          0      1      5      1      3      4      2       2
 
TOTALS
 
12HR 7-19    716    668    719    380    639    524    161     544
16HR 6-22    830    781    829    431    741    555    189     622
18HR 6-24    833    787    843    438    756    566    195     631
24HR 0-24    851    805    866    456    775    568    203     646
 
 
 
 
*LOCATION   : ............................................................
*SITE NUMBER: 11604101
*FILE NUMBER:        5
*INTERVAL   :   15 MIN
*BATTERY    :    6.4 V
*RESTARTS   :        0
*CONFIG     :        0
*CHANNEL    :  1 OF  1
 
             MON    TUE    WED    THU    FRI    SAT    SUN    7-DAY
DATE    08/10/20     21     22     23     24     25     26   AVERAGE
 
START HOUR
 
    0          3      0      0      0      1      2      3       1
    1          3      0      1      0      1      1      1       1
    2          1      3      1      2      3      1      2       2
    3          1      1      2      1      1      1      1       1
    4          1      0      0      2      0      0      0       0
    5         10     11     10     10      9      2      1       8
    6         35     31     20     30     26      6      2      21
    7         58     61     64     51     44      7      2      41
    8         70     51     56     64     45     14      1      43
    9         63     30     41     47     35     33      3      36
   10         38     34     30     37     39     45      1      32
   11         52     44     43     36     35     61      3      39
   12         60     38     43     42     44     64      2      42
   13         55     33     45     46     49     74      6      44
   14         60     46     52     53     65     77      6      51
   15         97     70     66     64     61     71     10      63
   16         94     94     90    104     70     53      8      73
   17         93     49     67     68     56     65      4      57
   18         53     33     73     56     49     28      5      42
   19         49     27     32     42     28     11      5      28
   20         34     13     23     24     24      3      2      18
   21          9     13     12     10     16     10      2      10
   22          6      4      6      6      4      5      0       4
   23          2      0      1      2      2      3      3       2
 
TOTALS
 
12HR 7-19    793    583    670    668    592    592     51     564
16HR 6-22    920    667    757    774    686    622     62     641
18HR 6-24    928    671    764    782    692    630     65     647
24HR 0-24    947    686    778    797    707    637     73     661
 
 
 
 
*LOCATION   : ............................................................
*SITE NUMBER: 11604101
*FILE NUMBER:        5
*INTERVAL   :   15 MIN
*BATTERY    :    6.4 V
*RESTARTS   :        0
*CONFIG     :        0
*CHANNEL    :  1 OF  1
 
             MON    TUE    WED    THU    FRI    SAT    SUN    7-DAY
DATE    08/10/27     28     29     30     31     01     02   AVERAGE
 
START HOUR
 
    0          1      0      2      0      0      3      2       1
    1          1      0      0      0      0      1      2       1
    2          1      0      0      0      0      2      1       1
    3          0      3      0      0      0      1      1       1
    4          0      1      0      0      0      2      0       0
    5          1      3      0      0      0      1      0       1
    6         11     16      0      0      0      0      1       4
    7         18     30      0      0      0      4      6       8
    8         52     67      0      0      0      7      4      19
    9         51     72      0      0      0      2      3      18
   10         35     48      0      0      0      8      3      13
   11         29     37      0      0     26     11      9      16
   12         44     30      0      0     37     20     18      21
   13         35     21      0      0     39     16     34      21
   14         44     41      0      0     59     26     74      35
   15         59     39      0      0     62     24     41      32
   16         68     57      0      0     62     23     32      35
   17         77     83      0      0     65     18     61      43
   18         70     54      0      0     45     13     24      29
   19         67     29      0      0     29     10     16      22
   20         45     20      0      0     27      7     15      16
   21         44     19      0      0     21      9     11      15
   22         14     12      0      0     13      1      2       6
   23          2      3      0      0      3      4      3       2
 
TOTALS
 
12HR 7-19    582    579      0      0    395    172    309     291
16HR 6-22    749    663      0      0    472    198    352     348
18HR 6-24    765    678      0      0    488    203    357     356
24HR 0-24    769    685      2      0    488    213    363     360
 
 
 
 
*LOCATION   : ............................................................
*SITE NUMBER: 11604101
*FILE NUMBER:        5
*INTERVAL   :   15 MIN
*BATTERY    :    6.4 V
*RESTARTS   :        0
*CONFIG     :        0
*CHANNEL    :  1 OF  1
 
             MON    TUE    WED    THU    FRI    SAT    SUN    7-DAY
DATE    08/11/03     04     05     06     07     08     09   AVERAGE
 
START HOUR
 
    0          1      0      -      -      -      -      -       -
    1          1      0      -      -      -      -      -       -
    2          0      0      -      -      -      -      -       -
    3          3      2      -      -      -      -      -       -
    4          1      0      -      -      -      -      -       -
    5          1      0      -      -      -      -      -       -
    6          9      9      -      -      -      -      -       -
    7         24     28      -      -      -      -      -       -
    8         50     55      -      -      -      -      -       -
    9         52     49      -      -      -      -      -       -
   10         41     27      -      -      -      -      -       -
   11         32     31      -      -      -      -      -       -
   12         44     39      -      -      -      -      -       -
   13         38     43      -      -      -      -      -       -
   14         53     69      -      -      -      -      -       -
   15         83      -      -      -      -      -      -       -
   16         77      -      -      -      -      -      -       -
   17         79      -      -      -      -      -      -       -
   18         64      -      -      -      -      -      -       -
   19         38      -      -      -      -      -      -       -
   20         31      -      -      -      -      -      -       -
   21         20      -      -      -      -      -      -       -
   22          