 
 
 
*LOCATION   : ............................................................
*SITE NUMBER: 10303201
*FILE NUMBER:        6
*INTERVAL   :   15 MIN
*BATTERY    :    6.1 V
*RESTARTS   :        0
*CONFIG     :       12
*CHANNEL    :  1 OF  2
 
             MON    TUE    WED    THU    FRI    SAT    SUN    7-DAY
DATE    04/08/02     03     04     05     06     07     08   AVERAGE
 
START HOUR
 
    0          -      4      3      2      4      9      5       -
    1          -      1      1      3      2      3      2       -
    2          -      1      3      3      3      1      1       -
    3          -      0      2      2      2      2      2       -
    4          -      2      3      2      1      2      1       -
    5          -      6     11     10     12      1      3       -
    6          -     78     89     88     76     14     10       -
    7          -    153    170    194    151      7      9       -
    8          -    185    204    185    170     25     13       -
    9         71     73     86     78     62     32     20      60
   10         46     59     53     45     55     38     30      47
   11         62     35     44     51     42     52     43      47
   12         49     44     60     52     47     66     71      56
   13         64     54     60     61     53     67     74      62
   14         54     85     67     59     67     51     58      63
   15         74     76     80     77     87     61     61      74
   16         85    101    105     97     70     55     65      83
   17         68     75     92     69     53     58     64      68
   18         62     89     72     72     36     52     56      63
   19         51     53     64     46     28     40     68      50
   20         37     46     48     52     34     25     49      42
   21         44     38     47     48     53     23     18      39
   22         15     19     17     21     19      7      7      15
   23          4     13     11     10      4      5      6       8
 
TOTALS
 
12HR 7-19      -   1029   1093   1040    893    564    564       -
16HR 6-22      -   1244   1341   1274   1084    666    709       -
18HR 6-24      -   1276   1369   1305   1107    678    722       -
24HR 0-24      -   1290   1392   1327   1131    696    736       -
 
 
 
 
*LOCATION   : ............................................................
*SITE NUMBER: 10303201
*FILE NUMBER:        6
*INTERVAL   :   15 MIN
*BATTERY    :    6.1 V
*RESTARTS   :        0
*CONFIG     :       12
*CHANNEL    :  1 OF  2
 
             MON    TUE    WED    THU    FRI    SAT    SUN    7-DAY
DATE    04/08/09     10     11     12     13     14     15   AVERAGE
 
START HOUR
 
    0          6      3      5      3      2      9      6       5
    1          1      0      1      4      1      3      2       2
    2          1      1      3      2      0      1      1       1
    3          0      1      2      0      2      2      0       1
    4          1      2      3      1      1      2      4       2
    5         18     15     15      9     11      3      4      11
    6         88    108     90     97     75     11      9      68
    7        206    207    191    187    148      8      8     136
    8        204    221    211    201    168      9     10     146
    9         83     95     91     83     66     24     21      66
   10         58     65     43     52     29     35     38      46
   11         31     61     33     46     34     23     41      38
   12         31     48     24     40     38     33     41      36
   13         32     41     23     31     47     23     45      35
   14         48     40     35     44     41     30     28      38
   15         67     91     79     48     58     21     26      56
   16        124    122     94    101     97     20     18      82
   17         57     88     46     80     68     20     19      54
   18         54     69     44     57     31     22     21      43
   19         37     57     26     41     16     20     20      31
   20         34     45     28     47     20      8     20      29
   21         28     31     18     21     12     13     16      20
   22         11     13      8     14      5      6      7       9
   23          4      5      2      5      2      4      2       3
 
TOTALS
 
12HR 7-19    995   1148    914    970    825    268    316     777
16HR 6-22   1182   1389   1076   1176    948    320    381     925
18HR 6-24   1197   1407   1086   1195    955    330    390     937
24HR 0-24   1224   1429   1115   1214    972    350    407     959
 
 
 
 
*LOCATION   : ............................................................
*SITE NUMBER: 10303201
*FILE NUMBER:        6
*INTERVAL   :   15 MIN
*BATTERY    :    6.1 V
*RESTARTS   :        0
*CONFIG     :       12
*CHANNEL    :  1 OF  2
 
             MON    TUE    WED    THU    FRI    SAT    SUN    7-DAY
DATE    04/08/16     17     18     19     20     21     22   AVERAGE
 
START HOUR
 
    0          4      3      5      4      4      9      3       5
    1          0      0      0      2      2      1      1       1
    2          0      1      2      0      0      3      1       1
    3          2      2      0      0      3      3      6       2
    4          2      1      2      2      0      2      4       2
    5         14     13     14     17     12      3      4      11
    6         76     72     59     73     55      8     10      50
    7        187    172    142    171    116     18     11     117
    8        220    155    150    179    136     18     12     124
    9         98     50     41     75     54     18     21      51
   10         45     20     21     35     26     21     22      27
   11         43     10     23     38     25     19     19      25
   12         38      7     21     24     33     41     12      25
   13         33     16     14     23     23     25     14      21
   14         24      9     25     40     33     38     20      27
   15         67     21     22     57     70     26     23      41
   16        101     34     52     83     43     27     25      52
   17         51     16     43     52     35     27     27      36
   18         51     15     19     43     32     26     37      32
   19         47     12     22     20     32     18     28      26
   20         38     15     15     27     34     20     18      24
   21         19      9     15     21     10     13     11      14
   22          8      5      6      6      8      2      7       6
   23          1      6      5      6      6      5      6       5
 
TOTALS
 
12HR 7-19    958    525    573    820    626    304    243     578
16HR 6-22   1138    633    684    961    757    363    310     692
18HR 6-24   1147    644    695    973    771    370    323     703
24HR 0-24   1169    664    718    998    792    391    342     725
 
 
 
 
*LOCATION   : ............................................................
*SITE NUMBER: 10303201
*FILE NUMBER:        6
*INTERVAL   :   15 MIN
*BATTERY    :    6.1 V
*RESTARTS   :        0
*CONFIG     :       12
*CHANNEL    :  1 OF  2
 
             MON    TUE    WED    THU    FRI    SAT    SUN    7-DAY
DATE    04/08/23     24     25     26     27     28     29   AVERAGE
 
START HOUR
 
    0          6      3      7      2      1      2      4       4
    1          2      1      1      0      1      3      2       1
    2          1      2      1      1      1      2      1       1
    3          2      0      1      1      0      2      0       1
    4          2      2      3      2      1      3      3       2
    5         15     13     13     13     10      4      1      10
    6         74     74     69     43     46      8      9      46
    7        174    201    161    103    103      5      4     107
    8        182    183    181     85    105     23     13     110
    9         92     89     69     24     43     13     16      49
   10         29     38     42     13     25     24     27      28
   11         31     37     36     12     22     31     34      29
   12         27     38     35     10     30     49     19      30
   13         28     40     37     10     34     20     49      31
   14         31     40     41     12    287     21     36      67
   15         47     67     55     23     30     29     31      40
   16         67     71     84     36     39     17     38      50
   17         52     63     63     24     46     12     38      43
   18         40     49     26      9     22     10     35      27
   19         31     39     34     16     22     15     23      26
   20         24     31     35     12     24     10     17      22
   21         17     21     14     10     14      4     12      13
   22          3     10      5      2      7      4      9       6
   23          3      7      5      2      3      1      3       3
 
TOTALS
 
12HR 7-19    800    916    830    361    786    254    340     612
16HR 6-22    946   1081    982    442    892    291    401     719
18HR 6-24    952   1098    992    446    902    296    413     728
24HR 0-24    980   1119   1018    465    916    312    424     748
 
 
 
 
*LOCATION   : ............................................................
*SITE NUMBER: 10303201
*FILE NUMBER:        6
*INTERVAL   :   15 MIN
*BATTERY    :    6.1 V
*RESTARTS   :        0
*CONFIG     :       12
*CHANNEL    :  1 OF  2
 
             MON    TUE    WED    THU    FRI    SAT    SUN    7-DAY
DATE    04/08/30     31     01     02     03     04     05   AVERAGE
 
START HOUR
 
    0          5      3      1      2      3      2      5       3
    1          0      0      0      3      0      5      1       1
    2          0      2      2      1      1      0      2       1
    3          1      2      0      0      0      0      2       1
    4          4      3      0      1      1      3      0       2
    5         18     13     12     16     16      2      4      12
    6         30     40     58     68     47     11     14      38
    7         74    118    136    139     96     10      2      82
    8         94     76    108    113    107     14     12      75
    9         47     16     38     39     31     18     21      30
   10         22     15     14     13     21     27     30      20
   11         14     19     19     23     14     43     29      23
   12         18     23     10     14     24     43     44      25
   13         17     19     12     15     17     38     61      26
   14         19     23     16     26     22     37     69      30
   15         18     37     27     47     31     40     36      34
   16         39     51     32     57     28     26     41      39
   17         28     38     20     25     29     33     39      30
   18         22     24     28     15     20     24     39      25
   19         16     14     18      5     22     25     36      19
   20         16     17     23     13     10     24     23      18
   21          8     11     16     10      9     10     15      11
   22          4      3      9      1      9      9      6       6
   23          3      2      3      2      4      4      1       3
 
TOTALS
 
12HR 7-19    412    459    460    526    440    353    423     439
16HR 6-22    482    541    575    622    528    423    511     526
18HR 6-24    489    546    587    625    541    436    518     535
24HR 0-24    517    569    602    648    562    448    532     554
 
 
 
 
*LOCATION   : ............................................................
*SITE NUMBER: 10303201
*FILE NUMBER:        6
*INTERVAL   :   15 MIN
*BATTERY    :    6.1 V
*RESTARTS   :        0
*CONFIG     :       12
*CHANNEL    :  1 OF  2
 
             MON    TUE    WED    THU    FRI    SAT    SUN    7-DAY
DATE    04/09/06     07     08     09     10     11     12   AVERAGE
 
START HOUR
 
    0          3      -      -      -      -      -      -       -
    1          1      -      -      -      -      -      -       -
    2          1      -      -      -      -      -      -       -
    3          1      -      -      -      -      -      -       -
    4          2      -      -      -      -      -      -       -
    5          9      -      -      -      -      -      -       -
    6         70      -      -      -      -      -      -       -
    7        137      -      -      -      -      -      -       -
    8        162      -      -      -      -      -      -       -
    9         52      -      -      -      -      -      -       -
   10         33      -      -      -      -      -      -       -
   11         39      -      -      -      -      -      -       -
   12         30      -      -      -      -      -      -       -
   13          -      -      -      -      -      -      -       -
   14          -      -      -      -      -      -      -       -
   15          -      -      -      -      -      -      -       -
   16          -      -      -      -      -      -      -       -
   17          -      -      -      -      -      -      -       -
   18          -      -      -      -      -      -      -       -
   19          -      -      -      -      -      -      -       -
   20          -      -      -      -      -      -      -       -
   21          -      -      -      -      -      -      -       -
   22          -      -      -      -      -      -      -       -
   23          -      -      -      -      -      -      -       -
 
TOTALS
 
12HR 7-19      -      -      -      -      -      -      -       -
16HR 6-22      -      -      -      -      -      -      -       -
18HR 6-24      -      -      -      -      -      -      -       -
24HR 0-24      -      -      -      -      -      -      -       -
 
 
 
 
*LOCATION   : ............................................................
*SITE NUMBER: 10303201
*FILE NUMBER:        6
*INTERVAL   :   15 MIN
*BATTERY    :    6.1 V
*RESTARTS   :        0
*CONFIG     :       12
*CHANNEL    :  2 OF  2
 
             MON    TUE    WED    THU    FRI    SAT    SUN    7-DAY
DATE    04/08/02     03     04     05     06     07     08   AVERAGE
 
START HOUR
 
    0          -      5      8      7      5     11      5       -
    1          -      2      2      6      6      8     11       -
    2          -      0      2      3      5      2      5       -
    3          -      0      1      2      2      1      4       -
    4          -      3      4      4      3      6      7       -
    5          -      6      3      4      2      4      2       -
    6          -     21     25     26     20      0      4       -
    7          -     48     44     50     38      2      7       -
    8          -     42     50     36     46     14      9       -
    9         36     24     32     28     35     24     10      27
   10         52     29     33     24     35     38     39      36
   11         99     30     36     32     36     57     63      50
   12         34     38     44     57     37     67     76      50
   13         72     45     50     47     50     59     48      53
   14         48     48     58     63     82     51     45      56
   15        141    123    149    144    147     60     57     117
   16        165    160    174    173    121     43     57     128
   17        122    137    151    124     86     36     37      99
   18         84    102     93     92     53     49     48      74
   19         70     58     78     63     36     32     48      55
   20         55     47     47     51     30     24     30      41
   21         23     34     49     41     33     17     19      31
   22          9     22     25     29     17     12      8      17
   23          6     15     11     10     14     15     12      12
 
TOTALS
 
12HR 7-19      -    826    914    870    766    500    496       -
16HR 6-22      -    986   1113   1051    885    573    597       -
18HR 6-24      -   1023   1149   1090    916    600    617       -
24HR 0-24      -   1039   1169   1116    939    632    651       -
 
 
 
 
*LOCATION   : ............................................................
*SITE NUMBER: 10303201
*FILE NUMBER:        6
*INTERVAL   :   15 MIN
*BATTERY    :    6.1 V
*RESTARTS   :        0
*CONFIG     :       12
*CHANNEL    :  2 OF  2
 
             MON    TUE    WED    THU    FRI    SAT    SUN    7-DAY
DATE    04/08/09     10     11     12     13     14     15   AVERAGE
 
START HOUR
 
    0          2      4      7      6     10      8      2       6
    1          5      0      2      2      4      8      2       3
    2          1      4      3      4      5      2      3       3
    3          0      0      4      1      3      1      2       2
    4          6      3      0      4      0      5      6       3
    5          7      5      4      6      4      3      3       5
    6         18     27     25     17     21      3      1      16
    7         48     59     51     55     47      6      3      38
    8         58     70     51     43     38      6      7      39
    9         19     25     30     18     19     12     12      19
   10         28     26     18     24     27     20     26      24
   11         30     28     27     21     30     33     23      27
   12         33     42     22     40     34     34     32      34
   13         30     41     28     42     32     28     44      35
   14         51     72     48     46     62     28     51      51
   15        139    137    145    125    119     22     20     101
   16        212    211    154    200    137     21      5     134
   17        123    157    109    130     91     13     15      91
   18         88     85     83     73     57     13     16      59
   19         65     78     52     55     19      7     23      43
   20         47     66     32     57     26     14     23      38
   21         37     41     32     28     12      8     15      25
   22         18     23     10     17      9      8      7      13
   23          6     10      8      3      7      2      5       6
 
TOTALS
 
12HR 7-19    859    953    766    817    693    236    254     654
16HR 6-22   1026   1165    907    974    771    268    316     775
18HR 6-24   1050   1198    925    994    787    278    328     794
24HR 0-24   1071   1214    945   1017    813    305    346     816
 
 
 
 
*LOCATION   : ............................................................
*SITE NUMBER: 10303201
*FILE NUMBER:        6
*INTERVAL   :   15 MIN
*BATTERY    :    6.1 V
*RESTARTS   :        0
*CONFIG     :       12
*CHANNEL    :  2 OF  2
 
             MON    TUE    WED    THU    FRI    SAT    SUN    7-DAY
DATE    04/08/16     17     18     19     20     21     22   AVERAGE
 
START HOUR
 
    0          0      3      3      1      3      2      9       3
    1          1      2      0      5      6      6      3       3
    2          2      1      1      0      1      7      0       2
    3          0      2      0      1      1      3      5       2
    4          0      3      1      2      2     38      3       7
    5          5      5      3      4      5      2      5       4
    6         16     24     20     19     13      3      2      14
    7         58     34     36     54     27      9      5      32
    8         51     39     32     39     24      4      6      28
    9         21     13     15     21     19      9     10      15
   10         15      5     11     27     13     11     11      13
   11         25     11     13     33     28     27     21      23
   12         35     11     22     22     17     31     11      21
   13         26     11     24     29     32     33     18      25
   14         42     20     43     47     49     24     28      36
   15        148     74     49    113     96     38     32      79
   16        192     98    119    161    111     24     27     105
   17        136     74    102    113     72     35     32      81
   18         96     53     47     64     47     27     26      51
   19         55     30     39     36     52     31     26      38
   20         47     27     25     46     33     25     18      32
   21         24     10     16     15     29     19     15      18
   22         15      6      7      6     11      9      2       8
   23          2      4      2      5      4      3      6       4
 
TOTALS
 
12HR 7-19    845    443    513    723    535    272    227     508
16HR 6-22    987    534    613    839    662    350    288     610
18HR 6-24   1004    544    622    850    677    362    296     622
24HR 0-24   1012    560    630    863    695    420    321     643
 
 
 
 
*LOCATION   : ............................................................
*SITE NUMBER: 10303201
*FILE NUMBER:        6
*INTERVAL   :   15 MIN
*BATTERY    :    6.1 V
*RESTARTS   :        0
*CONFIG     :       12
*CHANNEL    :  2 OF  2
 
             MON    TUE    WED    THU    FRI    SAT    SUN    7-DAY
DATE    04/08/23     24     25     26     27     28     29   AVERAGE
 
START HOUR
 
    0          3      0      4      7      1      4      2       3
    1          3      2      5      1      7      5      3       4
    2          1      1      1      3      3      1      2       2
    3          1      0      0      1      0      1      0       0
    4          0      0      2      1      0      2      2       1
    5          2      5      3      3      4      4      4       4
    6         14     21     19      9     13      3      4      12
    7         39     52     41     26     23      2      6      27
    8         48     43     41     23     29     11      8      29
    9         18     19     20      9     18      8      6      14
   10         20     20     24      0      9     34     24      19
   11         26     29     24      4     22     14     16      19
   12         31     30     30     10     22     38     25      27
   13         20     24     38     15     31     32     34      28
   14         37     56     47     19    122     28     34      49
   15        116    121    120     59     79     42     26      80
   16        155    167    160     86    111     31     22     105
   17        113    123    103     58     72     24     39      76
   18         64     81     62     19     32      8     36      43
   19         41     67     45     28     20     12     29      35
   20         28     51     42     11     24      6     19      26
   21         24     28     19      8     18      4     12      16
   22         19     15     17      6     11      4      7      11
   23          2      7      3      3      3      1      6       4
 
TOTALS
 
12HR 7-19    687    765    710    328    570    272    276     515
16HR 6-22    794    932    835    384    645    297    340     604
18HR 6-24    815    954    855    393    659    302    353     619
24HR 0-24    825    962    870    409    674    319    366     632
 
 
 
 
*LOCATION   : ............................................................
*SITE NUMBER: 10303201
*FILE NUMBER:        6
*INTERVAL   :   15 MIN
*BATTERY    :    6.1 V
*RESTARTS   :        0
*CONFIG     :       12
*CHANNEL    :  2 OF  2
 
             MON    TUE    WED    THU    FRI    SAT    SUN    7-DAY
DATE    04/08/30     31     01     02     03     04     05   AVERAGE
 
START HOUR
 
    0          3      3      2      2      4      2      7       3
    1          0      1      3      4      1      5      7       3
    2          3      0      2      2      1      2      3       2
    3          0      1      0      2      1      6      1       2
    4          0      0      0      1      1      2      1       1
    5          3      4      4      8      4      4      3       4
    6          4      7     21     16     12      3      2       9
    7         21     26     34     34     21      1      5      20
    8         32     22     25     29     23      5      5      20
    9         11      5      8      6     10     12      4       8
   10          9     10      5     13     12     25     22      14
   11          7     14     15     19     13     38     29      19
   12         13     18     11     14     21     30     43      21
   13         16     17     14     19     22     39     62      27
   14         25     20     28     30     27     46     60      34
   15         98     75     77     83     78     44     50      72
   16         89     87    114    114     96     30     33      80
   17         53     65     56     75     48     23     35      51
   18         37     26     45     40     33     21     25      32
   19         37     33     39     24     35     21     28      31
   20         26     30     33     20     21     11     21      23
   21         19     14     16     10     20      9     16      15
   22          7      6     12      7      8     10      5       8
   23          3      7      3      0      3      4      2       3
 
TOTALS
 
12HR 7-19    411    385    432    476    404    314    373     399
16HR 6-22    497    469    541    546    492    358    440     478
18HR 6-24    507    482    556    553    503    372    447     489
24HR 0-24    516    491    567    572    515    393    469     503
 
 
 
 
*LOCATION   : ............................................................
*SITE NUMBER: 10303201
*FILE NUMBER:        6
*INTERVAL   :   15 MIN
*BATTERY    :    6.1 V
*RESTARTS   :        0
*CONFIG     :       12
*CHANNEL    :  2 OF  2
 
             MON    TUE    WED    THU    FRI    SAT    SUN    7-DAY
DATE    04/09/06     07     08     09     10     11     12   AVERAGE
 
START HOUR
 
    0          2      -      -      -      -      -      -       -
    1          0      -      -      -      -      -      -       -
    2          0      -      -      -      -      -      -       -
    3          0      -      -      -      -      -      -       -
    4          0      -      -      -      -      -      -       -
    5          4      -      -      -      -      -      -       -
    6         12      -      -      -      -      -      -       -
    7         41      -      -      -      -      -      -       -
    8         31      -      -      -      -      -      -       -
    9         18      -      -      -      -      -      -       -
   10          7      -      -      -      -      -      -       -
   11         17      -      -      -      -      -      -       -
   12         25      -      -      -      -      -      -       -
   13          -      -      -      -      -      -      -       -
   14          -      -      -      -      -      -      -       -
   15          -      -      -      -      -      -      -       -
   16          -      -      -      -      -      -      -       -
   17          -      -      -      -      -      -      -       -
   18          -      -      -      -      -      -      -       -
   19          -      -      -      -      -      -      -       -
   20          -      -      -      -      -      -      -       -
   21          -      -      -      -      -      -      -       -
   22          -      -      -      -      -      -      -       -
   23          -      -      -      -      -      -      -       -
 
TOTALS
 
12HR 7-19      -      -      -      -      -      -      -       -
16HR 6-22      -      -      -      -      -      -      -       -
18HR 6-24      -      -      -      -      -      -      -       -
24HR 0-24      -      -      -      -      -      -      -       -
 
