 
 
 
*LOCATION   : ............................................................
*SITE NUMBER: 11203211
*FILE NUMBER:       18
*INTERVAL   :   15 MIN
*BATTERY    :    6.2 V
*RESTARTS   :        0
*CONFIG     :       12
*CHANNEL    :  1 OF  2
 
             WED    THU    FRI    SAT    SUN    MON    TUE    7-DAY
DATE    04/08/04     05     06     07     08     09     10   AVERAGE
 
START HOUR
 
    0          -      0      1      0      0      3      0       -
    1          -      0      1      0      0      1      2       -
    2          -      0      0      2      0      0      0       -
    3          -      0      0      1      0      0      0       -
    4          -      0      0      0      0      0      0       -
    5          -      0      0      1      0      2      1       -
    6          -      5      4      3      0     15     11       -
    7          -     12     10      6      4     16     26       -
    8          -     10      7      6      7     23     27       -
    9         14     13     11     15      7     27     17      15
   10         15     20     15     23     30     10     13      18
   11         24     28     27     31     45      9     22      27
   12         24     30     24     41     50     19     23      30
   13         29     26     31     32     26     23     21      27
   14         18     30     27     16     46     15     31      26
   15         32     43     37     35     43     43     39      39
   16         31     43     33     40     42     23     41      36
   17         34     36     25     25     31     28     31      30
   18         41     39     23     27     38     29     39      34
   19         55     43     23     19     43     42     28      36
   20         27     29     19     23     20     27     30      25
   21         17     16      7      9     17      4     16      12
   22          2      0      5     10      8      1      6       5
   23          3      0      1      8      1      0      2       2
 
TOTALS
 
12HR 7-19      -    330    270    297    369    265    330       -
16HR 6-22      -    423    323    351    449    353    415       -
18HR 6-24      -    423    329    369    458    354    423       -
24HR 0-24      -    423    331    373    458    360    426       -



 
 
 
 
*LOCATION   : ............................................................
*SITE NUMBER: 11203211
*FILE NUMBER:       18
*INTERVAL   :   15 MIN
*BATTERY    :    6.2 V
*RESTARTS   :        0
*CONFIG     :       12
*CHANNEL    :  1 OF  2
 
             WED    THU    FRI    SAT    SUN    MON    TUE    7-DAY
DATE    04/08/11     12     13     14     15     16     17   AVERAGE
 
START HOUR
 
    0          1      1      0      0      0      1      0       0
    1          0      0      0      0      0      0      0       0
    2          0      0      1      0      0      0      0       0
    3          0      0      0      0      0      0      0       0
    4          0      0      0      0      0      0      0       0
    5          0      1      1      0      1      1      0       1
    6         17     10      9      1      4     11      8       9
    7         20     29     14      4      0     16     15      14
    8         22     18     20      1     13     28     11      16
    9          8     16     12      7     10     13      8      11
   10         10     10     10     14     24     13      6      12
   11         16      6     13     18     22     11      2      13
   12          9     15     18     13     36      9      5      15
   13          9     14     31      7     27     21      1      16
   14         17     18     22      7     16     19      3      15
   15         24     30     31     13     13     27     12      21
   16         25     38     26     14      2     50     11      24
   17         16     24     21     20     15     31      4      19
   18         25     36     24      4      9     44      9      22
   19         34     30     30     11     15     30     11      23
   20         25     17     17      5     14     28     10      17
   21         11     15      5      5      4      5      4       7
   22          2      1      1      4      0      3      3       2
   23          0      1      0      2      0      0      0       0
 
TOTALS
 
12HR 7-19    201    254    242    122    187    282     87     196
16HR 6-22    288    326    303    144    224    356    120     252
18HR 6-24    290    328    304    150    224    359    123     254
24HR 0-24    291    330    306    150    225    361    123     255



 
 
 
 
*LOCATION   : ............................................................
*SITE NUMBER: 11203211
*FILE NUMBER:       18
*INTERVAL   :   15 MIN
*BATTERY    :    6.2 V
*RESTARTS   :        0
*CONFIG     :       12
*CHANNEL    :  1 OF  2
 
             WED    THU    FRI    SAT    SUN    MON    TUE    7-DAY
DATE    04/08/18     19     20     21     22     23     24   AVERAGE
 
START HOUR
 
    0          0      0      0      0      1      0      0       0
    1          0      0      0      0      1      0      0       0
    2          0      0      0      2      0      0      0       0
    3          0      0      0      1      0      0      0       0
    4          0      0      1      0      3      0      1       1
    5          0      0      0      0      2      0      0       0
    6          4      7      4      2      0      8     10       5
    7         11     20     13      2      1     14     23      12
    8         13     25     11      1      2     24     26      15
    9          2     12     11      3     13     13      9       9
   10          7     21     10      4      7     10     12      10
   11          6     25      8      4     12     10      8      10
   12          8     10     14     12     13      9     11      11
   13          3      6     16     18      8     13     13      11
   14          3     11     17     18     28     13     28      17
   15          3     20     16     14     23     24     19      17
   16         14     41     12     17     17     21     38      23
   17         17     31     13     17     44     27     30      26
   18         15     25     31     28     33     21     41      28
   19         15     15     13     18     36     19     32      21
   20         14      7     12     11     20      8     24      14
   21          5      2      2      5      4      7     10       5
   22          0      1      2      2      4      1      3       2
   23          0      0      0      1      2      0      0       0
 
TOTALS
 
12HR 7-19    102    247    172    138    201    199    258     188
16HR 6-22    140    278    203    174    261    241    334     233
18HR 6-24    140    279    205    177    267    242    337     235
24HR 0-24    140    279    206    180    274    242    338     237



 
 
 
 
*LOCATION   : ............................................................
*SITE NUMBER: 11203211
*FILE NUMBER:       18
*INTERVAL   :   15 MIN
*BATTERY    :    6.2 V
*RESTARTS   :        0
*CONFIG     :       12
*CHANNEL    :  1 OF  2
 
             WED    THU    FRI    SAT    SUN    MON    TUE    7-DAY
DATE    04/08/25     26     27     28     29     30     31   AVERAGE
 
START HOUR
 
    0          0      0      0      1      0      0      1       0
    1          1      0      0      2      1      0      0       1
    2          2      0      0      0      0      0      0       0
    3          0      0      0      0      0      0      0       0
    4          1      1      0      0      0      0      1       0
    5          0      0      0      1      0      1      0       0
    6         14     10      8      0      1      3      5       6
    7         20      8     15      1      1      8     16      10
    8         16     17      8      4      1     13      7       9
    9          9      3      9      8      9      2      2       6
   10         12      2      2     15     21      3      0       8
   11         16      6     11     14     14      5      6      10
   12         10      5      7     16     24      0     13      11
   13         17      6     15     16     20      3      4      12
   14         17      9     13     14     16      8     16      13
   15         22      6     27     25     31     21     26      23
   16         33     10     24     22     20     18     17      21
   17         25     11     16     12     33     14     17      18
   18         30      3     27      3     19     24     15      17
   19         23      8     23      5     27     21      7      16
   20         18      4     16      4     20     16      7      12
   21         10      0      3      3      1      1      4       3
   22          3      1      0      0      1      0      1       1
   23          2      0      0      0      0      0      0       0
 
TOTALS
 
12HR 7-19    227     86    174    150    209    119    139     158
16HR 6-22    292    108    224    162    258    160    162     195
18HR 6-24    297    109    224    162    259    160    163     196
24HR 0-24    301    110    224    166    260    161    165     198


 
 
 
 
