 
 
 
*LOCATION   : ............................................................
*SITE NUMBER: 11503228
*FILE NUMBER:        5
*INTERVAL   :   15 MIN
*BATTERY    :    6.4 V
*RESTARTS   :        0
*CONFIG     :       12
*CHANNEL    :  1 OF  2
 
             MON    TUE    WED    THU    FRI    SAT    SUN    7-DAY
DATE    04/08/02     03     04     05     06     07     08   AVERAGE
 
START HOUR
 
    0          -     25     33     27     32     29      9       -
    1          -     14     22     17     39     28      7       -
    2          -      0     14     11     14     15      1       -
    3          -      3      8      4     13     17      3       -
    4          -      3      8      3      8     10      4       -
    5          -      4     11     13      8      6      9       -
    6          -     64     63     65     11      7     49       -
    7          -    143    147    127     21     15    152       -
    8          -    268    258    211     42     28    296       -
    9          -    166    192    285     49     47    188       -
   10          -    117    269    183    112     59    127       -
   11        120    149    181    127    140     91    125     133
   12        140    145    149    154    165    117    110     140
   13        140    149    145    157    154    116    120     140
   14        133    176    178    197    131    111    135     152
   15        212    313    236    238    124    113    353     227
   16        351    308    310    245     91    103    473     269
   17        272    307    264    205     96    100    240     212
   18        192    208    231    127     84    111    180     162
   19        165    187    162    119     80    207    144     152
   20        110    140    143     93     77    149    124     119
   21         82    109    106     79     57     62     59      79
   22         65     68     65     52     46     46     36      54
   23         43     40     45     52     38     36     19      39
 
TOTALS
 
12HR 7-19      -   2449   2560   2256   1209   1011   2499       -
16HR 6-22      -   2949   3034   2612   1434   1436   2875       -
18HR 6-24      -   3057   3144   2716   1518   1518   2930       -
24HR 0-24      -   3106   3240   2791   1632   1623   2963       -

 
 
 
 








*LOCATION   : ............................................................
*SITE NUMBER: 11503228
*FILE NUMBER:        5
*INTERVAL   :   15 MIN
*BATTERY    :    6.4 V
*RESTARTS   :        0
*CONFIG     :       12
*CHANNEL    :  1 OF  2
 
             MON    TUE    WED    THU    FRI    SAT    SUN    7-DAY
DATE    04/08/09     10     11     12     13     14     15   AVERAGE
 
START HOUR
 
    0         19     18     14     22     25     18      6      17
    1         14     12     21     13     17     21      2      14
    2          3      5     15     12     23      9      1      10
    3          4      2      8      6     24     12      1       8
    4          0      6      7      4     12      7      4       6
    5         11     13      8      8      3      9     10       9
    6         63     60     50     52      7      5     55      42
    7        164    159    142    123     19     10    128     106
    8        315    304    271    225     21     13    302     207
    9        174    170    155    154     56     46    177     133
   10        136     96    113    104     69     65    118     100
   11        160    113    111    143     89     66    138     117
   12        132     79    132    134    100     88    127     113
   13        148     83    124    130    104     76    118     112
   14        173    122    172    180     83     70    139     134
   15        258    178    204    222     82     51    213     173
   16        481    328    294    247     67     28    322     252
   17        307    183    245    180     58     34    273     183
   18        203    149    181    111     42     47    172     129
   19        137    106    143     87     50     38    138     100
   20        123     95    131     70     31     34    102      84
   21         98     72     72     52     26     26     72      60
   22         64     39     46     35     27     17     52      40
   23         37     35     32     29     31     11     20      28
 
TOTALS
 
12HR 7-19   2651   1964   2144   1953    790    594   2227    1760
16HR 6-22   3072   2297   2540   2214    904    697   2594    2045
18HR 6-24   3173   2371   2618   2278    962    725   2666    2113
24HR 0-24   3224   2427   2691   2343   1066    801   2690    2177

 
 
 
 







*LOCATION   : ............................................................
*SITE NUMBER: 11503228
*FILE NUMBER:        5
*INTERVAL   :   15 MIN
*BATTERY    :    6.4 V
*RESTARTS   :        0
*CONFIG     :       12
*CHANNEL    :  1 OF  2
 
             MON    TUE    WED    THU    FRI    SAT    SUN    7-DAY
DATE    04/08/16     17     18     19     20     21     22   AVERAGE
 
START HOUR
 
    0         12      8     14     30     22     21     17      18
    1          2      5      6     12     23     19      7      11
    2          2      0      6      4     17     15      1       6
    3          3      5      7      4     11     12      2       6
    4          5      3      5      6     11      5      1       5
    5         10      8     10     10      6      2      7       8
    6         57     42     56     39     15      9     50      38
    7        137    114    136    110     22      5    124      93
    8        241    226    269    205     28     14    284     181
    9        121     99    134    135     45     16    161     102
   10         51     90    102     91     64     28    116      77
   11         44     94    112    105     64     38    113      81
   12         38     85    139     90     75     35    116      83
   13         43     95    136    143    105     43    123      98
   14         51    112    107    146    111     42    110      97
   15         90    151    169    169    115     74    189     137
   16        140    183    283    244    105     47    285     184
   17        152    190    241    177     95     96    211     166
   18         95    117    147    124     82    146    143     122
   19         81     83    116     80     63     67     87      82
   20         66     55     70     78     48     68     88      68
   21         25     57     40     52     32     27     50      40
   22         21     40     52     57     21     25     23      34
   23         22     26     48     30     25     16     11      25
 
TOTALS
 
12HR 7-19   1203   1556   1975   1739    911    584   1975    1420
16HR 6-22   1432   1793   2257   1988   1069    755   2250    1649
18HR 6-24   1475   1859   2357   2075   1115    796   2284    1709
24HR 0-24   1509   1888   2405   2141   1205    870   2319    1762

 
 
 
 







*LOCATION   : ............................................................
*SITE NUMBER: 11503228
*FILE NUMBER:        5
*INTERVAL   :   15 MIN
*BATTERY    :    6.4 V
*RESTARTS   :        0
*CONFIG     :       12
*CHANNEL    :  1 OF  2
 
             MON    TUE    WED    THU    FRI    SAT    SUN    7-DAY
DATE    04/08/23     24     25     26     27     28     29   AVERAGE
 
START HOUR
 
    0         12     17     24     22     16     17      4      16
    1          8      6     10      8     12      7      7       8
    2          3      5      1      8     11      6      3       5
    3          1      1      3      2      6      6      1       3
    4          2      2      6      5      7      4      2       4
    5          9      6      7      6      6      2      7       6
    6         53     52     40     35      7      1     26      31
    7        138    137     91     86     13      8     75      78
    8        273    251    114    168     24     17    177     146
    9        169    188     57     95     55     29    116     101
   10        113    122     29     72     91     47     63      77
   11        119    103     34    100     83     63     62      81
   12        107    113     29     91    100     75     69      83
   13        105    131     43     98    104     88     76      92
   14        104    119     46    121    108     96     92      98
   15        187    190     84    164     75     85    124     130
   16        293    297    119    200     81     80    170     177
   17        246    215    125    151     42     76    170     146
   18        169    165     82    110     34     65    129     108
   19        133    111     53     64     20     46     80      72
   20         92     82     70     80     15     59     63      66
   21         58     67     58     51     16     42     44      48
   22         44     36     17     34     16     25     30      29
   23         30     21     18     19     16     12     16      19
 
TOTALS
 
12HR 7-19   2023   2031    853   1456    810    729   1323    1318
16HR 6-22   2359   2343   1074   1686    868    877   1536    1535
18HR 6-24   2433   2400   1109   1739    900    914   1582    1582
24HR 0-24   2468   2437   1160   1790    958    956   1606    1625

 
 
 
 






*LOCATION   : ............................................................
*SITE NUMBER: 11503228
*FILE NUMBER:        5
*INTERVAL   :   15 MIN
*BATTERY    :    6.4 V
*RESTARTS   :        0
*CONFIG     :       12
*CHANNEL    :  1 OF  2
 
             MON    TUE    WED    THU    FRI    SAT    SUN    7-DAY
DATE    04/08/30     31     01     02     03     04     05   AVERAGE
 
START HOUR
 
    0          7     13     19      7     20     22      4      13
    1          7      9      6      3     28     19      4      11
    2          6      1      4      2     18     13      7       7
    3          3      2      5      1     11     17      1       6
    4          3      1      0      4      3      4      1       2
    5          7     11     10      9      4      0      7       7
    6         29     43     50     32     10      4     39      30
    7         99     95    112     91     13      5    126      77
    8        134    138    217    170     23     12    246     134
    9         64     96    131     91     55     23    153      88
   10         56     69     72     84     77     32     98      70
   11         80     70     95     96    102     58      -       -
   12         75     61     99     92    112     74      -       -
   13         98     67     92     80    137    105      -       -
   14        100     89    119    105    160    113      -       -
   15        138    114    157    136    109    112      -       -
   16        184    166    202    166    101     96      -       -
   17        174    155    174    128     84    108      -       -
   18         92     98    101     93     63     83      -       -
   19         71     86     47     69     53     53      -       -
   20         54     76     53     49     45     73      -       -
   21         45     48     33     39     26     25      -       -
   22         28     30      9     32     24     20      -       -
   23         14     16     21     23     34     16      -       -
 
TOTALS
 
12HR 7-19   1294   1218   1571   1332   1036    821      -       -
16HR 6-22   1493   1471   1754   1521   1170    976      -       -
18HR 6-24   1535   1517   1784   1576   1228   1012      -       -
24HR 0-24   1568   1554   1828   1602   1312   1087      -       -

 
 
 

