 
 
 
*LOCATION   : ............................................................
*SITE NUMBER: 10803116
*FILE NUMBER:        5
*INTERVAL   :   15 MIN
*BATTERY    :    6.0 V
*RESTARTS   :        0
*CONFIG     :        0
*CHANNEL    :  1 OF  1
 
             TUE    WED    THU    FRI    SAT    SUN    MON    7-DAY
DATE    07/07/31     01     02     03     04     05     06   AVERAGE
 
START HOUR
 
    0          -      6     22     15     25     12      8       -
    1          -      1      9      9      9     12      5       -
    2          -      0      8      1     14     11      5       -
    3          -      1      2      3      8     12      2       -
    4          -      0      1      2      7      7      3       -
    5          -     12     14     11     10      5     14       -
    6          -     32     46     32      9      5     61       -
    7          -    109    112     97     13      6    163       -
    8         80    172    195    157     26     20    254     129
    9         40     98     88     82     44     28    132      73
   10         28     65    114     69     57     73     83      70
   11         32     79     81     79     86    102    134      85
   12         26    110     72     89    120    132    119      95
   13         21    104     86     92    138    122    108      96
   14         27    111    114    101    162    144    133     113
   15         40    153    145    171     92    124    230     136
   16         87    231    218    161     88    130    320     176
   17         68    197    195    139     88    122    270     154
   18         40    183    114    111     76    139    215     125
   19         51    149    118     91     78    103    170     109
   20         18    138     85     71     56     73    170      87
   21         20     80     67     64     43     61    137      67
   22         13     58     44     50     31     31     98      46
   23          4     41     19     27     22     13     33      23
 
TOTALS
 
12HR 7-19      -   1612   1534   1348    990   1142   2161       -
16HR 6-22      -   2011   1850   1606   1176   1384   2699       -
18HR 6-24      -   2110   1913   1683   1229   1428   2830       -
24HR 0-24      -   2130   1969   1724   1302   1487   2867       -
 
 
 
 
*LOCATION   : ............................................................
*SITE NUMBER: 10803116
*FILE NUMBER:        5
*INTERVAL   :   15 MIN
*BATTERY    :    6.0 V
*RESTARTS   :        0
*CONFIG     :        0
*CHANNEL    :  1 OF  1
 
             TUE    WED    THU    FRI    SAT    SUN    MON    7-DAY
DATE    07/08/07     08     09     10     11     12     13   AVERAGE
 
START HOUR
 
    0         13     15     23     16     33     31      4      19
    1          8     15      4     12     30     22      2      13
    2          2      4      5      6     17     14      0       7
    3          0      1      4      5     14     12      6       6
    4          3      4      1      7     12     12      3       6
    5         19     13     14     16      8      3     11      12
    6         66     56     65     48      4      2     70      44
    7        188    163    158    137     15     10    171     120
    8        284    272    274    219     36     15    293     199
    9        140    144    152    135     65     21    148     115
   10        118     86    100     86     66     77    100      90
   11        114    129    103    121     91     42    107     101
   12        118    110    108     98    127     67    112     106
   13        120     93    109    113    111     70     92     101
   14        151    136    112    138    118     82    133     124
   15        245    213    219    227    122    100    218     192
   16        314    312    280    283    123    102    302     245
   17        294    308    298    192    104    125    266     227
   18        215    246    214    149     96    104    201     175
   19        182    196    176    123     82     96    214     153
   20        159    132    149    107     81     71    180     126
   21        105    109    107     82     55     52    102      87
   22         66     62     69     52     33     36     62      54
   23         31     39     28     29     21     16     29      28
 
TOTALS
 
12HR 7-19   2301   2212   2127   1898   1074    815   2143    1796
16HR 6-22   2813   2705   2624   2258   1296   1036   2709    2206
18HR 6-24   2910   2806   2721   2339   1350   1088   2800    2288
24HR 0-24   2955   2858   2772   2401   1464   1182   2826    2351
 
 
 
 
*LOCATION   : ............................................................
*SITE NUMBER: 10803116
*FILE NUMBER:        5
*INTERVAL   :   15 MIN
*BATTERY    :    6.0 V
*RESTARTS   :        0
*CONFIG     :        0
*CHANNEL    :  1 OF  1
 
             TUE    WED    THU    FRI    SAT    SUN    MON    7-DAY
DATE    07/08/14     15     16     17     18     19     20   AVERAGE
 
START HOUR
 
    0         10     15     13     17     24     20     11      16
    1          8      7     10      6     23     12      3      10
    2          2      3     11      1     10     17      0       6
    3          2      3      3      2      4     11      1       4
    4          1      4     11      1      8      9      3       5
    5          9     12     15     14      6      7     12      11
    6         81     76     75     48     14     13     60      52
    7        188    193    197    135     14     10    183     131
    8        303    296    283    181     19     17    299     200
    9        152    162    172    124     32     31    177     121
   10         83    109     78     82     86     69     79      84
   11         31    119     81     93     83     97    103      87
   12         59    107     89     98     90    172    123     105
   13         73    119    113    101    128    165    112     116
   14         84    123    138    131    143    137    115     124
   15        182    215    216    165    126    138    228     181
   16        304    318    272    221    102    135    294     235
   17        269    308    253    171    131    131    290     222
   18        181    232    183    137     81     90    228     162
   19        183    179     93    115     93     85    153     129
   20        134    150     79     72     60     87    135     102
   21         67     88     68     68     55     49     91      69
   22         30     50     31     46     38     22     45      37
   23         18     28     16     28     21      6     18      19
 
TOTALS
 
12HR 7-19   1909   2301   2075   1639   1035   1192   2231    1769
16HR 6-22   2374   2794   2390   1942   1257   1426   2670    2122
18HR 6-24   2422   2872   2437   2016   1316   1454   2733    2179
24HR 0-24   2454   2916   2500   2057   1391   1530   2763    2230
 
 
 
 
*LOCATION   : ............................................................
*SITE NUMBER: 10803116
*FILE NUMBER:        5
*INTERVAL   :   15 MIN
*BATTERY    :    6.0 V
*RESTARTS   :        0
*CONFIG     :        0
*CHANNEL    :  1 OF  1
 
             TUE    WED    THU    FRI    SAT    SUN    MON    7-DAY
DATE    07/08/21     22     23     24     25     26     27   AVERAGE
 
START HOUR
 
    0          6     12     15     14     75     15      5      20
    1          6      6      9     12    100     10      4      21
    2          0      2      8      7     55     10      2      12
    3          2      0      2      7     52      9      2      11
    4          7      2      2      1     21     10      3       7
    5         18     13     16      7     13      4      9      11
    6         75     68     61     26     16      6     54      44
    7        220    114    195     73     23     11    161     114
    8        306    115    272    122     27     22    262     161
    9        155     85    144     65     32     37    158      97
   10         97     33     96     32     62     64     72      65
   11         81     49     81     37     71    106     65      70
   12        101     24     90     34     89    110     66      73
   13        120     46     70     62    123     96     75      85
   14        142     54    117     79     90    113     91      98
   15        198    142    174    128     89    120    161     145
   16        337    169    253    160     64     37    251     182
   17        258    154    243    149     56     40    194     156
   18        245    123    206    259     58     56    107     151
   19        182     97    167    225     46     41     82     120
   20        146     86    123    188     43     37     62      98
   21         93     67     79    256     21     24     28      81
   22         48     27     40    172     24     17     15      49
   23         24     29     29    183     19      7     10      43
 
TOTALS
 
12HR 7-19   2260   1108   1941   1200    784    812   1663    1395
16HR 6-22   2756   1426   2371   1895    910    920   1889    1738
18HR 6-24   2828   1482   2440   2250    953    944   1914    1830
24HR 0-24   2867   1517   2492   2298   1269   1002   1939    1912
 
 
 
 
*LOCATION   : ............................................................
*SITE NUMBER: 10803116
*FILE NUMBER:        5
*INTERVAL   :   15 MIN
*BATTERY    :    6.0 V
*RESTARTS   :        0
*CONFIG     :        0
*CHANNEL    :  1 OF  1
 
             TUE    WED    THU    FRI    SAT    SUN    MON    7-DAY
DATE    07/08/28     29     30     31     01     02     03   AVERAGE
 
START HOUR
 
    0          4      3      4      8     13      9      1       6
    1          2      0      6      4     25      4      2       6
    2          0      0      0      6      9      4      0       3
    3          1      1      2      1      5      9      3       3
    4          4      2      1      1      8      4      0       3
    5         11      8     11     13      4      0      4       7
    6         52     40     53     39     10      1     15      30
    7        144    135    139    117     14      4     82      91
    8        225    185    218    181     22      1    205     148
    9        113    103    125    120     41     14    107      89
   10         74     47     84     74     50     11      -       -
   11         62     41     76     93     68      6      -       -
   12         69     47     83     89     81     29      -       -
   13         82     48     63    112     77     27      -       -
   14         74     71     73    105    102     39      -       -
   15        137    119    132    124     93     46      -       -
   16        223    185    180    196     64     58      -       -
   17        206    144    175    120     41     67      -       -
   18        139    128     93    102     43     44      -       -
   19        127    100     89     64     34     55      -       -
   20        120     69     47     40     22     38      -       -
   21         60     47     40     29     16     27      -       -
   22         33     28     14     29      7     15      -       -
   23          8      6      2     25     12      5      -       -
 
TOTALS
 
12HR 7-19   1548   1253   1441   1433    696    346      -       -
16HR 6-22   1907   1509   1670   1605    778    467      -       -
18HR 6-24   1948   1543   1686   1659    797    487      -       -
24HR 0-24   1970   1557   1710   1692    861    517      -       -
 
