 
 
 
*LOCATION   : ............................................................
*SITE NUMBER: 11503128
*FILE NUMBER:        1
*INTERVAL   :   15 MIN
*BATTERY    :    6.4 V
*RESTARTS   :        0
*CONFIG     :        0
*CHANNEL    :  1 OF  1
 
             MON    TUE    WED    THU    FRI    SAT    SUN    7-DAY
DATE    07/07/30     31     01     02     03     04     05   AVERAGE
 
START HOUR
 
    0          -      4      8     23     15     31     30       -
    1          -      1      2     18     14     23     30       -
    2          -      2      5     19      7     15     25       -
    3          -      0      3      7     10     16     17       -
    4          -      2      2     12      6     12      7       -
    5          -      5      8      8      8      2      5       -
    6          -     26     35     43     37      8     12       -
    7          -     49    110     92    108     21     12       -
    8          -     88    181    203    179     36     23       -
    9          -     72    126    122    131     63     40       -
   10          -     47     94     73     96     72     56       -
   11        104     32     82     76    101    112    106      88
   12         97     46     96    107    126    126    106     101
   13        103     40    112    101    123    147    113     106
   14        141     33    110    109    143    123    117     111
   15        154     55    184    183    200    121    114     144
   16        235     95    268    242    226    129    113     187
   17        165     79    192    192    168    111    114     146
   18        123     54    149    162    120     71     82     109
   19         73     56    129    142     82     55     75      87
   20         36     36     85     90     66     60     71      63
   21         25     26     68     72     51     39     56      48
   22         10     12     52     34     53     55     37      36
   23         12      7     23     23     44     44     24      25
 
TOTALS
 
12HR 7-19      -    690   1704   1662   1721   1132    996       -
16HR 6-22      -    834   2021   2009   1957   1294   1210       -
18HR 6-24      -    853   2096   2066   2054   1393   1271       -
24HR 0-24      -    867   2124   2153   2114   1492   1385       -
 
 
 
 
*LOCATION   : ............................................................
*SITE NUMBER: 11503128
*FILE NUMBER:        1
*INTERVAL   :   15 MIN
*BATTERY    :    6.4 V
*RESTARTS   :        0
*CONFIG     :        0
*CHANNEL    :  1 OF  1
 
             MON    TUE    WED    THU    FRI    SAT    SUN    7-DAY
DATE    07/08/06     07     08     09     10     11     12   AVERAGE
 
START HOUR
 
    0          9     12     19     22     20     38     57      25
    1          5      6     12     18     22     31     41      19
    2          4      7      6      9     11     19     34      13
    3          1      5      5      8     14     22     17      10
    4          3      3      3      4      9     12     19       8
    5         10     15     19     17     18      8      3      13
    6         51     60     59     62     48     23     13      45
    7        138    164    177    165    132     17      9     115
    8        320    325    306    277    229     47     23     218
    9        166    209    207    210    196     82     29     157
   10        126    110    125    124    146    113     43     112
   11        126    167    152    159    120    131     64     131
   12        136    150    167    137    130    144     69     133
   13        126    153    161    147    141    161     66     136
   14        142    153    191    157    176    153     90     152
   15        241    274    248    271    246    148     81     216
   16        351    365    407    325    268    140     95     279
   17        273    291    277    241    201    110     94     212
   18        197    235    215    223    165     94     81     173
   19        170    162    203    164    114     76     77     138
   20        149    146    136    140     89     83     80     118
   21         93     94    109     91     74     43     44      78
   22         53     73     88     72     60     47     41      62
   23         33     28     36     35     45     55     16      35
 
TOTALS
 
12HR 7-19   2342   2596   2633   2436   2150   1340    744    2034
16HR 6-22   2805   3058   3140   2893   2475   1565    958    2413
18HR 6-24   2891   3159   3264   3000   2580   1667   1015    2511
24HR 0-24   2923   3207   3328   3078   2674   1797   1186    2599
 
 
 
 
*LOCATION   : ............................................................
*SITE NUMBER: 11503128
*FILE NUMBER:        1
*INTERVAL   :   15 MIN
*BATTERY    :    6.4 V
*RESTARTS   :        0
*CONFIG     :        0
*CHANNEL    :  1 OF  1
 
             MON    TUE    WED    THU    FRI    SAT    SUN    7-DAY
DATE    07/08/13     14     15     16     17     18     19   AVERAGE
 
START HOUR
 
    0         16     19     11     28     21     25     22      20
    1          6     12      7      7     11     27     31      14
    2          3      3      2      5      5     27     24      10
    3          1      2      1      7      3     17     26       8
    4          8      4      1      4      3     11      8       6
    5         13     18     10     17     10      7      8      12
    6         75     62     73     57     43     11     14      48
    7        165    174    167    188    130     13     10     121
    8        339    312    321    330    213     28     32     225
    9        201    222    204    186    167     46     53     154
   10        126    105    128    128    115     69     65     105
   11        158     47    145    120    110    125    110     116
   12        113     80    145    157    127    135    120     125
   13        146    106    171    128    150    149    146     142
   14        152    125    154    156    167    143    140     148
   15        251    236    270    224    245    154    161     220
   16        383    363    367    367    250    116    117     280
   17        323    321    292    303    193     98    102     233
   18        223    233    239    223    179     98     84     183
   19        158    145    178    141    110     70     58     123
   20        132    105    133    107     68     75     63      98
   21        103     80     95     74     56     41     61      73
   22         35     46     57     46     54     49     40      47
   23         36     39     40     36     32     34     21      34
 
TOTALS
 
12HR 7-19   2580   2324   2603   2510   2046   1174   1140    2054
16HR 6-22   3048   2716   3082   2889   2323   1371   1336    2395
18HR 6-24   3119   2801   3179   2971   2409   1454   1397    2476
24HR 0-24   3166   2859   3211   3039   2462   1568   1516    2546
 
 
 
 
*LOCATION   : ............................................................
*SITE NUMBER: 11503128
*FILE NUMBER:        1
*INTERVAL   :   15 MIN
*BATTERY    :    6.4 V
*RESTARTS   :        0
*CONFIG     :        0
*CHANNEL    :  1 OF  1
 
             MON    TUE    WED    THU    FRI    SAT    SUN    7-DAY
DATE    07/08/20     21     22     23     24     25     26   AVERAGE
 
START HOUR
 
    0          8      6     17     15     34     58     17      22
    1          8      8      8     17     17     39     20      17
    2          2      2      4      4      6     29     17       9
    3          1      1      2      1     11     29     13       8
    4          3      0      4      3      5     26     15       8
    5         18     18     15     16      7     11      7      13
    6         59     81     57     68     29     15      7      45
    7        175    190     89    179     71     12     11     104
    8        333    306    127    301    110     21     29     175
    9        204    228    108    198     87     55     41     132
   10        128    113     42    120     39     59     60      80
   11        133    146     24    120     50     93    114      97
   12        188    156     51    135     40    111     98     111
   13        152    144     46    119     70    129     89     107
   14        175    172     75    152    109    106     99     127
   15        262    231    136    224    157    114     93     174
   16        364    345    201    302    186     98     49     221
   17        265    316    156    263    149     79     49     182
   18        248    203    140    193    117     83     33     145
   19        174    141     89    147    118     47     26     106
   20        107    119     94    113    124     52     48      94
   21         92     90     60     84    130     44     24      75
   22         50     53     50     64     99     35     19      53
   23         23     20     36     33     89     30      9      34
 
TOTALS
 
12HR 7-19   2627   2550   1195   2306   1185    960    765    1655
16HR 6-22   3059   2981   1495   2718   1586   1118    870    1975
18HR 6-24   3132   3054   1581   2815   1774   1183    898    2062
24HR 0-24   3172   3089   1631   2871   1854   1375    987    2140
 
 
 
 
*LOCATION   : ............................................................
*SITE NUMBER: 11503128
*FILE NUMBER:        1
*INTERVAL   :   15 MIN
*BATTERY    :    6.4 V
*RESTARTS   :        0
*CONFIG     :        0
*CHANNEL    :  1 OF  1
 
             MON    TUE    WED    THU    FRI    SAT    SUN    7-DAY
DATE    07/08/27     28     29     30     31     01     02   AVERAGE
 
START HOUR
 
    0          4      6      8     12     13     20     19      12
    1          6      4      6      8      3     21     11       8
    2          0      1      5      6      8     10     13       6
    3          1      1      0      5      2      6     10       4
    4          2      4      3      1      4      7      6       4
    5         10     12     13      7     11      2      0       8
    6         52     60     52     42     48     14      5      39
    7        153    128    117    116    102     15      3      91
    8        265    241    212    235    193     19      7     167
    9        189    166    167    156    143     42     12     125
   10        106     82     58    106     81     72     10      74
   11        110    103     62    104    106     80     18      83
   12        117     93     75    107     92     99     30      88
   13        117     90     83    109    117     97     33      92
   14        115    118     93     72    116    100     36      93
   15        185    192    154    157    154     80     57     140
   16        290    239    237    229    203     73     53     189
   17        248    218    174    211    138     52     54     156
   18        135    147    113     97     93     32     46      95
   19         78    111     86     87     68     37     29      71
   20         71     79     76     71     60     38     35      61
   21         41     46     47     34     39     25     35      38
   22         32     36     37     29     48     28     12      32
   23         20     16     17     17     26     17     11      18
 
TOTALS
 
12HR 7-19   2030   1817   1545   1699   1538    761    359    1393
16HR 6-22   2272   2113   1806   1933   1753    875    463    1602
18HR 6-24   2324   2165   1860   1979   1827    920    486    1652
24HR 0-24   2347   2193   1895   2018   1868    986    545    1693
 
 
 
 
*LOCATION   : ............................................................
*SITE NUMBER: 11503128
*FILE NUMBER:        1
*INTERVAL   :   15 MIN
*BATTERY    :    6.4 V
*RESTARTS   :        0
*CONFIG     :        0
*CHANNEL    :  1 OF  1
 
             MON    TUE    WED    THU    FRI    SAT    SUN    7-DAY
DATE    07/09/03     04     05     06     07     08     09   AVERAGE
 
START HOUR
 
    0          3      4      -      -      -      -      -       -
    1          4      7      -      -      -      -      -       -
    2          1      0      -      -      -      -      -       -
    3          1      2      -      -      -      -      -       -
    4          1      4      -      -      -      -      -       -
    5          5      6      -      -      -      -      -       -
    6         39     49      -      -      -      -      -       -
    7         84    113      -      -      -      -      -       -
    8        170    242      -      -      -      -      -       -
    9        113    150      -      -      -      -      -       -
   10         91     83      -      -      -      -      -       -
   11         69     86      -      -      -      -      -       -
   12         85     81      -      -      -      -      -       -
   13         83     84      -      -      -      -      -       -
   14         88     89      -      -      -      -      -       -
   15        152      -      -      -      -      -      -       -
   16        207      -      -      -      -      -      -       -
   17        158      -      -      -      -      -      -       -
   18        152      -      -      -      -      -      -       -
   19         98      -      -      -      -      -      -       -
   20         59      -      -      -      -      -      -       -
   21         42      -      -      -      -      -      -       -
   22         29      -      -      -      -      -      -       -
   23         15      -      -      -      -      -      -       -
 
TOTALS
 
12HR 7-19   1452      -      -      -      -      -      -       -
16HR 6-22   1690      