 
 
 
*LOCATION   : ............................................................
*SITE NUMBER: 11603101
*FILE NUMBER:        8
*INTERVAL   :   15 MIN
*BATTERY    :    6.4 V
*RESTARTS   :        0
*CONFIG     :        0
*CHANNEL    :  1 OF  1
 
             MON    TUE    WED    THU    FRI    SAT    SUN    7-DAY
DATE    07/07/30     31     01     02     03     04     05   AVERAGE
 
START HOUR
 
    0          -      0      2      5      4      1      6       -
    1          -      0      0      2      3      5      8       -
    2          -      1      2      2      1      2      6       -
    3          -      0      0      1      4      3      1       -
    4          -      2      1      1      2      1      0       -
    5          -     11     14     16     12      5      4       -
    6          -     24     36     39     37      3      8       -
    7          -     28     61     73     72      7      7       -
    8          -     31     53     49     41     20      8       -
    9          -     20     34     44     35     45     17       -
   10          -     27     46     42     51     87     30       -
   11          -     19     63     60     80     68     36       -
   12          -     39     58     61     94     85     72       -
   13          -     21     66     71     78     83     75       -
   14          -     32     84     90     79     76     62       -
   15         95     45     97    118    124     89     69      91
   16        101     58     98    135     94     89     59      91
   17         87     28     97     88    109     66     65      77
   18         84     33     82     92     62     49     74      68
   19         41     34     98     71     82     33     59      60
   20         25     20     62     39     31     27     47      36
   21         17     13     21     27     14     16     31      20
   22         11      4     14     16      6     21     14      12
   23          3      3      6      7      6     14      4       6
 
TOTALS
 
12HR 7-19      -    381    839    923    919    764    574       -
16HR 6-22      -    472   1056   1099   1083    843    719       -
18HR 6-24      -    479   1076   1122   1095    878    737       -
24HR 0-24      -    493   1095   1149   1121    895    762       -
 
 
 
 
*LOCATION   : ............................................................
*SITE NUMBER: 11603101
*FILE NUMBER:        8
*INTERVAL   :   15 MIN
*BATTERY    :    6.4 V
*RESTARTS   :        0
*CONFIG     :        0
*CHANNEL    :  1 OF  1
 
             MON    TUE    WED    THU    FRI    SAT    SUN    7-DAY
DATE    07/08/06     07     08     09     10     11     12   AVERAGE
 
START HOUR
 
    0          1      5      4      6      3      5      5       4
    1          8      3      5      1      1      3      3       3
    2          6      2      3      3      2      4      5       4
    3          5      2      0      0      0      9      2       3
    4          3      3      4      3      3      3      0       3
    5         17     20     21     21     16      4      3      15
    6         49     59     59     59     49      9      6      41
    7         92    108    107     97     74      8      5      70
    8         90     77     75     78     63     31      3      60
    9         60     40     63     54     63     71      8      51
   10         75     72     50     53     52     77     16      56
   11         72     61     63     67     84     89     15      64
   12         91     74     78     59     91     94     38      75
   13         65     80     78     77     74     93     66      76
   14         75     95     80     90     88     66     39      76
   15        115    131    123    121    147     79     72     113
   16        158    174    164    159    151     67     62     134
   17        147    122     98    120     88     65     71     102
   18        117    121    103    109     81     40     72      92
   19         95    102     86    106     94     27     67      82
   20         73     62     61     67     57     24     44      55
   21         41     27     28     40     23     21     20      29
   22         18     21     19     15     14     10     14      16
   23         15      5      9      5      8      3      7       7
 
TOTALS
 
12HR 7-19   1157   1155   1082   1084   1056    780    467     969
16HR 6-22   1415   1405   1316   1356   1279    861    604    1177
18HR 6-24   1448   1431   1344   1376   1301    874    625    1200
24HR 0-24   1488   1466   1381   1410   1326    902    643    1231
 
 
 
 
*LOCATION   : ............................................................
*SITE NUMBER: 11603101
*FILE NUMBER:        8
*INTERVAL   :   15 MIN
*BATTERY    :    6.4 V
*RESTARTS   :        0
*CONFIG     :        0
*CHANNEL    :  1 OF  1
 
             MON    TUE    WED    THU    FRI    SAT    SUN    7-DAY
DATE    07/08/13     14     15     16     17     18     19   AVERAGE
 
START HOUR
 
    0          4      3      4      4      1      5      6       4
    1          0      1      1      1      1      2      1       1
    2          0      2      2      3      2      3      2       2
    3          0      1      2      1      1      0      1       1
    4          3      3      1      1      0      0      2       1
    5         18     16     17     18     18      3      3      13
    6         62     66     64     66     41     11      5      45
    7        102    109    122    125     89      7     10      81
    8         97    114    120     96     76     23     10      77
    9         63     91     55     49     46     50     22      54
   10         53     53     62     64     41     60     28      52
   11         82     29     72     70     43     65     47      58
   12        107     45     86     99     90     99     84      87
   13         93     68     90     80     88     85     75      83
   14         81     99    111     94    105     83     83      94
   15        122    141    145    132    123     85     91     120
   16        171    145    169    165    129     83    101     138
   17        131    134    139    140     89     83     59     111
   18        113    113    130    111     66     38     66      91
   19        115     94     94     63     70     37     52      75
   20         68     57     69     42     48     38     50      53
   21         56     28     33     18     24     19      9      27
   22         17     10     20      5     11      9     10      12
   23          6      4      6      6      8      5      5       6
 
TOTALS
 
12HR 7-19   1215   1141   1301   1225    985    761    676    1043
16HR 6-22   1516   1386   1561   1414   1168    866    792    1243
18HR 6-24   1539   1400   1587   1425   1187    880    807    1261
24HR 0-24   1564   1426   1614   1453   1210    893    822    1283
 
 
 
 
*LOCATION   : ............................................................
*SITE NUMBER: 11603101
*FILE NUMBER:        8
*INTERVAL   :   15 MIN
*BATTERY    :    6.4 V
*RESTARTS   :        0
*CONFIG     :        0
*CHANNEL    :  1 OF  1
 
             MON    TUE    WED    THU    FRI    SAT    SUN    7-DAY
DATE    07/08/20     21     22     23     24     25     26   AVERAGE
 
START HOUR
 
    0          1      4      1      2      1      1      2       2
    1          2      0      1      1      1      3      3       2
    2          1      1      2      4      1      5      2       2
    3          0      0      0      1      1      0      1       0
    4          2      6      5      4      2      1      0       3
    5         18     15     22     19     17      2      1      13
    6         66     71     60     81     35      6      4      46
    7        142    138     71    128     66     12      8      81
    8        103    125     61    110     70     21     17      72
    9         70     48     52     69     38     33     13      46
   10         55     51     25     61     21     58     20      42
   11         75     52     14     70     30     86     31      51
   12         64     69     18     58     34     69     81      56
   13         83     80     45     81     59    105     76      76
   14         91    102     71    103     89     83     73      87
   15        145    162    122    135    102     65     65     114
   16        168    155    104    172    102     73     42     117
   17        138    122     87    112     71     72     38      91
   18        109    114     87    118     80     40     50      85
   19         97     90     71     81     41     17     27      61
   20         75     72     47     56     41     15     24      47
   21         35     25     25     26     25     12     12      23
   22         13     11      8      3     10     10      5       9
   23          6      6      2      7      7      4      0       5
 
TOTALS
 
12HR 7-19   1243   1218    757   1217    762    717    514     918
16HR 6-22   1516   1476    960   1461    904    767    581    1095
18HR 6-24   1535   1493    970   1471    921    781    586    1108
24HR 0-24   1559   1519   1001   1502    944    793    595    1130
 
 
 
 
*LOCATION   : ............................................................
*SITE NUMBER: 11603101
*FILE NUMBER:        8
*INTERVAL   :   15 MIN
*BATTERY    :    6.4 V
*RESTARTS   :        0
*CONFIG     :        0
*CHANNEL    :  1 OF  1
 
             MON    TUE    WED    THU    FRI    SAT    SUN    7-DAY
DATE    07/08/27     28     29     30     31     01     02   AVERAGE
 
START HOUR
 
    0          3      1      3      1      2      -      -       -
    1          2      0      0      0      0      -      -       -
    2          1      0      0      1      0      -      -       -
    3          0      0      0      0      2      -      -       -
    4          3      4      3      3      4      -      -       -
    5         15     10      9     11      9      -      -       -
    6         45     43     58     48     36      -      -       -
    7        101     89     97     92     88      -      -       -
    8         98    100     76     89     73      -      -       -
    9         66     42     58     56     55      -      -       -
   10         41     37     41     68      -      -      -       -
   11         61     45     51     57      -      -      -       -
   12         63     57     48     64      -      -      -       -
   13         87     72     40     75      -      -      -       -
   14         98     83     84     66      -      -      -       -
   15        108    132    102     78      -      -      -       -
   16        114    111    103    111      -      -      -       -
   17        112    118     87     99      -      -      -       -
   18         50     95     45     56      -      -      -       -
   19         77     59     57     61      -      -      -       -
   20         30     43     37     41      -      -      -       -
   21         14     18     18      9      -      -      -       -
   22          7      4      4      8      -      -      -       -
   23          0      2      5      4      -      -      -       -
 
TOTALS
 
12HR 7-19    999    981    832    911      -      -      -       -
16HR 6-22   1165   1144   1002   1070      -      -      -       -
18HR 6-24   1172   1150   1011   1082      -      -      -       -
24HR 0-24   1196   1165   1026   1098      -      -      -       -
 
