 
 
 
*LOCATION   : ............................................................
*SITE NUMBER: 12003103
*FILE NUMBER:       10
*INTERVAL   :   15 MIN
*BATTERY    :    6.5 V
*RESTARTS   :        0
*CONFIG     :        0
*CHANNEL    :  1 OF  1
 
             MON    TUE    WED    THU    FRI    SAT    SUN    7-DAY
DATE    07/07/30     31     01     02     03     04     05   AVERAGE
 
START HOUR
 
    0          -      1      0      3      3      5      1       -
    1          -      2      2      1      3      1      5       -
    2          -      0      0      0      0      0      3       -
    3          -      0      0      1      0      3      0       -
    4          -      4      3      5      3      2      6       -
    5          -      4      7      8      8      2      1       -
    6          -     31     51     49     43      8      4       -
    7          -     63    123    137    113     14     12       -
    8          -     65    132    147    129     15     19       -
    9          -     27     54     59     58     25     25       -
   10          -     20     48     49     43     55     74       -
   11          -     18     49     50     72     64     65       -
   12          -     13     56     48     52     79     88       -
   13          -     12     75     56     68     80     89       -
   14         62     18     70     54     75     71     82      62
   15        101     46    126    119    114     79     83      95
   16        131     59    149    168    105     73     68     108
   17        128     57    125    111     95     57     50      89
   18         74     32    136     91     61     43     67      72
   19         59     24    146     63     53     52     55      65
   20         40      9    114     61     39     38     45      49
   21         17     16    103     29     35     17     31      35
   22          5      5     52     11      8      7     17      15
   23          2      1     43      7      9      4      6      10
 
TOTALS
 
12HR 7-19      -    430   1143   1089    985    655    722       -
16HR 6-22      -    510   1557   1291   1155    770    857       -
18HR 6-24      -    516   1652   1309   1172    781    880       -
24HR 0-24      -    527   1664   1327   1189    794    896       -
 
 
 
 
*LOCATION   : ............................................................
*SITE NUMBER: 12003103
*FILE NUMBER:       10
*INTERVAL   :   15 MIN
*BATTERY    :    6.5 V
*RESTARTS   :        0
*CONFIG     :        0
*CHANNEL    :  1 OF  1
 
             MON    TUE    WED    THU    FRI    SAT    SUN    7-DAY
DATE    07/08/06     07     08     09     10     11     12   AVERAGE
 
START HOUR
 
    0          6      1      3     10      5      5      3       5
    1          3      0      4      0      4      5      4       3
    2          1      0      0      1      3      4      8       2
    3          0      0      0      1      2      1      4       1
    4          2      3      3      4      5      1      1       3
    5         11      8      7      8      5      1      0       6
    6         62     68     65     57     51      9      5      45
    7        198    215    187    180    142     17      5     135
    8        186    215    209    191    138     25     15     140
    9         84     98     99     80     76     56     14      72
   10         70     73     80     69     76     71     37      68
   11        104     72     65     59     69     67     33      67
   12         49     76     60     69     66     98     39      65
   13         68     79     64     59     76     79     51      68
   14         69     86     66     78     90     67     53      73
   15        154    158    161    157    145     68     38     126
   16        234    235    218    205    160     59     56     167
   17        209    229    169    170    116     65     60     145
   18        169    147    124    145     94     69     71     117
   19        119    139    124    105     67     55     58      95
   20         81     91     84     94     45     30     43      67
   21         46     53     45     47     37     23     18      38
   22         18     18     26     18     16     33      8      20
   23         10      9      5      4      6      5      4       6
 
TOTALS
 
12HR 7-19   1594   1683   1502   1462   1248    741    472    1243
16HR 6-22   1902   2034   1820   1765   1448    858    596    1489
18HR 6-24   1930   2061   1851   1787   1470    896    608    1515
24HR 0-24   1953   2073   1868   1811   1494    913    628    1534
 
 
 
 
*LOCATION   : ............................................................
*SITE NUMBER: 12003103
*FILE NUMBER:       10
*INTERVAL   :   15 MIN
*BATTERY    :    6.5 V
*RESTARTS   :        0
*CONFIG     :        0
*CHANNEL    :  1 OF  1
 
             MON    TUE    WED    THU    FRI    SAT    SUN    7-DAY
DATE    07/08/13     14     15     16     17     18     19   AVERAGE
 
START HOUR
 
    0          0      0      5      2      4      8      9       4
    1          0      1     22      3      0      4      5       5
    2          5      0      1      2      0      4      3       2
    3          0      2      0      1      0      1      2       1
    4          4      1      1      4      2      1      2       2
    5         12     11      6     11      6      1      1       7
    6         64     64     77     67     45     12      3      47
    7        206    210    234    229    139     22     11     150
    8        257    241    242    231    187     10      9     168
    9         92    111    103    101     57     40     26      76
   10         62     59     62     44     40     59     48      53
   11         89     22     81     45     45     87     81      64
   12         60     46     64     63     55     87     87      66
   13         69     42     83     59     71     90    103      74
   14         83     69     92     92     68    136     93      90
   15        165    116    145    168    137     83     97     130
   16        264    215    275    222    184     62     78     186
   17        200    194    207    184    131     69     70     151
   18        159    134    154    139    102     60     60     115
   19        136    114    138     71     76     79     44      94
   20         96     82     75     60     56     39     42      64
   21         43     35     61     27     32     23     26      35
   22         12     13     24     14     17     12     11      15
   23          5      6      7      8      8      7      3       6
 
TOTALS
 
12HR 7-19   1706   1459   1742   1577   1216    805    763    1324
16HR 6-22   2045   1754   2093   1802   1425    958    878    1565
18HR 6-24   2062   1773   2124   1824   1450    977    892    1586
24HR 0-24   2083   1788   2159   1847   1462    996    914    1607
 
 
 
 
*LOCATION   : ............................................................
*SITE NUMBER: 12003103
*FILE NUMBER:       10
*INTERVAL   :   15 MIN
*BATTERY    :    6.5 V
*RESTARTS   :        0
*CONFIG     :        0
*CHANNEL    :  1 OF  1
 
             MON    TUE    WED    THU    FRI    SAT    SUN    7-DAY
DATE    07/08/20     21     22     23     24     25     26   AVERAGE
 
START HOUR
 
    0          0      6      4      1      3     15      2       4
    1          1      0      0      3      2      9      4       3
    2          3      0      1      1      0      3      1       1
    3          2      0      0      1      0      6      2       2
    4          2      1      1      1      0      1      3       1
    5          8     11     10      6      4      0      0       6
    6         74     68     65     65     35     10      4      46
    7        242    256    173    233    104     18      8     148
    8        246    268    129    230    126     16     12     147
    9         90    105     71     99     38     28     32      66
   10         45     56    116     63     17     44     63      58
   11         65     53     21     38      8     47     99      47
   12         45     72     21     59     18     70     78      52
   13         53     64     26     47     33     50    102      54
   14         83     85     34     87     44     58     64      65
   15        179    178    109    139     83     56     69     116
   16        259    243    154    228     94     45     44     152
   17        214    222    117    181     84     56     43     131
   18        152    168     79    129     84     36     25      96
   19        134    124     80     99     57     34     42      81
   20         75     90     54     83     47     26     32      58
   21         39     37     33     39     49      6     24      32
   22         13     11      6     14     27      8      9      13
   23          7      0      3      5     12      4      1       5
 
TOTALS
 
12HR 7-19   1673   1770   1050   1533    733    524    639    1132
16HR 6-22   1995   2089   1282   1819    921    600    741    1350
18HR 6-24   2015   2100   1291   1838    960    612    751    1367
24HR 0-24   2031   2118   1307   1851    969    646    763    1384
 
 
 
 
*LOCATION   : ............................................................
*SITE NUMBER: 12003103
*FILE NUMBER:       10
*INTERVAL   :   15 MIN
*BATTERY    :    6.5 V
*RESTARTS   :        0
*CONFIG     :        0
*CHANNEL    :  1 OF  1
 
             MON    TUE    WED    THU    FRI    SAT    SUN    7-DAY
DATE    07/08/27     28     29     30     31     01     02   AVERAGE
 
START HOUR
 
    0          1      2      2      2      2      -      -       -
    1          0      1      2      1      0      -      -       -
    2          0      0      0      0      2      -      -       -
    3          0      0      2      1      1      -      -       -
    4          0      0      3      2      1      -      -       -
    5          6      9      8     11     10      -      -       -
    6         66     62     56     50     40      -      -       -
    7        209    182    169    175    139      -      -       -
    8        224    179    145    185    136      -      -       -
    9         76     77     58     71     61      -      -       -
   10         44     43     37     42      -      -      -       -
   11         44     41     32     33      -      -      -       -
   12         38     33     35     43      -      -      -       -
   13         46     34     38     37      -      -      -       -
   14         59     42     48     45      -      -      -       -
   15        111    118    101     99      -      -      -       -
   16        217    174    159    161      -      -      -       -
   17        133    127    112    131      -      -      -       -
   18         80    101     79     70      -      -      -       -
   19         82     74     51     54      -      -      -       -
   20         40     64     50     44      -      -      -       -
   21         12     13     17     18      -      -      -       -
   22          5      8      9      9      -      -      -       -
   23          5      3      2      3      -      -      -       -
 
TOTALS
 
12HR 7-19   1281   1151   1013   1092      -      -      -       -
16HR 6-22   1481   1364   1187   1258      -      -      -       -
18HR 6-24   1491   1375   1198   1270      -      -      -       -
24HR 0-24   1498   1387   1215   1287      -      -      -       -
 
