 
 
 
*LOCATION   : ............................................................
*SITE NUMBER: 12103110
*FILE NUMBER:        2
*INTERVAL   :   15 MIN
*BATTERY    :    6.5 V
*RESTARTS   :        0
*CONFIG     :        0
*CHANNEL    :  1 OF  1
 
             TUE    WED    THU    FRI    SAT    SUN    MON    7-DAY
DATE    07/07/31     01     02     03     04     05     06   AVERAGE
 
START HOUR
 
    0          -      3      9      5      9      1      1       -
    1          -      3      2      8      5      3      1       -
    2          -      1      1      0      2      1      2       -
    3          -      0      0      2      1      2      4       -
    4          -      1      6      5      2      3      5       -
    5          -     14     19     21     10     10     26       -
    6          -     48     71     58     13     11    111       -
    7          -     63     75     83      6     12    107       -
    8          -     41     49     44     38     23     88       -
    9          -     31     29     39     46     35     60       -
   10          -     54     34     45     63     98     88       -
   11          -     54     56     58    105    149    111       -
   12          -     62     60     65    149    137     85       -
   13          -     57     67     67    141    213    111       -
   14         17     86     98     88    167    221    157     119
   15         23     86    113    107    117    175    174     114
   16         27    120    150    102    125    168    197     127
   17         20    110    109    111    112    156    227     121
   18         26    117     96     72    131    141    194     111
   19         25    116     89     64     99     90    181      95
   20         25     57     71     63     61     64    122      66
   21         16     44     42     41     37     49     77      44
   22          7     16     21     19     14     23     36      19
   23          3     13     10      4     11      6      7       8
 
TOTALS
 
12HR 7-19      -    881    936    881   1200   1528   1599       -
16HR 6-22      -   1146   1209   1107   1410   1742   2090       -
18HR 6-24      -   1175   1240   1130   1435   1771   2133       -
24HR 0-24      -   1197   1277   1171   1464   1791   2172       -
 
 
 
 
*LOCATION   : ............................................................
*SITE NUMBER: 12103110
*FILE NUMBER:        2
*INTERVAL   :   15 MIN
*BATTERY    :    6.5 V
*RESTARTS   :        0
*CONFIG     :        0
*CHANNEL    :  1 OF  1
 
             TUE    WED    THU    FRI    SAT    SUN    MON    7-DAY
DATE    07/08/07     08     09     10     11     12     13   AVERAGE
 
START HOUR
 
    0         16      6      7      9      5      7      6       8
    1          5      6      1      4      7     15      0       5
    2          3      9      9      1     10      8      0       6
    3          1      6      3      4      8      7      1       4
    4          6      7      9      5      0      5      1       5
    5         22     18     26     19     12      5     34      19
    6        114    106    101     97     11      3     92      75
    7        139    121    100    101     13     10    150      91
    8         61     78     80     48     33      4     74      54
    9         61     55     51     45     41     30     72      51
   10         76     63     45     70     94     31     69      64
   11         78     93     91     84    112     72     77      87
   12        110    102     76     89    134     92     95     100
   13        110    121    106    120    228    113    101     128
   14        140    137    117    148    168    108    138     137
   15        191    148    137    130    128    105    167     144
   16        239    186    180    202    128    119    185     177
   17        213    160    177    122    113    104    203     156
   18        161    162    143     92    124    116    194     142
   19        170    139    114    102     94     85    157     123
   20        153    121    111     74     96     82    119     108
   21         77     72     66     56     52     29     60      59
   22         24     24     29     20     20     16     23      22
   23         11     11      3     32     17      8     11      13
 
TOTALS
 
12HR 7-19   1579   1426   1303   1251   1316    904   1525    1329
16HR 6-22   2093   1864   1695   1580   1569   1103   1953    1694
18HR 6-24   2128   1899   1727   1632   1606   1127   1987    1729
24HR 0-24   2181   1951   1782   1674   1648   1174   2029    1777
 
 
 
 
*LOCATION   : ............................................................
*SITE NUMBER: 12103110
*FILE NUMBER:        2
*INTERVAL   :   15 MIN
*BATTERY    :    6.5 V
*RESTARTS   :        0
*CONFIG     :        0
*CHANNEL    :  1 OF  1
 
             TUE    WED    THU    FRI    SAT    SUN    MON    7-DAY
DATE    07/08/14     15     16     17     18     19     20   AVERAGE
 
START HOUR
 
    0         14      3      7      4     12      8      1       7
    1          5      4      2      0      5      1      2       3
    2          0      0      1      2      1      2      0       1
    3          2      1      1      0      3      1      0       1
    4          4      2      4      4      2      3      5       3
    5         32     33     35     14      9     11     33      24
    6         94     91     92     52      8     10     84      62
    7        127    131    142     87      9     11    137      92
    8         84     86     87     47     12     27     91      62
    9         61     61     84     39     23     68     63      57
   10         35     50     61     41     75     89     50      57
   11         24     62     42     35     43    107     42      51
   12         17     82     55     47     73    156     56      69
   13         57    103     71     62     85    158     61      85
   14         94    139    115    102     91    147    105     113
   15        166    171    126     92     81    126    166     133
   16        165    195    192     87     50    111    179     140
   17        178    155    138     76     62     87    197     128
   18        130    177    119     79     73     87    134     114
   19        142    137     70     48     57     62    141      94
   20         98    100     47     50     38     57    106      71
   21         63     48     28     16     26     31     44      37
   22         22     21     10      9     11     14     19      15
   23          5     11      6      8      7     10      6       8
 
TOTALS
 
12HR 7-19   1138   1412   1232    794    677   1174   1281    1101
16HR 6-22   1535   1788   1469    960    806   1334   1656    1364
18HR 6-24   1562   1820   1485    977    824   1358   1681    1387
24HR 0-24   1619   1863   1535   1001    856   1384   1722    1426
 
 
 
 
*LOCATION   : ............................................................
*SITE NUMBER: 12103110
*FILE NUMBER:        2
*INTERVAL   :   15 MIN
*BATTERY    :    6.5 V
*RESTARTS   :        0
*CONFIG     :        0
*CHANNEL    :  1 OF  1
 
             TUE    WED    THU    FRI    SAT    SUN    MON    7-DAY
DATE    07/08/21     22     23     24     25     26     27   AVERAGE
 
START HOUR
 
    0          3      5      2      4      7      4      3       4
    1          2      0      2      3      3      2      0       2
    2          3      1      1      1      3      1      1       2
    3          0      1      3      0      2      4      4       2
    4          3      1      2      1      3      2      2       2
    5         28     18     32     11      9      7     22      18
    6        103     61     83     37      3      8     68      52
    7        146     68    136     34     16      5    120      75
    8         88     41     79     25     19     17     62      47
    9         74     22     48     25     32     59     64      46
   10         63     19     36     21     45     97     60      49
   11         59     12     63     18    101    148     54      65
   12         76     20     58     19     75    127     53      61
   13         80     24     53     50     75    123     74      68
   14        114     62     96     68     73    116     76      86
   15        154     92    145     76     74    106     97     106
   16        180     92    153     79     66     62    151     112
   17        186     63    170     51     41     34     99      92
   18        134     67    125     53     27     45     69      74
   19        101     71    116     49     30     28     40      62
   20         76     41     82     46     29     37     28      48
   21         45     20     54     24     24     28     11      29
   22         11     12     16      7      5      7      7       9
   23          6      7      9      8      7      1      5       6
 
TOTALS
 
12HR 7-19   1354    582   1162    519    644    939    979     883
16HR 6-22   1679    775   1497    675    730   1040   1126    1075
18HR 6-24   1696    794   1522    690    742   1048   1138    1090
24HR 0-24   1735    820   1564    710    769   1068   1170    1119
 
 
 
 
*LOCATION   : ............................................................
*SITE NUMBER: 12103110
*FILE NUMBER:        2
*INTERVAL   :   15 MIN
*BATTERY    :    6.5 V
*RESTARTS   :        0
*CONFIG     :        0
*CHANNEL    :  1 OF  1
 
             TUE    WED    THU    FRI    SAT    SUN    MON    7-DAY
DATE    07/08/28     29     30     31     01     02     03   AVERAGE
 
START HOUR
 
    0          0      5      1      3      -      -      -       -
    1          0      0      0      0      -      -      -       -
    2          0      0      0      0      -      -      -       -
    3          2      2      1      4      -      -      -       -
    4          0      1      1      2      -      -      -       -
    5         25     29     19     23      -      -      -       -
    6         77     62     59     51      -      -      -       -
    7         88     73     99     78      -      -      -       -
    8         51     48     61     46      -      -      -       -
    9         27     28     50      -      -      -      -       -
   10         30     30     41      -      -      -      -       -
   11         47     28     47      -      -      -      -       -
   12         58     24     75      -      -      -      -       -
   13         40     20     40      -      -      -      -       -
   14         61     61     81      -      -      -      -       -
   15        100     72     79      -      -      -      -       -
   16        110     83     94      -      -      -      -       -
   17         90    122     70      -      -      -      -       -
   18         70     67     55      -      -      -      -       -
   19         54     51     47      -      -      -      -       -
   20         64     36     33      -      -      -      -       -
   21         35     18     24      -      -      -      -       -
   22          5      7      5      -      -      -      -       -
   23          5      8      7      -      -      -      -       -
 
TOTALS
 
12HR 7-19    772    656    792      -      -      -      -       -
16HR 6-22   1002    823    955      -      -      -      -       -
18HR 6-24   1012    838    967      -      -      -      -       -
24HR 0-24   1039    875    989      -      -      -      -       -
 
