 
 
 
*LOCATION   : ............................................................
*SITE NUMBER: 11201419
*FILE NUMBER:        4
*INTERVAL   :   15 MIN
*BATTERY    :    5.8 V
*RESTARTS   :        0
*CONFIG     :        0
*CHANNEL    :  1 OF  1
 
             TUE    WED    THU    FRI    SAT    SUN    MON    7-DAY
DATE    05/04/05     06     07     08     09     10     11   AVERAGE
 
START HOUR
 
    0          -      0      0      0      0      0      0       -
    1          -      0      0      0      0      0      0       -
    2          -      0      0      0      0      0      0       -
    3          -      0      0      0      0      0      0       -
    4          -      0      0      2      0      0      0       -
    5          -      0      0      0      0      0      2       -
    6          -      1      4      1      0      0      3       -
    7          -      4      1      5      0      1      7       -
    8          -      2      5      4      2      1      7       -
    9          -      4      6      3      3      2      4       -
   10          1     11      5      7      5     13      2       6
   11          5      3      0      5      6     36      0       8
   12          2      5      7     11      6     43      0      11
   13          4      8      2      6      8     37      1       9
   14          9      5      6     14     12     28      6      11
   15         11      8      4     20     10     37      3      13
   16          6     12     14     15     16     30      8      14
   17          8     11      8     10     14     20      6      11
   18         10      6      4     11     30     13      8      12
   19          5     12      4      4     14     10     15       9
   20          2      3      1      5      8     14      2       5
   21          0      2      1     10      4      1      1       3
   22          0      0      0      0      0      0      0       0
   23          0      0      0      0      1      1      0       0
 
TOTALS
 
12HR 7-19      -     79     62    111    112    261     52       -
16HR 6-22      -     97     72    131    138    286     73       -
18HR 6-24      -     97     72    131    139    287     73       -
24HR 0-24      -     97     72    133    139    287     75       -



 
 
 
 
*LOCATION   : ............................................................
*SITE NUMBER: 11201419
*FILE NUMBER:        4
*INTERVAL   :   15 MIN
*BATTERY    :    5.8 V
*RESTARTS   :        0
*CONFIG     :        0
*CHANNEL    :  1 OF  1
 
             TUE    WED    THU    FRI    SAT    SUN    MON    7-DAY
DATE    05/04/12     13     14     15     16     17     18   AVERAGE
 
START HOUR
 
    0          0      0      0      0      0      0      0       0
    1          0      0      0      0      0      0      0       0
    2          0      0      0      0      0      1      0       0
    3          0      0      0      0      0      0      0       0
    4          2      2      2      1      0      1      1       1
    5          0      1      1      0      3      0      4       1
    6          6      6      5      5      0      0      8       4
    7         10     17     15     10      1      0     19      10
    8         13     10     14     11      5      9     18      11
    9          9      4     12      6      9     11      9       9
   10          8      6      8      6     20     46      9      15
   11          7      8      9      4     26     63     19      19
   12          9      6     11      9     23     64     19      20
   13          7      2     11     10     24     51      7      16
   14         11     20     23     11     40     61     18      26
   15         10      7     22     22     40     48     18      24
   16         17     16     27     19     28     47     32      27
   17         13     16     22     14     30     31     27      22
   18         19     14     17     16     20     25     19      19
   19          5     20     16     16     15     16     25      16
   20          5      8     10      5     11     13     16      10
   21          2      1      2      0      3      3      7       3
   22          2      1      0      3      1      0      0       1
   23          0      0      2      0      1      0      0       0
 
TOTALS
 
12HR 7-19    133    126    191    138    266    456    214     218
16HR 6-22    151    161    224    164    295    488    270     250
18HR 6-24    153    162    226    167    297    488    270     252
24HR 0-24    155    165    229    168    300    490    275     255



 
 
 
 
*LOCATION   : ............................................................
*SITE NUMBER: 11201419
*FILE NUMBER:        4
*INTERVAL   :   15 MIN
*BATTERY    :    5.8 V
*RESTARTS   :        0
*CONFIG     :        0
*CHANNEL    :  1 OF  1
 
             TUE    WED    THU    FRI    SAT    SUN    MON    7-DAY
DATE    05/04/19     20     21     22     23     24     25   AVERAGE
 
START HOUR
 
    0          0      0      0      0      0      3      0       0
    1          0      0      0      0      0      1      0       0
    2          0      0      0      0      0      0      0       0
    3          0      0      0      0      0      0      0       0
    4          3      2      2      1      0      0      2       1
    5          3      1      0      1      0      1      0       1
    6         12      9      5      4      0      1      7       5
    7         11     23      5      5      4      4     13       9
    8         14     13      2      6      2      4     16       8
    9         10      8      2      5      3     10      8       7
   10         13     11      1      2      6     17     10       9
   11          9     10      6      7     25     29      8      13
   12          7      7      4      1     10     65     19      16
   13         11      6      6      5     20     43     13      15
   14         13     18      5      5     24     15     16      14
   15         14      7      8      7     17     16     22      13
   16         19     18      6      6     26     22     31      18
   17         13      7      7      8     14     36     25      16
   18         11      7      5      5      6     20     24      11
   19          6      9      1      9      7     19     25      11
   20         11      5      3      2      9     12     16       8
   21          3      1      1      4      2      1      2       2
   22          0      2      0      1      0      0      8       2
   23          0      0      0      1      0      2      0       0
 
TOTALS
 
12HR 7-19    145    135     57     62    157    281    205     149
16HR 6-22    177    159     67     81    175    314    255     175
18HR 6-24    177    161     67     83    175    316    263     177
24HR 0-24    183    164     69     85    175    321    265     180



 
 
 
 
*LOCATION   : ............................................................
*SITE NUMBER: 11201419
*FILE NUMBER:        4
*INTERVAL   :   15 MIN
*BATTERY    :    5.8 V
*RESTARTS   :        0
*CONFIG     :        0
*CHANNEL    :  1 OF  1
 
             TUE    WED    THU    FRI    SAT    SUN    MON    7-DAY
DATE    05/04/26     27     28     29     30     01     02   AVERAGE
 
START HOUR
 
    0          0      0      1      2      -      -      -       -
    1          0      0      0      0      -      -      -       -
    2          0      0      0      0      -      -      -       -
    3          0      0      0      0      -      -      -       -
    4          1      0      1      0      -      -      -       -
    5          0      1      1      1      -      -      -       -
    6         11     10      9      7      -      -      -       -
    7         14     13     14      -      -      -      -       -
    8         15      9     12      -      -      -      -       -
    9         10      3     11      -      -      -      -       -
   10          7     12      5      -      -      -      -       -
   11         10     22      5      -      -      -      -       -
   12         13     19     11      -      -      -      -       -
   13         15     15      7      -      -      -      -       -
   14         13     16     18      -      -      -      -       -
   15         22     21     21      -      -      -      -       -
   16         28     21     11      -      -      -      -       -
   17         24     20     16      -      -      -      -       -
   18         29     35     19      -      -      -      -       -
   19         22     11      6      -      -      -      -       -
   20         10     17      7      -      -      -      -       -
   21          6     11      1      -      -      -      -       -
   22          2      1      1      -      -      -      -       -
   23          1      0      0      -      -      -      -       -
 
TOTALS
 
12HR 7-19    200    206    150      -      -      -      -       -
16HR 6-22    249    255    173      -      -      -      -       -
18HR 6-24    252    256    174      -      -      -      -       -
24HR 0-24    253    257    177      -      -      -      -       -

 
