 
 
 
*LOCATION   : ............................................................
*SITE NUMBER: 10202215
*FILE NUMBER:        3
*INTERVAL   :   15 MIN
*BATTERY    :    6.1 V
*RESTARTS   :        0
*CONFIG     :       12
*CHANNEL    :  1 OF  2
 
             MON    TUE    WED    THU    FRI    SAT    SUN    7-DAY
DATE    05/06/06     07     08     09     10     11     12   AVERAGE
 
START HOUR
 
    0          -      9      9      8      8      9      5       -
    1          -      2      3      5      3      7      5       -
    2          -      2      2      1      1      8      2       -
    3          -      1      0      0      3      1      1       -
    4          -      1      1      2      1      2      2       -
    5          -     28     25     22     13      3      0       -
    6          -    121    111    113     99     15      6       -
    7          -    306    312    291    285     12     11       -
    8          -    290    289    288    247     47     18       -
    9          -    123    127    125    113     47     24       -
   10         48     82     74     75     77     56     27      63
   11         37     67     67     83     66     63     68      64
   12         38     64     68     88     82    128     44      73
   13         43     73     82     91     89    110     61      78
   14         53     91    104    111    136    111     59      95
   15        124    208    197    205    226    103     50     159
   16        216    303    295    318    246     83     73     219
   17        201    277    259    253    183     78     72     189
   18        136    176    177    187    125     72     74     135
   19        105    122    160    164    100     51     79     112
   20         89     95    122    110     76     48     54      85
   21         60     73     73     76     45     26     37      56
   22         31     32     29     58     29     14     29      32
   23         13     24     30     23     15      4      9      17
 
TOTALS
 
12HR 7-19      -   2060   2051   2115   1875    910    581       -
16HR 6-22      -   2471   2517   2578   2195   1050    757       -
18HR 6-24      -   2527   2576   2659   2239   1068    795       -
24HR 0-24      -   2570   2616   2697   2268   1098    810       -

 
 
 
 




















*LOCATION   : ............................................................
*SITE NUMBER: 10202215
*FILE NUMBER:        3
*INTERVAL   :   15 MIN
*BATTERY    :    6.1 V
*RESTARTS   :        0
*CONFIG     :       12
*CHANNEL    :  1 OF  2
 
             MON    TUE    WED    THU    FRI    SAT    SUN    7-DAY
DATE    05/06/13     14     15     16     17     18     19   AVERAGE
 
START HOUR
 
    0          4      7     14     10     12     11     10      10
    1          2      2      2      1      4      6     10       4
    2          0      1      1      2      2      7      1       2
    3          0      1      0      1      2      3      1       1
    4          1      3      2      0      3      1      5       2
    5         16     28     23     32     25      5      0      18
    6         72    126    115    109     92     16      8      77
    7        182    284    327    288    263     20     10     196
    8        204    286    291    271    249     20     21     192
    9        101    126    139    116    116     52     44      99
   10         34     67     67     62     66     46    122      66
   11         29     57     87     67     87     70    113      73
   12         28     75     87     59     63     89    157      80
   13         44     71     83     83     87     76    137      83
   14         50     87    134     78    132     76    158     102
   15        115    187    220    179    218     75    175     167
   16        187    284    352    278    261    107    167     234
   17        187    242    271    257    193     90    136     197
   18        136    160    191    172    135     91    135     146
   19        109    144    132    141     81     72     90     110
   20         84    113    105    117     83     60     78      91
   21         76     69     91     73     70     30     53      66
   22         19     34     46     40     27     22     28      31
   23         16     17     21     12     19     13     11      16
 
TOTALS
 
12HR 7-19   1297   1926   2249   1910   1870    812   1375    1634
16HR 6-22   1638   2378   2692   2350   2196    990   1604    1978
18HR 6-24   1673   2429   2759   2402   2242   1025   1643    2025
24HR 0-24   1696   2471   2801   2448   2290   1058   1670    2062

 
 
 
 



















*LOCATION   : ............................................................
*SITE NUMBER: 10202215
*FILE NUMBER:        3
*INTERVAL   :   15 MIN
*BATTERY    :    6.1 V
*RESTARTS   :        0
*CONFIG     :       12
*CHANNEL    :  1 OF  2
 
             MON    TUE    WED    THU    FRI    SAT    SUN    7-DAY
DATE    05/06/20     21     22     23     24     25     26   AVERAGE
 
START HOUR
 
    0          7     10     10     16      9     21      2      11
    1          4      2      4      4      3      7      2       4
    2          1      1      0      3      1      4      2       2
    3          0      1      3      0      0      7      0       2
    4          5      6      2      2      0      4      1       3
    5         23     23     21     17      2      1      1      13
    6        121    129    109     89     12      5      8      68
    7        336    337    291    240     11      9     10     176
    8        315    290    256    218     17      6     15     160
    9        145    125    113    114     17     25     28      81
   10         84     86     80     66     26     36     50      61
   11         62     81     57     65     44     49     75      62
   12         78    106     65     78     54     61     81      75
   13         85     92     66     93     79    102     85      86
   14        103    114     74    145     84     67    107      99
   15        210    221    191    219     87     54     74     151
   16        318    338    275    195     50     27     78     183
   17        301    281    222    120     66     26     69     155
   18        205    209    162     82     60     10     54     112
   19        165    142     94     55     55     17     52      83
   20        139    116     90     41     54     16     46      72
   21         94    109     72     45     37     20     33      59
   22         45     41     38     27     71     10     19      36
   23         17     15     13     14     33      9      6      15
 
TOTALS
 
12HR 7-19   2242   2280   1852   1635    595    472    726    1400
16HR 6-22   2761   2776   2217   1865    753    530    865    1681
18HR 6-24   2823   2832   2268   1906    857    549    890    1732
24HR 0-24   2863   2875   2308   1948    872    593    898    1765

 
 
 
 








*LOCATION   : ............................................................
*SITE NUMBER: 10202215
*FILE NUMBER:        3
*INTERVAL   :   15 MIN
*BATTERY    :    6.1 V
*RESTARTS   :        0
*CONFIG     :       12
*CHANNEL    :  1 OF  2
 
             MON    TUE    WED    THU    FRI    SAT    SUN    7-DAY
DATE    05/06/27     28     29     30     01     02     03   AVERAGE
 
START HOUR
 
    0          3      4      4      -      -      -      -       -
    1          3      1      3      -      -      -      -       -
    2          2      0      1      -      -      -      -       -
    3          0      2      1      -      -      -      -       -
    4          6      0      1      -      -      -      -       -
    5         18     28     13      -      -      -      -       -
    6         96    106     71      -      -      -      -       -
    7        228    226    180      -      -      -      -       -
    8        233    220    184      -      -      -      -       -
    9        117    104      -      -      -      -      -       -
   10         81     60      -      -      -      -      -       -
   11         69     51      -      -      -      -      -       -
   12         57     54      -      -      -      -      -       -
   13         64     55      -      -      -      -      -       -
   14         73     49      -      -      -      -      -       -
   15        158    131      -      -      -      -      -       -
   16        289    232      -      -      -      -      -       -
   17        192    185      -      -      -      -      -       -
   18        160    113      -      -      -      -      -       -
   19        111     70      -      -      -      -      -       -
   20         83     54      -      -      -      -      -       -
   21         50     36      -      -      -      -      -       -
   22         17     16      -      -      -      -      -       -
   23         11      6      -      -      -      -      -       -
 
TOTALS
 
12HR 7-19   1721   1480      -      -      -      -      -       -
16HR 6-22   2061   1746      -      -      -      -      -       -
18HR 6-24   2089   1768      -      -      -      -      -       -
24HR 0-24   2121   1803      -      -      -      -      -       -

 
 
 

