 
 
 
*LOCATION   : ............................................................
*SITE NUMBER: 11202309
*FILE NUMBER:        1
*INTERVAL   :   15 MIN
*BATTERY    :    6.3 V
*RESTARTS   :        0
*CONFIG     :        0
*CHANNEL    :  1 OF  1
 
             MON    TUE    WED    THU    FRI    SAT    SUN    7-DAY
DATE    05/06/06     07     08     09     10     11     12   AVERAGE
 
START HOUR
 
    0          0      2      3      1      3      1      0       1
    1          0      1      0      0      0      2      1       1
    2          1      0      0      0      0      0      0       0
    3          0      1      1      0      0      0      0       0
    4          1      2      1      1      0      0      1       1
    5          0      1      2      3      2      0      1       1
    6          7     20     22     23     18      4      0      13
    7         15     21     17     24     23      2      3      15
    8         14     20     25     25     15     10      2      16
    9          6     14     12     12     15     15      2      11
   10          8     18     30     20     16     16      6      16
   11          9     29     17     24     19     35     12      21
   12         15     16     13     27     14     26     21      19
   13         12     20     38     30     24     42     21      27
   14         17     29     29     35     36     24     22      27
   15         19     39     42     44     34     29     27      33
   16         48     43     43     46     32     33     23      38
   17         40     35     44     44     22     26     35      35
   18         35     40     29     59     23     29     32      35
   19         20     38     38     57     19     15     36      32
   20         23     24     26     21     19      9     12      19
   21         18     24     21     24      8      7      7      16
   22          2      8      3      5      6      1      7       5
   23          5      2      1      6      4      2      1       3
 
TOTALS
 
12HR 7-19    238    324    339    390    273    287    206     294
16HR 6-22    306    430    446    515    337    322    261     374
18HR 6-24    313    440    450    526    347    325    269     381
24HR 0-24    315    447    457    531    352    328    272     386
 
 
 
 
*LOCATION   : ............................................................
*SITE NUMBER: 11202309
*FILE NUMBER:        1
*INTERVAL   :   15 MIN
*BATTERY    :    6.3 V
*RESTARTS   :        0
*CONFIG     :        0
*CHANNEL    :  1 OF  1
 
             MON    TUE    WED    THU    FRI    SAT    SUN    7-DAY
DATE    05/06/13     14     15     16     17     18     19   AVERAGE
 
START HOUR
 
    0          0      0      1      5      0      5      4       2
    1          0      1      1      1      1      1      0       1
    2          0      0      0      1      1      0      2       1
    3          0      0      0      0      0      1      1       0
    4          0      1      1      1      2      1      0       1
    5          0      3      1      3      1      0      0       1
    6          9     22     27     25     25      3      2      16
    7         11     36     25     20     19      5      2      17
    8         18     17     24     15     15      6      1      14
    9          6     12     13      5     14      6      8       9
   10          7     12     19     13     14     21     17      15
   11          0     14     34     12     14     20     33      18
   12          4     14     33     16     24     30     48      24
   13          2     16     38     26     25     29     42      25
   14          8     26     38     22     28     31     50      29
   15         16     32     47     60     49     22     45      39
   16         29     37     55     35     29     37     47      38
   17         38     35     51     40     43     34     61      43
   18         57     40     55     44     37     27     50      44
   19         22     34     40     42     19     22     38      31
   20         25     16     19     40     15     14     29      23
   21         18     21     18     17     13     11     18      17
   22          5      8     10      8      6     10      5       7
   23          7      3      2      4      3      7      3       4
 
TOTALS
 
12HR 7-19    196    291    432    308    311    268    404     316
16HR 6-22    270    384    536    432    383    318    491     402
18HR 6-24    282    395    548    444    392    335    499     414
24HR 0-24    282    400    552    455    397    343    506     419
 
 
 
 
*LOCATION   : ............................................................
*SITE NUMBER: 11202309
*FILE NUMBER:        1
*INTERVAL   :   15 MIN
*BATTERY    :    6.3 V
*RESTARTS   :        0
*CONFIG     :        0
*CHANNEL    :  1 OF  1
 
             MON    TUE    WED    THU    FRI    SAT    SUN    7-DAY
DATE    05/06/20     21     22     23     24     25     26   AVERAGE
 
START HOUR
 
    0          1      1      2      1      0      1      3       1
    1          0      0      1      0      1      2      0       1
    2          0      0      0      4      0      0      0       1
    3          0      2      0      0      1      2      0       1
    4          2      2      1      0      0      0      0       1
    5          1      3      1      0      2      0      2       1
    6         25     26     27     17      2      5      7      16
    7         27     19     22     14      1      2      2      12
    8         42     30     17     19      4      1      6      17
    9         14     23     15     12      4     10     22      14
   10         15     23     10     12     13     15     20      15
   11         31     32      8     22     18     11     19      20
   12         34     29     19     23     17     25     29      25
   13         27     30     33     19     32     18     31      27
   14         44     33     20     26     34     20     30      30
   15         48     49     39     27     29     18     25      34
   16         50     56     36     23     19      5     13      29
   17         71     44     35     18     23      2     13      29
   18         48     39     33     30     19      3     27      28
   19         61     34     25     16     18      5     25      26
   20         29     32     33     26      8      5     21      22
   21         20     22     19      8     10     11      8      14
   22         12      4      5      4     15      4      6       7
   23          4      3      3      1      2      3      3       3
 
TOTALS
 
12HR 7-19    451    407    287    245    213    130    237     281
16HR 6-22    586    521    391    312    251    156    298     359
18HR 6-24    602    528    399    317    268    163    307     369
24HR 0-24    606    536    404    322    272    168    312     374
 
 
 
 
*LOCATION   : ............................................................
*SITE NUMBER: 11202309
*FILE NUMBER:        1
*INTERVAL   :   15 MIN
*BATTERY    :    6.3 V
*RESTARTS   :        0
*CONFIG     :        0
*CHANNEL    :  1 OF  1
 
             MON    TUE    WED    THU    FRI    SAT    SUN    7-DAY
DATE    05/06/27     28     29     30     01     02     03   AVERAGE
 
START HOUR
 
    0          0      1      0      0      -      -      -       -
    1          1      0      0      0      -      -      -       -
    2          1      0      0      1      -      -      -       -
    3          1      0      1      1      -      -      -       -
    4          2      2      1      1      -      -      -       -
    5          2      0      1      1      -      -      -       -
    6         21     18     13     12      -      -      -       -
    7         23     22     12     10      -      -      -       -
    8         19     20      7     10      -      -      -       -
    9         21     13      6      7      -      -      -       -
   10         15      8      2      3      -      -      -       -
   11         18      6      2      2      -      -      -       -
   12         12      8      6      -      -      -      -       -
   13          9     11      5      -      -      -      -       -
   14         23      8     11      -      -      -      -       -
   15         26     16     11      -      -      -      -       -
   16         42     28     24      -      -      -      -       -
   17         52     24     21      -      -      -      -       -
   18         46     14     11      -      -      -      -       -
   19         46     17     13      -      -      -      -       -
   20         31     19     17      -      -      -      -       -
   21         12     15      9      -      -      -      -       -
   22          0      7      2      -      -      -      -       -
   23          2      1      1      -      -      -      -       -
 
TOTALS
 
12HR 7-19    306    178    118      -      -      -      -       -
16HR 6-22    416    247    170      -      -      -      -       -
18HR 6-24    418    255    173      -      -      -      -       -
24HR 0-24    425    258    176      -      -      -      -       -
 
