 
 
 
*LOCATION   : ............................................................
*SITE NUMBER: 11802303
*FILE NUMBER:        3
*INTERVAL   :   15 MIN
*BATTERY    :    5.7 V
*RESTARTS   :        0
*CONFIG     :        0
*CHANNEL    :  1 OF  1
 
             MON    TUE    WED    THU    FRI    SAT    SUN    7-DAY
DATE    05/06/06     07     08     09     10     11     12   AVERAGE
 
START HOUR
 
    0          2      3      2      3      8      4      2       3
    1          0      0      0      3      1      2      1       1
    2          0      0      9      4      0      3      1       2
    3          0      1      2      0      0      1      0       1
    4          0      0      0      0      2      2      1       1
    5          8     12     14     15     11      8      2      10
    6         27     79     67     80     68      4      4      47
    7         61    101     89     95     89     22     15      67
    8         34     72     50     63     63     28      8      45
    9         35     61     48     46     53     38     19      43
   10         39     54     48     44     43     50     36      45
   11         32     52     46     50     49     62     51      49
   12         46     77     62     70     63     76     52      64
   13         68     68     66     77     88     94     75      77
   14         59     84     75     78    102     69     52      74
   15         67    123     82     94    113     78     50      87
   16        107    143    146    167    132     68     53     117
   17         79    117    112    125     96     73     60      95
   18         78     96    108    130     80     63     78      90
   19         66     84     99     98     83     45     64      77
   20         52     60     71     94     71     44     30      60
   21         29     61     37     42     40     27     31      38
   22         14     27     28     18     20      8     18      19
   23          7     10     10      9      9      4      4       8
 
TOTALS
 
12HR 7-19    705   1048    932   1039    971    721    549     852
16HR 6-22    879   1332   1206   1353   1233    841    678    1075
18HR 6-24    900   1369   1244   1380   1262    853    700    1101
24HR 0-24    910   1385   1271   1405   1284    873    707    1119
 
 
 
 
*LOCATION   : ............................................................
*SITE NUMBER: 11802303
*FILE NUMBER:        3
*INTERVAL   :   15 MIN
*BATTERY    :    5.7 V
*RESTARTS   :        0
*CONFIG     :        0
*CHANNEL    :  1 OF  1
 
             MON    TUE    WED    THU    FRI    SAT    SUN    7-DAY
DATE    05/06/13     14     15     16     17     18     19   AVERAGE
 
START HOUR
 
    0          1      3     17      7      6      1      2       5
    1          1      0      2      3      4      1      5       2
    2          0      2      0      3      0      1      4       1
    3          0      0      2      1      1      3      2       1
    4          0      0      2      2      2      3      4       2
    5          5     17     16     14     20      4      2      11
    6         25     72     69     71     55      6      5      43
    7         62     79     99     94     95     20     12      66
    8         33     48     47     60     47     27     18      40
    9         25     42     53     35     38     52     45      41
   10         14     44     46     27     51     67     82      47
   11         14     37     57     38     41     78    101      52
   12         21     39     83     47     69     91    111      66
   13         20     51     93     58     69     89    110      70
   14         33     77     99     72     71     96    103      79
   15         57     85    117    112    111     71    119      96
   16         89    120    147    126    105    103    107     114
   17         71     89    112    122    106     76     95      96
   18         70     81    105    115     80     78    102      90
   19         59     76    109    104     77     71     94      84
   20         65     62     76     52     55     68     75      65
   21         38     36     27     36     24     32     60      36
   22         10     31     24     20     21      8     16      19
   23         11     15     18     11     16      6     15      13
 
TOTALS
 
12HR 7-19    509    792   1058    906    883    848   1005     857
16HR 6-22    696   1038   1339   1169   1094   1025   1239    1086
18HR 6-24    717   1084   1381   1200   1131   1039   1270    1117
24HR 0-24    724   1106   1420   1230   1164   1052   1289    1141
 
 
 
 
*LOCATION   : ............................................................
*SITE NUMBER: 11802303
*FILE NUMBER:        3
*INTERVAL   :   15 MIN
*BATTERY    :    5.7 V
*RESTARTS   :        0
*CONFIG     :        0
*CHANNEL    :  1 OF  1
 
             MON    TUE    WED    THU    FRI    SAT    SUN    7-DAY
DATE    05/06/20     21     22     23     24     25     26   AVERAGE
 
START HOUR
 
    0          7      6      6      7      6      9      4       6
    1          1      0      2      4      1      3      1       2
    2          0      1      0      5      4      3      2       2
    3          0      1      1      2      1      2      1       1
    4          0      1      0      0      1      4      1       1
    5         13     17      9      8      7      4      1       8
    6         75     76     64     53      7      4      5      41
    7        127    105     87     77     20      8      7      62
    8         69     59     56     43     10     11     11      37
    9         39     52     37     36     33     22     42      37
   10         44     64     36     60     52     42     57      51
   11         66     48     40     64     59     56     61      56
   12         90     50     59     73     65     60     68      66
   13         87     72     66     84     77     82     45      73
   14         89     92     72     92     77     53     65      77
   15        116    114     82    105     58     50     61      84
   16        156    139    133     76     69     22     49      92
   17        117    131     97     63     41     19     55      75
   18         98    102     84     63     40     14     70      67
   19        104    114     82     62     27     22     48      66
   20         85     81     55     42     30     31     52      54
   21         33     56     49     28     21      4     33      32
   22         37     29     14     22     17     14     14      21
   23         11     11     10      6     12      4      5       8
 
TOTALS
 
12HR 7-19   1098   1028    849    836    601    439    591     777
16HR 6-22   1395   1355   1099   1021    686    500    729     969
18HR 6-24   1443   1395   1123   1049    715    518    748     999
24HR 0-24   1464   1421   1141   1075    735    543    758    1020
 
 
 
 
*LOCATION   : ............................................................
*SITE NUMBER: 11802303
*FILE NUMBER:        3
*INTERVAL   :   15 MIN
*BATTERY    :    5.7 V
*RESTARTS   :        0
*CONFIG     :        0
*CHANNEL    :  1 OF  1
 
             MON    TUE    WED    THU    FRI    SAT    SUN    7-DAY
DATE    05/06/27     28     29     30     01     02     03   AVERAGE
 
START HOUR
 
    0          3      5      1      -      -      -      -       -
    1          1      3      0      -      -      -      -       -
    2          0      0      0      -      -      -      -       -
    3          1      1      0      -      -      -      -       -
    4          0      1      1      -      -      -      -       -
    5         13     11      9      -      -      -      -       -
    6         48     46     40      -      -      -      -       -
    7         86     83     59      -      -      -      -       -
    8         52     46     36      -      -      -      -       -
    9         34     47     13      -      -      -      -       -
   10         28     23      7      -      -      -      -       -
   11         36     19     11      -      -      -      -       -
   12         46     25     21      -      -      -      -       -
   13         48     29     33      -      -      -      -       -
   14         54     33      -      -      -      -      -       -
   15         96     54      -      -      -      -      -       -
   16        109     78      -      -      -      -      -       -
   17         86     54      -      -      -      -      -       -
   18         88     26      -      -      -      -      -       -
   19         68     43      -      -      -      -      -       -
   20         58     42      -      -      -      -      -       -
   21         24     24      -      -      -      -      -       -
   22          4      9      -      -      -      -      -       -
   23         11      4      -      -      -      -      -       -
 
TOTALS
 
12HR 7-19    763    517      -      -      -      -      -       -
16HR 6-22    961    672      -      -      -      -      -       -
18HR 6-24    976    685      -      -      -      -      -       -
24HR 0-24    994    706      -      -      -      -      -       -
 
