 
 
 
*LOCATION   : ............................................................
*SITE NUMBER: 10804118
*FILE NUMBER:       17
*INTERVAL   :   15 MIN
*BATTERY    :    6.2 V
*RESTARTS   :        0
*CONFIG     :       12
*CHANNEL    :  1 OF  2
 
             THU    FRI    SAT    SUN    MON    TUE    WED    7-DAY
DATE    04/10/07     08     09     10     11     12     13   AVERAGE
 
START HOUR
 
    0          -      2     11      4      1      0      5       -
    1          -      1      5      9      2      0      1       -
    2          -      1      1      7      1      0      1       -
    3          -      1      0      3      0      1      1       -
    4          -      0      0      1      0      0      1       -
    5          -      4      0      1      2      4      4       -
    6          -     18      3      2     20     24     23       -
    7          -     42      4      3     70     67     56       -
    8          -     57     12      3     94     94    101       -
    9          -     40     27     13     59     60     66       -
   10          -     27     31     23     38     31     32       -
   11          -     32     49     50     28     56     30       -
   12          -     40     62     38     23     28     41       -
   13         50     27     64     38     34     61     29      43
   14         54     45     55     40     43     52     40      47
   15         75     47     48     52     58     59     62      57
   16        109     95     40     38     78    115    103      83
   17         98     55     39     48     82     92     95      73
   18         81     37     38     29     77     81     63      58
   19         67     27     29     20     46     52     40      40
   20         41     23      8     18     38     41     40      30
   21         23     14     10     15     21     33     36      22
   22         13      8      1      7      9     16     14      10
   23          7      5     11      3      4      2      9       6
 
TOTALS
 
12HR 7-19      -    544    469    375    684    796    718       -
16HR 6-22      -    626    519    430    809    946    857       -
18HR 6-24      -    639    531    440    822    964    880       -
24HR 0-24      -    648    548    465    828    969    893       -



 
 
 
 
*LOCATION   : ............................................................
*SITE NUMBER: 10804118
*FILE NUMBER:       17
*INTERVAL   :   15 MIN
*BATTERY    :    6.2 V
*RESTARTS   :        0
*CONFIG     :       12
*CHANNEL    :  1 OF  2
 
             THU    FRI    SAT    SUN    MON    TUE    WED    7-DAY
DATE    04/10/14     15     16     17     18     19     20   AVERAGE
 
START HOUR
 
    0          0      5      5      6      2      1      2       3
    1          7      2      5      1      0      1      2       3
    2          1      2      5      6      2      1      1       3
    3          1      0      4      1      1      0      2       1
    4          2      1      2      2      0      1      0       1
    5          3      5      4      0      5      4      4       4
    6         21     19      1      3     17     16     22      14
    7         79     57      7      9     60     42     48      43
    8         88     87     18      3     89     71    100      65
    9         70     60     25      7     57     30     38      41
   10         52     39     42     11     29     17     92      40
   11         46     35     34     24     29     30     39      34
   12         55     39     41     32     45     25     38      39
   13         48     60     55     45     33     28     26      42
   14         51     52     44     33     23     39     35      40
   15         62     80     41     32     51     39     58      52
   16        127     81     33     31     75     69     89      72
   17         94     67     38     25     77     60     80      63
   18         66     69     26     33     44     38     57      48
   19         62     29     18      7     33     31     31      30
   20         49     35     10     10     25     33     43      29
   21         31     14     16     12     20     12     25      19
   22          9      9      9      1      7      6      8       7
   23          7      6      4      2      4      5      7       5
 
TOTALS
 
12HR 7-19    838    726    404    285    612    488    700     579
16HR 6-22   1001    823    449    317    707    580    821     671
18HR 6-24   1017    838    462    320    718    591    836     683
24HR 0-24   1031    853    487    336    728    599    847     697



 
 
 
 
*LOCATION   : ............................................................
*SITE NUMBER: 10804118
*FILE NUMBER:       17
*INTERVAL   :   15 MIN
*BATTERY    :    6.2 V
*RESTARTS   :        0
*CONFIG     :       12
*CHANNEL    :  1 OF  2
 
             THU    FRI    SAT    SUN    MON    TUE    WED    7-DAY
DATE    04/10/21     22     23     24     25     26     27   AVERAGE
 
START HOUR
 
    0          4      2      8      3      0      1      0       3
    1          2      4      4      9      0      3      0       3
    2          3      2      2      6      1      0      1       2
    3          1      0      4      3      0      0      0       1
    4          0      2      1      4      0      1      0       1
    5          2      5      1      2      2      2      1       2
    6         16     13      1      5     19     17     20      13
    7         36     38      1      5     46     40     54      31
    8         76     66      9      4     79     66     86      55
    9         45     33     11     14     57     43     39      35
   10         42     33      5     29     31     28     30      28
   11         38     23     12     35     39     24     40      30
   12         37     33     25     31     44     23     34      32
   13         36     43     30     37     34     27     23      33
   14         33     43     30     33     36     35     39      36
   15         62     63     24     45     63     48     75      54
   16         73     70     46     36     98     60     82      66
   17         73     50     30     31     97     50     81      59
   18         58     41     19     23     55     43     50      41
   19         36     16     14     16     34     30     28      25
   20         29     19      8      7     28     23     27      20
   21         28     18     15      9     25     20     31      21
   22         11      5      7     10      6     10     13       9
   23          4      3      4      5      1      4      6       4
 
TOTALS
 
12HR 7-19    609    536    242    323    679    487    633     501
16HR 6-22    718    602    280    360    785    577    739     580
18HR 6-24    733    610    291    375    792    591    758     593
24HR 0-24    745    625    311    402    795    598    760     605



 
 
 
 
*LOCATION   : ............................................................
*SITE NUMBER: 10804118
*FILE NUMBER:       17
*INTERVAL   :   15 MIN
*BATTERY    :    6.2 V
*RESTARTS   :        0
*CONFIG     :       12
*CHANNEL    :  1 OF  2
 
             THU    FRI    SAT    SUN    MON    TUE    WED    7-DAY
DATE    04/10/28     29     30     31     01     02     03   AVERAGE
 
START HOUR
 
    0          3      3      6      5      3      -      -       -
    1          2      4      3      4      2      -      -       -
    2          1      1      5      3      1      -      -       -
    3          2      1      2      0      0      -      -       -
    4          3      1      3      3      0      -      -       -
    5          1      3      1      0      0      -      -       -
    6         21     20      5      2      3      -      -       -
    7         48     41      5      3     25      -      -       -
    8         74     75      7      5     54      -      -       -
    9         49     39     23      5     98      -      -       -
   10         33     34     23      6     49      -      -       -
   11         39     30     24     24      -      -      -       -
   12         38     36     28     17      -      -      -       -
   13         48     41     29     26      -      -      -       -
   14         52     48     29     24      -      -      -       -
   15         66     75     35     18      -      -      -       -
   16         77     74     21     16      -      -      -       -
   17         63     52     33     29      -      -      -       -
   18         65     27     22     18      -      -      -       -
   19         39     23      8     16      -      -      -       -
   20         24     25     15     14      -      -      -       -
   21         21     12      6     17      -      -      -       -
   22         13     13      9      8      -      -      -       -
   23          7      4      8      4      -      -      -       -
 
TOTALS
 
12HR 7-19    652    572    279    191      -      -      -       -
16HR 6-22    757    652    313    240      -      -      -       -
18HR 6-24    777    669    330    252      -      -      -       -
24HR 0-24    789    682    350    267      -      -      -       -


 
 
 
 
