 
 
 
*LOCATION   : ............................................................
*SITE NUMBER: 11204111
*FILE NUMBER:       16
*INTERVAL   :   15 MIN
*BATTERY    :    6.3 V
*RESTARTS   :        0
*CONFIG     :        0
*CHANNEL    :  1 OF  1
 
             MON    TUE    WED    THU    FRI    SAT    SUN    7-DAY
DATE    04/10/04     05     06     07     08     09     10   AVERAGE
 
START HOUR
 
    0          0      1      0      0      0      0      1       0
    1          0      0      0      0      0      0      0       0
    2          0      0      0      0      0      0      0       0
    3          0      0      0      0      0      0      0       0
    4          0      0      0      1      2      0      0       0
    5          0      0      0      0      1      0      0       0
    6          4      0      1      3      3      1      2       2
    7         13     12      6     13      7      2      1       8
    8         16     20     11      7      9      1      5      10
    9         15      5      4      6      6      2      3       6
   10         10      5      5      5      4     12     19       9
   11         15      3      7      9      6     15     19      11
   12         14      4      3     12      5     16     24      11
   13         23      7      2     17     10     29     24      16
   14         15      6      5     12      4     23     19      12
   15         16     18      4     14      4     24     11      13
   16         29     28      8     14     14     22     16      19
   17         16     20      9     10      3     22     16      14
   18         16     15      5      9      3     10     11      10
   19         13      7      6      6      2      4      5       6
   20          5      6      1      3      2      0      5       3
   21          2      0      0      0      0      0      1       0
   22          0      1      0      0      1      0      1       0
   23          0      0      1      0      0      0      0       0
 
TOTALS
 
12HR 7-19    198    143     69    128     75    178    168     137
16HR 6-22    222    156     77    140     82    183    181     149
18HR 6-24    222    157     78    140     83    183    182     149
24HR 0-24    222    158     78    141     86    183    183     150



 
 
 
 
*LOCATION   : ............................................................
*SITE NUMBER: 11204111
*FILE NUMBER:       16
*INTERVAL   :   15 MIN
*BATTERY    :    6.3 V
*RESTARTS   :        0
*CONFIG     :        0
*CHANNEL    :  1 OF  1
 
             MON    TUE    WED    THU    FRI    SAT    SUN    7-DAY
DATE    04/10/11     12     13     14     15     16     17   AVERAGE
 
START HOUR
 
    0          0      0      0      0      0      0      1       0
    1          0      0      0      0      0      0      0       0
    2          0      0      0      0      0      0      0       0
    3          0      0      0      0      0      0      0       0
    4          0      1      1      1      1      0      0       1
    5          0      1      1      0      1      0      0       0
    6          6      4      5      3      1      0      0       3
    7         12     12     10     17     11      1      1       9
    8          7     12      8      8      9      1      1       7
    9          9      4      9      4      5      4      2       5
   10          5      9      0      6      5      5      4       5
   11          2      6      8      6      8     17      6       8
   12          4     12      4      7      5     13     18       9
   13         12     11      7      9     10      9     16      11
   14         13     15      8     12     17     17     15      14
   15         12     11     13     15     10     16     10      12
   16         20     23     12     12     20     11      6      15
   17         16     17     14     16     10      7     11      13
   18         15      6     11     20      6      5      3       9
   19          7      1      6     12      4      5      3       5
   20          2      3      1      1      2      2      1       2
   21          1      5      2      2      0      0      1       2
   22          2      1      0      1      0      0      0       1
   23          0      0      1      0      0      0      0       0
 
TOTALS
 
12HR 7-19    127    138    104    132    116    106     93     117
16HR 6-22    143    151    118    150    123    113     98     128
18HR 6-24    145    152    119    151    123    113     98     129
24HR 0-24    145    154    121    152    125    113     99     130



 
 
 
 
*LOCATION   : ............................................................
*SITE NUMBER: 11204111
*FILE NUMBER:       16
*INTERVAL   :   15 MIN
*BATTERY    :    6.3 V
*RESTARTS   :        0
*CONFIG     :        0
*CHANNEL    :  1 OF  1
 
             MON    TUE    WED    THU    FRI    SAT    SUN    7-DAY
DATE    04/10/18     19     20     21     22     23     24   AVERAGE
 
START HOUR
 
    0          0      0      0      0      0      0      0       0
    1          0      0      0      0      0      0      0       0
    2          0      0      0      0      0      0      0       0
    3          0      0      0      1      0      0      0       0
    4          0      0      0      0      0      0      0       0
    5          0      0      1      0      0      0      0       0
    6          3      3      3      3      1      0      1       2
    7          6      9      4      6      4      1      1       4
    8         13      9      7      8      4      0      1       6
    9          8      7      7      7      2      0      2       5
   10          6     10      5      7      5      2      6       6
   11          4      4      6      8      5      0     11       5
   12          4      3      5      5      5     10     14       7
   13          6      7      3     11      4     10     18       8
   14          6     11      6      9     12     15     12      10
   15          8     11     10     18     13     10     14      12
   16         12     10     18     14     14     10      7      12
   17          7     12     11     11      7      9      5       9
   18          1     10      7      4      4      1     10       5
   19          3      5      5      4      4      2      3       4
   20          3      8      7      1      2      4      5       4
   21          1      0      2      3      0      1      4       2
   22          1      0      2      0      0      4      0       1
   23          3      0      0      0      1      1      1       1
 
TOTALS
 
12HR 7-19     81    103     89    108     79     68    101      90
16HR 6-22     91    119    106    119     86     75    114     101
18HR 6-24     95    119    108    119     87     80    115     103
24HR 0-24     95    119    109    120     87     80    115     104



 
 
 
 
*LOCATION   : ............................................................
*SITE NUMBER: 11204111
*FILE NUMBER:       16
*INTERVAL   :   15 MIN
*BATTERY    :    6.3 V
*RESTARTS   :        0
*CONFIG     :        0
*CHANNEL    :  1 OF  1
 
             MON    TUE    WED    THU    FRI    SAT    SUN    7-DAY
DATE    04/10/25     26     27     28     29     30     31   AVERAGE
 
START HOUR
 
    0          0      0      0      0      0      0      0       0
    1          0      0      0      0      0      0      0       0
    2          0      0      0      0      0      0      0       0
    3          0      0      0      0      0      0      0       0
    4          0      2      1      1      0      0      0       1
    5          1      0      0      0      0      0      0       0
    6          3      1      2      3      4      1      0       2
    7          4      8      9      7      6      0      0       5
    8          8      8      4      8      9      4      2       6
    9          2      6      8      8      1      5      2       5
   10          5      2      5      2      2      4      1       3
   11          7      6      8      2      4      7      6       6
   12         10      1      6     10      7      4     11       7
   13         17      5     15     12     11      8     12      11
   14         10     10     14     15     12     11      7      11
   15         12      8     13     17      7      8      8      10
   16         11      6     20     14     16      5      4      11
   17         13      4      7     13      8      7      3       8
   18          8      6      9      9      1      7      4       6
   19          6      7      2      1      1      1      1       3
   20          2      2     10      3      0      0      2       3
   21          2      4      3      0      3      0      0       2
   22          0      1      1      3      0      8      5       3
   23          0      0      0      1      0      0      0       0
 
TOTALS
 
12HR 7-19    107     70    118    117     84     70     60      89
16HR 6-22    120     84    135    124     92     72     63      99
18HR 6-24    120     85    136    128     92     80     68     101
24HR 0-24    121     87    137    129     92     80     68     102



 
 
 
 
*LOCATION   : ............................................................
*SITE NUMBER: 11204111
*FILE NUMBER:       16
*INTERVAL   :   15 MIN
*BATTERY    :    6.3 V
*RESTARTS   :        0
*CONFIG     :        0
*CHANNEL    :  1 OF  1
 
             MON    TUE    WED    THU    FRI    SAT    SUN    7-DAY
DATE    04/11/01     02     03     04     05     06     07   AVERAGE
 
START HOUR
 
    0          0      -      -      -      -      -      -       -
    1          0      -      -      -      -      -      -       -
    2          0      -      -      -      -      -      -       -
    3          0      -      -      -      -      -      -       -
    4          0      -      -      -      -      -      -       -
    5          0      -      -      -      -      -      -       -
    6          1      -      -      -      -      -      -       -
    7          4      -      -      -      -      -      -       -
    8         14      -      -      -      -      -      -       -
    9          9      -      -      -      -      -      -       -
   10         12      -      -      -      -      -      -       -
   11          -      -      -      -      -      -      -       -
   12          -      -      -      -      -      -      -       -
   13          -      -      -      -      -      -      -       -
   14          -      -      -      -      -      -      -       -
   15          -      -      -      -      -      -      -       -
   16          -      -      -      -      -      -      -       -
   17          -      -      -      -      -      -      -       -
   18          -      -      -      -      -      -      -       -
   19          -      -      -      -      -      -      -       -
   20          -      -      -      -      -      -      -       -
   21          -      -      -      -      -      -      -       -
   22          -      -      -      -      -      -      -       -
   23          -      -      -      -      -      -      -       -
 
TOTALS
 
12HR 7-19      -      -      -      -      -      -      -       -
16HR 6-22      -      -      -      -      -      -      -       -
18HR 6-24      -      -      -      -      -      -      -       -
24HR 0-24      -      -      -      -      -      -      -       -

 
