 
 
 
*LOCATION   : ............................................................
*SITE NUMBER: 12104110
*FILE NUMBER:        5
*INTERVAL   :   15 MIN
*BATTERY    :    6.4 V
*RESTARTS   :        0
*CONFIG     :       12
*CHANNEL    :  1 OF  2
 
             MON    TUE    WED    THU    FRI    SAT    SUN    7-DAY
DATE    04/10/04     05     06     07     08     09     10   AVERAGE
 
START HOUR
 
    0          -      1      0      3      5      5      2       -
    1          -      1      2      2      0      1      0       -
    2          -      0      3      0      0      2      0       -
    3          -      2      1      1      0      1      1       -
    4          -      4      4      5      3      2      1       -
    5          -     11     15     14     13      9      1       -
    6          -     38     33     33     25      5      4       -
    7          -     62     64     63     37     12      5       -
    8          -     38     18     30     32     14      1       -
    9          -     17     24     30     21     19     10       -
   10          -     11     43     25     35     24     31       -
   11          -     16     20     40     36     34     39       -
   12          -     15     36     57     35     43     64       -
   13          -     29     47     57     36     68     45       -
   14          -     45     18     48     32     50     32       -
   15         92     63     34     59     35     66     41      56
   16         92     72     48     40     30     66     35      55
   17         83     57     47     64     37     26     33      50
   18         44     32     19     31     20     33     24      29
   19         43     13     11     36      9     17     14      20
   20         23      6     18     17     10      7     16      14
   21         15     12     10      7     10      4      6       9
   22          7      3      3      2      6      8      2       4
   23          4      1      8      3      1      1      0       3
 
TOTALS
 
12HR 7-19      -    457    418    544    386    455    360       -
16HR 6-22      -    526    490    637    440    488    400       -
18HR 6-24      -    530    501    642    447    497    402       -
24HR 0-24      -    549    526    667    468    517    407       -
 
 
 
 
*LOCATION   : ............................................................
*SITE NUMBER: 12104110
*FILE NUMBER:        5
*INTERVAL   :   15 MIN
*BATTERY    :    6.4 V
*RESTARTS   :        0
*CONFIG     :       12
*CHANNEL    :  1 OF  2
 
             MON    TUE    WED    THU    FRI    SAT    SUN    7-DAY
DATE    04/10/11     12     13     14     15     16     17   AVERAGE
 
START HOUR
 
    0          0      0      4      1      4      0      0       1
    1          2      2      2      0      2      8      4       3
    2          0      0      2      0      4      0      2       1
    3          2      0      0      0      0      3      0       1
    4          7      4      5      3      5      3      1       4
    5          9     12     10     11     13      5      3       9
    6         29     29     38     31     23      8      8      24
    7         65     56     64     61     39      6      4      42
    8         22     34     25     38     36     14      2      24
    9         22     15     21     29     32     19     19      22
   10         12     21     25     17     38     22     15      21
   11         33     25     26     39     25     36     32      31
   12         29     27     31     29     36     58     51      37
   13         38     51     34     42     36     48     29      40
   14         34     39     38     39     39     61     39      41
   15         47     56     52     60     46     37     25      46
   16         52     79     63     69     44     33     33      53
   17         54     53     42     59     36     16     22      40
   18         41     44     37     44     23     13     15      31
   19         16     17     28     35     12      4      9      17
   20         12     23     12     21      7     10     15      14
   21         13     11      9      8     12      8      5       9
   22          5      9      2      9      4      1      3       5
   23          3      3      0      6      2      5      2       3
 
TOTALS
 
12HR 7-19    449    500    458    526    430    363    286     430
16HR 6-22    519    580    545    621    484    393    323     495
18HR 6-24    527    592    547    636    490    399    328     503
24HR 0-24    547    610    570    651    518    418    338     522
 
 
 
 
*LOCATION   : ............................................................
*SITE NUMBER: 12104110
*FILE NUMBER:        5
*INTERVAL   :   15 MIN
*BATTERY    :    6.4 V
*RESTARTS   :        0
*CONFIG     :       12
*CHANNEL    :  1 OF  2
 
             MON    TUE    WED    THU    FRI    SAT    SUN    7-DAY
DATE    04/10/18     19     20     21     22     23     24   AVERAGE
 
START HOUR
 
    0          4      0      1      1      2      2      5       2
    1          2      1      2      0      4      2      3       2
    2          4      3      3      0      0      1      1       2
    3          1      0      2      0      0      1      3       1
    4          4      3      5      3      2      1      4       3
    5         19     13     19     13     13      0      2      11
    6         24     18     28     29     15      8      8      19
    7         45     30     43     35     31      5      6      28
    8         32     20     23     25     21      7     10      20
    9         20     14     14     14     13     18     11      15
   10         26      8     12     14     14     14     23      16
   11         30      8     23     35     35     11     31      25
   12         24     23     38     29     40     26     39      31
   13         21     23     38     42     27     41     44      34
   14         20     20     39     45     19     36     24      29
   15         48     40     57     50     45     21     44      44
   16         43     29     59     48     50     26     29      41
   17         32     20     30     35     26     21     26      27
   18         12     29     23     22     38     10      7      20
   19          8     21     22     19     13      6     13      15
   20          8     15     15     12     15     15     13      13
   21          7      7     10      6     12      4     13       8
   22          6     13      5      2      2      5      1       5
   23          0      2      0      1      4      1      2       1
 
TOTALS
 
12HR 7-19    353    264    399    394    359    236    294     328
16HR 6-22    400    325    474    460    414    269    341     383
18HR 6-24    406    340    479    463    420    275    344     390
24HR 0-24    440    360    511    480    441    282    362     411
 
 
 
 
*LOCATION   : ............................................................
*SITE NUMBER: 12104110
*FILE NUMBER:        5
*INTERVAL   :   15 MIN
*BATTERY    :    6.4 V
*RESTARTS   :        0
*CONFIG     :       12
*CHANNEL    :  1 OF  2
 
             MON    TUE    WED    THU    FRI    SAT    SUN    7-DAY
DATE    04/10/25     26     27     28     29     30     31   AVERAGE
 
START HOUR
 
    0          0      0      5      1      0      3      6       2
    1          2      0      1      0      0      0      1       1
    2          0      0      0      0      1      6      3       1
    3          0      1      0      1      1      0      1       1
    4          5      3      5      3      2      4      0       3
    5         16     11     15      9     18      3      0      10
    6         26     28     23     28     21      8      7      20
    7         39     38     50     49     32      1      2      30
    8         29     21     32     24     27     10      1      21
    9         25     18     12     10     20      9      8      15
   10         26     17     26     19     17     27     10      20
   11         34     13     35     37     32     29     25      29
   12         54     27     28     38     28     22     25      32
   13         50     31     37     34     32     44     35      38
   14         53     33     41     27     38     43     31      38
   15         53     39     63     58     43     38     21      45
   16         74     35     49     45     48     22     13      41
   17         44     23     58     65     37     21     18      38
   18         32     15     32     21     26     21      8      22
   19         28     24     21     10     24     10      8      18
   20         14     22     15     10      9     13      5      13
   21         21      6      9     11     14      7      3      10
   22          9      5      7      9      3      2      2       5
   23          0      5      0      2      6      7      2       3
 
TOTALS
 
12HR 7-19    513    310    463    427    380    287    197     368
16HR 6-22    602    390    531    486    448    325    220     429
18HR 6-24    611    400    538    497    457    334    224     437
24HR 0-24    634    415    564    511    479    350    235     455
 
 
 
 
*LOCATION   : ............................................................
*SITE NUMBER: 12104110
*FILE NUMBER:        5
*INTERVAL   :   15 MIN
*BATTERY    :    6.4 V
*RESTARTS   :        0
*CONFIG     :       12
*CHANNEL    :  1 OF  2
 
             MON    TUE    WED    THU    FRI    SAT    SUN    7-DAY
DATE    04/11/01     02     03     04     05     06     07   AVERAGE
 
START HOUR
 
    0          3      -      -      -      -      -      -       -
    1          1      -      -      -      -      -      -       -
    2          0      -      -      -      -      -      -       -
    3          0      -      -      -      -      -      -       -
    4          1      -      -      -      -      -      -       -
    5          3      -      -      -      -      -      -       -
    6         13      -      -      -      -      -      -       -
    7         27      -      -      -      -      -      -       -
    8         34      -      -      -      -      -      -       -
    9         25      -      -      -      -      -      -       -
   10         15      -      -      -      -      -      -       -
   11          -      -      -      -      -      -      -       -
   12          -      -      -      -      -      -      -       -
   13          -      -      -      -      -      -      -       -
   14          -      -      -      -      -      -      -       -
   15          -      -      -      -      -      -      -       -
   16          -      -      -      -      -      -      -       -
   17          -      -      -      -      -      -      -       -
   18          -      -      -      -      -      -      -       -
   19          -      -      -      -      -      -      -       -
   20          -      -      -      -      -      -      -       -
   21          -      -      -      -      -      -      -       -
   22          -      -      -      -      -      -      -       -
   23          -      -      -      -      -      -      -       -
 
TOTALS
 
12HR 7-19      -      -      -      -      -      -      -       -
16HR 6-22      -      -      -      -      -      -      -       -
18HR 6-24      -      -      -      -      -      -      -       -
24HR 0-24      -      -      -      -      -      -      -       -
 
 
 
 
*LOCATION   : ............................................................
*SITE NUMBER: 12104110
*FILE NUMBER:        5
*INTERVAL   :   15 MIN
*BATTERY    :    6.4 V
*RESTARTS   :        0
*CONFIG     :       12
*CHANNEL    :  2 OF  2
 
             MON    TUE    WED    THU    FRI    SAT    SUN    7-DAY
DATE    04/10/04     05     06     07     08     09     10   AVERAGE
 
START HOUR
 
    0          -      2      0      4      5      5      4       -
    1          -      0      0      0      0      0      0       -
    2          -      0      2      0      4      3      3       -
    3          -      3      0      0      0      3      2       -
    4          -      0      0      0      2      0      0       -
    5          -      2      1     12     12      1      2       -
    6          -     42     23     31     17     10      4       -
    7          -     73     62     58     45     15     19       -
    8          -     39     29     58     20      3     10       -
    9          -     38     24     55      9     22     47       -
   10          -     29     38     66     24     32     32       -
   11          -     16     20     59     33     44     67       -
   12          -     17     20     60     35     54     47       -
   13          -     45     20     79     38     80     52       -
   14          -     57     24     63     42     80     77       -
   15         66     67     39     78     64     55     48      60
   16         92     83     38     58     33     56     74      62
   17         94     49     33     81     31     32     46      52
   18         79     52     12     34     23     37     39      39
   19         51     31     15     32     20     12     27      27
   20         37     17     19     27     21      8     13      20
   21         23     22     18     19      5     10     27      18
   22          3      4      6      4      6      8      0       4
   23          3      3      1      6      0      0      4       2
 
TOTALS
 
12HR 7-19      -    565    359    749    397    510    558       -
16HR 6-22      -    677    434    858    460    550    629       -
18HR 6-24      -    684    441    868    466    558    633       -
24HR 0-24      -    691    444    884    489    570    644       -
 
 
 
 
*LOCATION   : ............................................................
*SITE NUMBER: 12104110
*FILE NUMBER:        5
*INTERVAL   :   15 MIN
*BATTERY    :    6.4 V
*RESTARTS   :        0
*CONFIG     :       12
*CHANNEL    :  2 OF  2
 
             MON    TUE    WED    THU    FRI    SAT    SUN    7-DAY
DATE    04/10/11     12     13     14     15     16     17   AVERAGE
 
START HOUR
 
    0          7      4      3      4      2      4      2       4
    1          0      0      2      0      0      0      3       1
    2          0      0      0      0      0      0      0       0
    3          0      0      0      6      0      0      0       1
    4          0      1      0      2      3      0      0       1
    5         11      7      7     13     14      2      0       8
    6         40     30     32     40     23      1      8      25
    7         62     65     73     43     58      9      6      45
    8         25     33     47     49     24      2      3      26
    9         23     26     41     33     27     27     21      28
   10         16     24     30     37     22     39     19      27
   11         26     24     47     53     29     50     28      37
   12         40     47     37     56     36     48     31      42
   13         29     43     30     52     43     63     36      42
   14         22     21     39     45     47     58     39      39
   15         74     75     95     87     91     34     53      73
   16         48     61     81     81     81     23     22      57
   17         26     49     49     57     44     27     27      40
   18         55     31     61     36     26     21     28      37
   19         29     42     29     18      5     11     33      24
   20         29     45     28     28      6     10     10      22
   21         18     10     12     12     12     10     11      12
   22          7      4      9     11      7      0      2       6
   23          0      0      3      0      5      5      6       3
 
TOTALS
 
12HR 7-19    446    499    630    629    528    401    313     492
16HR 6-22    562    626    731    727    574    433    375     575
18HR 6-24    569    630    743    738    586    438    383     584
24HR 0-24    587    642    755    763    605    444    388     598
 
 
 
 
*LOCATION   : ............................................................
*SITE NUMBER: 12104110
*FILE NUMBER:        5
*INTERVAL   :   15 MIN
*BATTERY    :    6.4 V
*RESTARTS   :        0
*CONFIG     :       12
*CHANNEL    :  2 OF  2
 
             MON    TUE    WED    THU    FRI    SAT    SUN    7-DAY
DATE    04/10/18     19     20     21     22     23     24   AVERAGE
 
START HOUR
 
    0          2      1      0      2      3      2      4       2
    1          0      0      0      0      0      0      0       0
    2          0      0      2      0      2      0      0       1
    3          0      0      0      0      0      0      3       0
    4          0      0      2      2      0      0      0       1
    5         10      4      6     13      7      2      0       6
    6         18     13     20     19     14     11      2      14
    7         50     40     33     35     41      6     12      31
    8         24     15     34     16     18      9     12      18
    9         19     17     26     29     16     11     22      20
   10         32     12     27     34     18      8     34      24
   11         19     13     42     15     29     19     49      27
   12         26     14     46     28     28     25     44      30
   13         25     33     45     26     20     29     52      33
   14         16     20     34     40     59     29     35      33
   15         53     35     61     63     56     37     35      49
   16         32     41     44     63     44     27     38      41
   17         25     37     46     40     26     28     29      33
   18         27     32     38     49     17     19     20      29
   19         10     23     18     35     17     19     19      20
   20         20     11     13     12     13     30     12      16
   21         13     11     16      9      4      7     10      10
   22          5      9      5      3      3      2      4       4
   23          1      4      0      0      0      2      4       2
 
TOTALS
 
12HR 7-19    348    309    476    438    372    247    382     367
16HR 6-22    409    367    543    513    420    314    425     427
18HR 6-24    415    380    548    516    423    318    433     433
24HR 0-24    427    385    558    533    435    322    440     443
 
 
 
 
*LOCATION   : ............................................................
*SITE NUMBER: 12104110
*FILE NUMBER:        5
*INTERVAL   :   15 MIN
*BATTERY    :    6.4 V
*RESTARTS   :        0
*CONFIG     :       12
*CHANNEL    :  2 OF  2
 
             MON    TUE    WED    THU    FRI    SAT    SUN    7-DAY
DATE    04/10/25     26     27     28     29     30     31   AVERAGE
 
START HOUR
 
    0          4      3      1      2      1      6      1       3
    1          0      0      0      0      3      0      0       0
    2          0      0      0      1      0      0      0       0
    3          0      0      0      2      1      0      0       0
    4          0      2      2      0      2      0      0       1
    5          5      4      5      5      4      0      2       4
    6         32     33     29     31     23      0      0      21
    7         55     47     49     48     39     13      6      37
    8         32     30     27     32     24      8      8      23
    9         12     17     29     22     26     11     10      18
   10         26     18     30     28     26     26      8      23
   11         36     23     41     41     39     30     19      33
   12         38     27     28     56     32     27     22      33
   13         47     20     42     46     51     22     32      37
   14         56     22     31     49     47     50     31      41
   15         68     42     62     66     80     30     24      53
   16         56     43     42     40     65     25     16      41
   17         42     18     44     51     42      9     12      31
   18         42     28     37     35     28     21     22      30
   19         10      7     34     38     13      6      5      16
   20         17      8     28      9     14      7      3      12
   21          5     17     12     14      6      7     10      10
   22          5      5      6      5      9      2     11       6
   23          0      0      0      2      0      0      7       1
 
TOTALS
 
12HR 7-19    510    335    462    514    499    272    210     400
16HR 6-22    574    400    565    606    555    292    228     460
18HR 6-24    579    405    571    613    564    294    246     467
24HR 0-24    588    414    579    623    575    300    249     475
 
 
 
 
*LOCATION   : ............................................................
*SITE NUMBER: 12104110
*FILE NUMBER:        5
*INTERVAL   :   15 MIN
*BATTERY    :    6.4 V
*RESTARTS   :        0
*CONFIG     :       12
*CHANNEL    :  2 OF  2
 
             MON    TUE    WED    THU    FRI    SAT    SUN    7-DAY
DATE    04/11/01     02     03     04     05     06     07   AVERAGE
 
START HOUR
 
    0          0      -      -      -      -      -      -       -
    1          3      -      -      -      -      -      -       -
    2          1      -      -      -      -      -      -       -
    3          0      -      -      -      -      -      -       -
    4          0      -      -      -      -      -      -       -
    5          6      -      -      -      -      -      -       -
    6          8      -      -      -      -      -      -       -
    7         35      -      -      -      -      -      -       -
    8         45      -      -      -      -      -      -       -
    9         34      -      -      -      -      -      -       -
   10         18      -      -      -      -      -      -       -
   11          -      -      -      -      -      -      -       -
   12          -      -      -      -      -      -      -       -
   13          -      -      -      -      -      -      -       -
   14          -      -      -      -      -      -      -       -
   15          -      -      -      -      -      -      -       -
   16          -      -      -      -      -      -      -       -
   17          -      -      -      -      -      -      -       -
   18          -      -      -      -      -      -      -       -
   19          -      -      -      -      -      -      -       -
   20          -      -      -      -      -      -      -       -
   21          -      -      -      -      -      -      -       -
   22          -      -      -      -      -      -      -       -
   23          -      -      -      -      -    