 
 
 
*LOCATION   : ............................................................
*SITE NUMBER: 10703536
*FILE NUMBER:        1
*INTERVAL   :   15 MIN
*BATTERY    :    6.0 V
*RESTARTS   :        0
*CONFIG     :        0
*CHANNEL    :  1 OF  1
 
             MON    TUE    WED    THU    FRI    SAT    SUN    7-DAY
DATE    05/08/29     30     31     01     02     03     04   AVERAGE
 
START HOUR
 
    0          -      1      3      9     10     18     12       -
    1          -      3      2      9     14      9      9       -
    2          -      0      4      4      3      6     12       -
    3          -      2      2      4      4      8      7       -
    4          -      6      4      2      2      7      7       -
    5          -     12     11     10     10      4      6       -
    6          -     47     58     45     35      7     14       -
    7          -    161    182    169    146     14      8       -
    8          -    268    249    271    242     29     13       -
    9          -    124    129    155    155     65     27       -
   10          -     70     80     85     79     47     46       -
   11          -     75     88     77     74     79     56       -
   12          -     92     81     65     90     86     79       -
   13          -     79     76     88    110    113    118       -
   14         69     98     99     99    142    110    115     105
   15        172    174    215    198    214     90    109     167
   16        240    255    258    275    269     96     90     212
   17        189    196    211    234    188     59     77     165
   18        117    138    171    159    108     85     98     125
   19         96    117    165    122     99     32     91     103
   20         51     78    112    109     80     44     73      78
   21         25     37     75     56     41     24     35      42
   22         19     32     52     33     46     29     37      35
   23          6      8     22     18     21     30     12      17
 
TOTALS
 
12HR 7-19      -   1730   1839   1875   1817    873    836       -
16HR 6-22      -   2009   2249   2207   2072    980   1049       -
18HR 6-24      -   2049   2323   2258   2139   1039   1098       -
24HR 0-24      -   2073   2349   2296   2182   1091   1151       -
 
 
 
 
*LOCATION   : ............................................................
*SITE NUMBER: 10703536
*FILE NUMBER:        1
*INTERVAL   :   15 MIN
*BATTERY    :    6.0 V
*RESTARTS   :        0
*CONFIG     :        0
*CHANNEL    :  1 OF  1
 
             MON    TUE    WED    THU    FRI    SAT    SUN    7-DAY
DATE    05/09/05     06     07     08     09     10     11   AVERAGE
 
START HOUR
 
    0         10      1      8      1     11     10      9       7
    1          2      7      5      2      7     13      9       6
    2          2      0      3      2      5     11      8       4
    3          1      1      2      3      1     10      5       3
    4          3      1      2      1      3      2      8       3
    5         10      9      7      9     11      6      6       8
    6         40     52     44     39     37     11      8      33
    7        185    201    187    169    178     12      7     134
    8        281    285    297    272    244     19     15     202
    9        169    166    172    157    152     40     24     126
   10        109     75    120     73     80     63     37      80
   11         74     90     92     73     83     76     63      79
   12         94     80    101     71     80     79     94      86
   13         85     70     99     91     98     89     98      90
   14         98    117    100    115    120     84     84     103
   15        187    193    212    166    184     98     85     161
   16        296    293    285    259    252     98     82     224
   17        223    235    233    205    160     67     69     170
   18        182    178    188    158    123     70     77     139
   19        107    123    124    107     79     28     58      89
   20         82     85    100     71     63     40     45      69
   21         33     55     44     37     39     19     15      35
   22         30     32     35     28     27     22      9      26
   23         14     12     17     25     16     10      5      14
 
TOTALS
 
12HR 7-19   1983   1983   2086   1809   1754    795    735    1592
16HR 6-22   2245   2298   2398   2063   1972    893    861    1819
18HR 6-24   2289   2342   2450   2116   2015    925    875    1859
24HR 0-24   2317   2361   2477   2134   2053    977    920    1891
 
 
 
 
*LOCATION   : ............................................................
*SITE NUMBER: 10703536
*FILE NUMBER:        1
*INTERVAL   :   15 MIN
*BATTERY    :    6.0 V
*RESTARTS   :        0
*CONFIG     :        0
*CHANNEL    :  1 OF  1
 
             MON    TUE    WED    THU    FRI    SAT    SUN    7-DAY
DATE    05/09/12     13     14     15     16     17     18   AVERAGE
 
START HOUR
 
    0          2      1      5      5     18     10      4       6
    1          6      1      6      5      3     10      6       5
    2          0      2      5      0      0      4      7       3
    3          4      2      1      3      1      6      9       4
    4          1      1      1      3      3      5      6       3
    5         10     15      2      7     10      6      3       8
    6         31     43     25     38     31      7      3      25
    7        146    174     90    127    110     17      9      96
    8        252    267    138    195    180     31      9     153
    9        147    151     80    103    115     41     23      94
   10         74     96     51     71     75     43     23      62
   11         75     85     48     64     53     68     36      61
   12         90    109     45     65     77     59     49      71
   13         94    104     50     51     73     72     39      69
   14        103    106     48     50     87     77     48      74
   15        146    153     92    132    151     86     35     114
   16        268    301    131    168    190     71     33     166
   17        212    230    104    130    141     42     28     127
   18        146    152     81    102    102     50     26      94
   19         73    116     46     59     55     26     31      58
   20         64     70     23     38     42     20     31      41
   21         31     29     19     28     27     18     16      24
   22         17     18      8     19     22     19      4      15
   23          2     14      5      9     13      7      5       8
 
TOTALS
 
12HR 7-19   1753   1928    958   1258   1354    657    358    1181
16HR 6-22   1952   2186   1071   1421   1509    728    439    1329
18HR 6-24   1971   2218   1084   1449   1544    754    448    1353
24HR 0-24   1994   2240   1104   1472   1579    795    483    1381
 
 
 
 
*LOCATION   : ............................................................
*SITE NUMBER: 10703536
*FILE NUMBER:        1
*INTERVAL   :   15 MIN
*BATTERY    :    6.0 V
*RESTARTS   :        0
*CONFIG     :        0
*CHANNEL    :  1 OF  1
 
             MON    TUE    WED    THU    FRI    SAT    SUN    7-DAY
DATE    05/09/19     20     21     22     23     24     25   AVERAGE
 
START HOUR
 
    0          4     10      6     10      6      9      7       7
    1          4      5      1      6      8     13      4       6
    2          1      1      1      1      2      6      5       2
    3          2      3      1      2      1      8      7       3
    4          2      3      2      1      2      9      7       4
    5          7      8      7      7      9      2      2       6
    6         39     39     41     35     28      6      2      27
    7        119    153    130    132    121      9      8      96
    8        234    242    233    208    207     26      9     166
    9        138    115    144     98    100     37     22      93
   10         74     74     71     90     72     56     38      68
   11         57     73     88     72     74     55     76      71
   12         68     65     81     79     82     82     61      74
   13         71     66     80     97     70     84     79      78
   14         94     81     81     84    105     69     57      82
   15        161    145    145    143    149     88     74     129
   16        255    250    243    222    191     78     88     190
   17        172    189    171    195    166     82     56     147
   18        151    148    145    144     89     54     75     115
   19         90     87    105     94     59     28     48      73
   20         68     61     78     69     36     18     26      51
   21         32     37     27     41     18     19     13      27
   22         24     17     22     21     11     10     15      17
   23          9      7     17      8     16      9     11      11
 
TOTALS
 
12HR 7-19   1594   1601   1612   1564   1426    720    643    1309
16HR 6-22   1823   1825   1863   1803   1567    791    732    1486
18HR 6-24   1856   1849   1902   1832   1594    810    758    1514
24HR 0-24   1876   1879   1920   1859   1622    857    790    1543
 
 
 
 
*LOCATION   : ............................................................
*SITE NUMBER: 10703536
*FILE NUMBER:        1
*INTERVAL   :   15 MIN
*BATTERY    :    6.0 V
*RESTARTS   :        0
*CONFIG     :        0
*CHANNEL    :  1 OF  1
 
             MON    TUE    WED    THU    FRI    SAT    SUN    7-DAY
DATE    05/09/26     27     28     29     30     01     02   AVERAGE
 
START HOUR
 
    0          4      5      5      6      8      4      8       6
    1          0      3      1      4      4     10      6       4
    2          2      0      1      0      2      2      6       2
    3          0      4      1      1      4      7      4       3
    4          2      6      2      3      7      5      8       5
    5         14      8     10      5      8      4      1       7
    6         42     42     27     22     29      4      5      24
    7        133    156    142     87    113     11      4      92
    8        229    228    218    154    178     14     13     148
    9        135    141    125    107    105     32     14      94
   10         98     80     81     67     47     53     25      64
   11         84     63     68     56     71     65     51      65
   12         64     80     52     58     63     71     53      63
   13         82    102     71     84     80     68     44      76
   14         90    106     73     81     91     93     56      84
   15        149    143    106    119    121     75     30     106
   16        246    246    163    155    176     78     31     156
   17        202    219    149    141    153     60     30     136
   18        157    173    121    138     83     48     27     107
   19         97     98     70     66     54     23     27      62
   20         45     65     34     50     35     12     23      38
   21         37     37     31     32     21     15     12      26
   22         24     21     24     19     23     18      4      19
   23         11     13     14      6     12     13      9      11
 
TOTALS
 
12HR 7-19   1669   1737   1369   1247   1281    668    378    1193
16HR 6-22   1890   1979   1531   1417   1420    722    445    1343
18HR 6-24   1925   2013   1569   1442   1455    753    458    1374
24HR 0-24   1947   2039   1589   1461   1488    785    491    1400
 
 
 
 
*LOCATION   : ............................................................
*SITE NUMBER: 10703536
*FILE NUMBER:        1
*INTERVAL   :   15 MIN
*BATTERY    :    6.0 V
*RESTARTS   :        0
*CONFIG     :        0
*CHANNEL    :  1 OF  1
 
             MON    TUE    WED    THU    FRI    SAT    SUN    7-DAY
DATE    05/10/03     04     05     06     07     08     09   AVERAGE
 
START HOUR
 
    0          2      -      -      -      -      -      -       -
    1          2      -      -      -      -      -      -       -
    2          1      -      -      -      -      -      -       -
    3          0      -      -      -      -      -      -       -
    4          3      -      -      -      -      -      -       -
    5          9      -      -      -      -      -      -       -
    6         35      -      -      -      -      -      -       -
    7        122      -      -      -      -      -      -       -
    8        219      -      -      -      -      -      -       -
    9        138      -      -      -      -      -      -       -
   10          -      -      -      -      -      -      -       -
   11          -      -      -      -      -      -      -       -
   12          -      -      -      -      -      -      -       -
   13          -      -      -      -      -      -      -       -
   14          -      -      -      -      -      -      -       -
   15          -      -      -      -      -      -      -       -
   16          -      -      -      -      -      -      -       -
   17          -      -      -      -      -      -      -       -
   18          -      -      -      -      -      -      -       -
   19          -      -      -      -      -      -      -       -
   20          -      -      -      -      -      -      -       -
   21          -      -      -      -      -      -      -       -
   22          -      -      -      -      -      -      -       -
   23          -      -      -      -      -      -      -       -
 
TOTALS
 
12HR 7-19      -      -      -      -      -      -      -       -
16HR 6-22      -      