 
 
 
*LOCATION   : ............................................................
*SITE NUMBER: 10803717
*FILE NUMBER:        6
*INTERVAL   :   15 MIN
*BATTERY    :    6.4 V
*RESTARTS   :        0
*CONFIG     :        2
*CHANNEL    :  1 OF  1
 
             TUE    WED    THU    FRI    SAT    SUN    MON    7-DAY
DATE    05/09/13     14     15     16     17     18     19   AVERAGE
 
START HOUR
 
    0          -      9      4      4     10      7      2       -
    1          -      5      3      3     10      8      2       -
    2          -      3      1      4      8      5      3       -
    3          -      0      3      0      3      6      0       -
    4          -      1      0      2      3      4      2       -
    5          -      3      4      6      4      4      4       -
    6          -     20     38     31      4      5     45       -
    7          -     63    104     90     16     12    117       -
    8          -     76    130    121     23      6    163       -
    9          -     52    113     81     37     28    101       -
   10          -     26     47     82     43     21     35       -
   11          -     31     49     37     52     37     41       -
   12          -     35     46     65     61     53     56       -
   13          -     37     64     65     53     62     68       -
   14          -     33     51     79     66     54     66       -
   15        137     50     67    107     63     36     98      80
   16        203     91    126    127     62     43    182     119
   17        155     66     99     99     51     32    143      92
   18        145     42     74     81     55     35    141      82
   19         96     37     48     56     25     27     87      54
   20         68     18     41     36     23     18     41      35
   21         46     18     40     22     14     13     52      29
   22         15     12      8     16     12      8     13      12
   23         16      6     13     17     16      4     11      12
 
TOTALS
 
12HR 7-19      -    602    970   1034    582    419   1211       -
16HR 6-22      -    695   1137   1179    648    482   1436       -
18HR 6-24      -    713   1158   1212    676    494   1460       -
24HR 0-24      -    734   1173   1231    714    528   1473       -

 
 
 
 






















*LOCATION   : ............................................................
*SITE NUMBER: 10803717
*FILE NUMBER:        6
*INTERVAL   :   15 MIN
*BATTERY    :    6.4 V
*RESTARTS   :        0
*CONFIG     :        2
*CHANNEL    :  1 OF  1
 
             TUE    WED    THU    FRI    SAT    SUN    MON    7-DAY
DATE    05/09/20     21     22     23     24     25     26   AVERAGE
 
START HOUR
 
    0          3      3      7      4      7      6      6       5
    1          3      3      3      8      5     13      8       6
    2          2      2      3      4      6      8      2       4
    3          1      0      2      3      4      5      0       2
    4          2      2      1      2      4      2      0       2
    5          8      5     11      9      4      3      6       7
    6         38     43     35     39      9     11     37      30
    7        117    120    103    101     16      6    129      85
    8        155    172    167    131     14      9    181     118
    9         94     96     89     78     41     19    123      77
   10         56     56     55     74     49     34     47      53
   11         57     60     58     45     59     76     22      54
   12         51     73     71     59     88     77      0      60
   13         52     73     74     83     66    107      0      65
   14         70     79     70     86    100    106      0      73
   15        107    129    119    118     85     95      0      93
   16        142    174    160    148     84     72      0     111
   17        140    147    152    102     58     77      0      97
   18        107    132    115    101     55     74      0      83
   19         75     88     71     58     34     66      0      56
   20         56     70     81     42     24     35      0      44
   21         38     36     52     21     17     29      0      28
   22          9     20     28     23     20     10      0      16
   23         13      7     11     11      6      6      0       8
 
TOTALS
 
12HR 7-19   1148   1311   1233   1126    715    752    502     970
16HR 6-22   1355   1548   1472   1286    799    893    539    1127
18HR 6-24   1377   1575   1511   1320    825    909    539    1151
24HR 0-24   1396   1590   1538   1350    855    946    561    1177

 
 
 
