 
 

 
*LOCATION   : ............................................................
*SITE NUMBER: 12003516
*FILE NUMBER:        2
*INTERVAL   :   15 MIN
*BATTERY    :    6.8 V
*RESTARTS   :        0
*CONFIG     :        0
*CHANNEL    :  1 OF  1
 
             MON    TUE    WED    THU    FRI    SAT    SUN    7-DAY
DATE    05/08/29     30     31     01     02     03     04   AVERAGE
 
START HOUR
 
    0          -      0      0      2      1      1      8       -
    1          -      2      0      2      3      2      3       -
    2          -      0      0      1      2      1      1       -
    3          -      2      0      1      5      2      1       -
    4          -      0      0      2      3      0      0       -
    5          -      1      5      6      6      1      0       -
    6          -     63     64     58     64      6      4       -
    7          -    153    171    158    139     12      7       -
    8          -    155    184    163    151     19     15       -
    9          -     85     88     69     86     37     41       -
   10          -     33     39     35     49     42     55       -
   11          -     40     38     49     49     78     72       -
   12          -     35     52     46     52     94    117       -
   13          -     45     51     45     78     82    109       -
   14          -     59     61     55     85     64    117       -
   15         90    110    116    126    138     61     78     103
   16        134    150    164    161    147     58     79     128
   17        107    130    143    169    119     56     56     111
   18         77    108    130    118     75     40     79      90
   19         58     78     90     99     55     39     35      65
   20         30     59     70     60     35     23     44      46
   21         13     24     24     25     14     12     11      18
   22          8      6     11     11      9      4     11       9
   23          3      2      4      6      3      4      3       4
 
TOTALS
 
12HR 7-19      -   1103   1237   1194   1168    643    825       -
16HR 6-22      -   1327   1485   1436   1336    723    919       -
18HR 6-24      -   1335   1500   1453   1348    731    933       -
24HR 0-24      -   1340   1505   1467   1368    738    946       -

 
 
 
 





















*LOCATION   : ............................................................
*SITE NUMBER: 12003516
*FILE NUMBER:        2
*INTERVAL   :   15 MIN
*BATTERY    :    6.8 V
*RESTARTS   :        0
*CONFIG     :        0
*CHANNEL    :  1 OF  1
 
             MON    TUE    WED    THU    FRI    SAT    SUN    7-DAY
DATE    05/09/05     06     07     08     09     10     11   AVERAGE
 
START HOUR
 
    0          1      6      2      6      1      0      1       2
    1          0      2      1      3      1      2      0       1
    2          0      0      0      1      3      4      0       1
    3          0      1      1      0      0      0      1       0
    4          2      0      0      1      3      0      0       1
    5          3      2      3      5      5      1      2       3
    6         47     55     45     44     52      8      7      37
    7        171    192    154    146    128     15      9     116
    8        181    166    180    166    146     19     13     124
    9         79     80    112     58     81     42     17      67
   10         50     38     50     36     46     35     44      43
   11         41     45     55     27     40     42     56      44
   12         39     35     44     39     47     75     88      52
   13         44     36     95     31     42     64     89      57
   14         64     71     68     43     78     58     65      64
   15        101    111    105    112    115     68     65      97
   16        146    169    169    131    141     57     69     126
   17        123    132    138    133    135     43     79     112
   18        116    109    120    100     96     30     51      89
   19         77     77     97     89     52     28     45      66
   20         60     71     57     65     31     22     30      48
   21         26     25     26     17      8     17     12      19
   22          8      4      6      7      7     13     10       8
   23          5      2      2      2      0      4      1       2
 
TOTALS
 
12HR 7-19   1155   1184   1290   1022   1095    548    645     991
16HR 6-22   1365   1412   1515   1237   1238    623    739    1161
18HR 6-24   1378   1418   1523   1246   1245    640    750    1171
24HR 0-24   1384   1429   1530   1262   1258    647    754    1181

 
 
 
 


















*LOCATION   : ............................................................
*SITE NUMBER: 12003516
*FILE NUMBER:        2
*INTERVAL   :   15 MIN
*BATTERY    :    6.8 V
*RESTARTS   :        0
*CONFIG     :        0
*CHANNEL    :  1 OF  1
 
             MON    TUE    WED    THU    FRI    SAT    SUN    7-DAY
DATE    05/09/12     13     14     15     16     17     18   AVERAGE
 
START HOUR
 
    0          0      1      2      1      1      0      4       1
    1          0      0      0      0      2      0      0       0
    2          2      0      1      0      1      1      0       1
    3          0      0      0      0      0      1      1       0
    4          0      0      1      1      4      1      2       1
    5          5      5      1      3      3      2      0       3
    6         39     38     21     29     25      2      2      22
    7        125    166     74    114    115      4      8      87
    8        142    139     66    128    113     13      8      87
    9         87     85     42     70     53     27     10      53
   10         36     37     16     34     27     21     26      28
   11         36     38     12     24     31     29     24      28
   12         42     40     16     23     39     45     33      34
   13         46     48     12     25     40     40     46      37
   14         38     69     20     33     49     28     37      39
   15         90    103     56     71     91     40     26      68
   16        130    170     73    100     80     68     21      92
   17        102    125     59     80     75     48     20      73
   18         82    102     48     60     49     20     21      55
   19         44     79     24     42     33     13     14      36
   20         32     54     17     28     27     18      8      26
   21         13     13      9     16      7      8      2      10
   22          9      6      6      1      6      5      5       5
   23          4      3      2      4      5      1      2       3
 
TOTALS
 
12HR 7-19    956   1122    494    762    762    383    280     680
16HR 6-22   1084   1306    565    877    854    424    306     774
18HR 6-24   1097   1315    573    882    865    430    313     782
24HR 0-24   1104   1321    578    887    876    435    320     789

 
 
 












 
*LOCATION   : ............................................................
*SITE NUMBER: 12003516
*FILE NUMBER:        2
*INTERVAL   :   15 MIN
*BATTERY    :    6.8 V
*RESTARTS   :        0
*CONFIG     :        0
*CHANNEL    :  1 OF  1
 
             MON    TUE    WED    THU    FRI    SAT    SUN    7-DAY
DATE    05/09/19     20     21     22     23     24     25   AVERAGE
 
START HOUR
 
    0          2      1      0      1      0      6      2       2
    1          0      1      0      1      3      5      2       2
    2          0      0      0      1      0      1      0       0
    3          0      1      2      0      1      2      3       1
    4          1      2      1      1      1      0      2       1
    5          1      1      2      3      2      0      0       1
    6         29     45     39     34     33      2      2      26
    7        130    126    120    123    131      3     11      92
    8        135    138    129    136    121     17      6      97
    9         52     65     69     62     49     38      9      49
   10         23     27     34     26     29     44     36      31
   11         18     29     36     35     46     50     85      43
   12         39     27     33     42     46     64    119      53
   13         43     30     36     40     76     67    113      58
   14         45     48     54     59     96     74    108      69
   15         74     78     93     83    138     76     86      90
   16        138    126    125    140    120     70     98     117
   17        125     91    145    113     87     83     66     101
   18        135     96     93     88     56    101    124      99
   19         85     58     67     81     71     64     33      66
   20         32     35     44     46     22     14     11      29
   21         19     18     17     16     10      3      7      13
   22          8      9      7      3      2      4      3       5
   23          2      4      2      2      4      2      1       2
 
TOTALS
 
12HR 7-19    957    881    967    947    995    687    861     899
16HR 6-22   1122   1037   1134   1124   1131    770    914    1033
18HR 6-24   1132   1050   1143   1129   1137    776    918    1041
24HR 0-24   1136   1056   1148   1136   1144    790    927    1048

 
 
 
 

















*LOCATION   : ............................................................
*SITE NUMBER: 12003516
*FILE NUMBER:        2
*INTERVAL   :   15 MIN
*BATTERY    :    6.8 V
*RESTARTS   :        0
*CONFIG     :        0
*CHANNEL    :  1 OF  1
 
             MON    TUE    WED    THU    FRI    SAT    SUN    7-DAY
DATE    05/09/26     27     28     29     30     01     02   AVERAGE
 
START HOUR
 
    0          0      1      0      4      1      2      3       2
    1          0      2      0      0      1      1      0       1
    2          0      0      0      0      1      0      0       0
    3          0      0      1      1      0      2      0       1
    4          1      1      2      2      3      0      0       1
    5          2      3      2      2      2      0      0       2
    6         27     37     33     24     20      1      3      21
    7        153    158    133     69    108     13     11      92
    8        160    144    117    104    109     17      9      94
    9         79     59     66     34     42     24     14      45
   10         27     22     25     26     21     25     39      26
   11         41     48     20     29     24     42     40      35
   12         38     48     32     31     23     36     50      37
   13         27     50     26     28     38     46     64      40
   14         43     54     29     32     40     66     65      47
   15        134     90     65     75     58     42     32      71
   16        158    133    111     92    113     43     25      96
   17        156    183     80     93     73     33     23      92
   18        155    151     65     79     45     30     17      77
   19         87     83     40     55     36     13     10      46
   20         29     37     23     36     21     15     11      25
   21         16     18     17     11     10      6      2      11
   22          6      6      9      5      6      4      4       6
   23          2      1      4      0      4      2      2       2
 
TOTALS
 
12HR 7-19   1171   1140    769    692    694    417    389     753
16HR 6-22   1330   1315    882    818    781    452    415     856
18HR 6-24   1338   1322    895    823    791    458    421     864
24HR 0-24   1341   1329    900    832    799    463    424     870

 
 
 
 









*LOCATION   : ............................................................
*SITE NUMBER: 12003516
*FILE NUMBER:        2
*INTERVAL   :   15 MIN
*BATTERY    :    6.8 V
*RESTARTS   :        0
*CONFIG     :        0
*CHANNEL    :  1 OF  1
 
             MON    TUE    WED    THU    FRI    SAT    SUN    7-DAY
DATE    05/10/03     04     05     06     07     08     09   AVERAGE
 
START HOUR
 
    0          0      0      -      -      -      -      -       -
    1          2      1      -      -      -      -      -       -
    2          0      2      -      -      -      -      -       -
    3          1      0      -      -      -      -      -       -
    4          2      2      -      -      -      -      -       -
    5          1      5      -      -      -      -      -       -
    6         28     46      -      -      -      -      -       -
    7        113    127      -      -      -      -      -       -
    8        132    131      -      -      -      -      -       -
    9         71     62      -      -      -      -      -       -
   10         23     29      -      -      -      -      -       -
   11         27     17      -      -      -      -      -       -
   12         25      -      -      -      -      -      -       -
   13         47      -      -      -      -      -      -       -
   14         44      -      -      -      -      -      -       -
   15         92      -      -      -      -      -      -       -
   16        125      -      -      -      -      -      -       -
   17        104      -      -      -      -      -      -       -
   18         85      -      -      -      -      -      -       -
   19         37      -      -      -      -      -      -       -
   20         24      -      -      -      -      -      -       -
   21         14      -      -      -      -      -      -       -
   22          6      -      -      -      -      -      -       -
   23          3      -      -      -      -      -      -       -
 
TOTALS
 
12HR 7-19    888      -      -      -      -      -      -       -
16HR 6-22    991      -      -      -      -      -      -   
