 
 
 
*LOCATION   : ............................................................
*SITE NUMBER: 11804416
*FILE NUMBER:        6
*INTERVAL   :   15 MIN
*BATTERY    :    6.1 V
*RESTARTS   :        0
*CONFIG     :        1
*CHANNEL    :  1 OF  1
 
             TUE    WED    THU    FRI    SAT    SUN    MON    7-DAY
DATE    05/11/01     02     03     04     05     06     07   AVERAGE
 
START HOUR
 
    0          -      1      0      0      0      3      2       -
    1          -      1      0      2      1      0      0       -
    2          -      1      0      0      0      0      0       -
    3          -      1      0      0      1      0      1       -
    4          -      0      0      1      2      0      0       -
    5          -      6      4      6      0      2      4       -
    6          -     23     24     13      1      5     12       -
    7          -     45     36     29      5      2     23       -
    8          -     24     25     21      5      2     13       -
    9          -     25     20     20     19     20     14       -
   10          -     26     13     21     11     35     18       -
   11          -     20     15     15     17     32     16       -
   12         19     31     21     16     29     35     19      24
   13         29     29     24     21     39     31     20      28
   14         30     36     33     14     33     17     18      26
   15         56     46     32     18     17     18     22      30
   16         53     47     39     21     14     13     23      30
   17         33     31     24     18      8     13     21      21
   18         15     16     16     10     11     12     14      13
   19         17     19     10     10     11      5     17      13
   20         11     21     24      2      4      4     15      12
   21         10      6      6      6      3      1      7       6
   22          2      6      7      5      7      1      3       4
   23          0      2      5      2      1      0      3       2
 
TOTALS
 
12HR 7-19      -    376    298    224    208    230    221       -
16HR 6-22      -    445    362    255    227    245    272       -
18HR 6-24      -    453    374    262    235    246    278       -
24HR 0-24      -    463    378    271    239    251    285       -
 
 
 
 
*LOCATION   : ............................................................
*SITE NUMBER: 11804416
*FILE NUMBER:        6
*INTERVAL   :   15 MIN
*BATTERY    :    6.1 V
*RESTARTS   :        0
*CONFIG     :        1
*CHANNEL    :  1 OF  1
 
             TUE    WED    THU    FRI    SAT    SUN    MON    7-DAY
DATE    05/11/08     09     10     11     12     13     14   AVERAGE
 
START HOUR
 
    0          1      2      0      1      1      0      2       1
    1          0      0      0      0      2      1      1       1
    2          1      0      1      1      1      2      0       1
    3          0      0      0      0      0      0      0       0
    4          0      0      0      0      0      0      0       0
    5          6      8      4      7      0      0      5       4
    6         20     24     25     15      0      1     19      15
    7         35     33     20     21      5      1     35      21
    8         21     30     27     28      6      3     28      20
    9         15     20     19     16     22      9     20      17
   10         17     19     12     14     20     10     11      15
   11         22     25     12     17     28     23     15      20
   12         13     14     18     23     21     25     20      19
   13         29     14     16     26     17     32     12      21
   14         29     20     13     31     14     19     11      20
   15         42     31     29     31     12     18     25      27
   16         35     40     27     21      7     15     21      24
   17         20     30     27     23      4     14     13      19
   18         26     17     17      4      9     10      7      13
   19         16     11     15     13      7     14     11      12
   20         19     14     12     10      2      1      4       9
   21          7      5      9     12      4      4      5       7
   22          1      7      4      0      4      3      1       3
   23          3      4      3      2      7      1      0       3
 
TOTALS
 
12HR 7-19    304    293    237    255    165    179    218     236
16HR 6-22    366    347    298    305    178    199    257     279
18HR 6-24    370    358    305    307    189    203    258     284
24HR 0-24    378    368    310    316    193    206    266     291
 
 
 
 
*LOCATION   : ............................................................
*SITE NUMBER: 11804416
*FILE NUMBER:        6
*INTERVAL   :   15 MIN
*BATTERY    :    6.1 V
*RESTARTS   :        0
*CONFIG     :        1
*CHANNEL    :  1 OF  1
 
             TUE    WED    THU    FRI    SAT    SUN    MON    7-DAY
DATE    05/11/15     16     17     18     19     20     21   AVERAGE
 
START HOUR
 
    0          0      1      0      1      1      0      0       0
    1          0      1      1      0      0      1      0       0
    2          1      0      0      0      0      0      0       0
    3          0      1      1      0      1      0      2       1
    4          0      0      0      1      0      0      1       0
    5          3      4      5      4      0      0      6       3
    6         15     18     14     15      1      1     11      11
    7         21     30     25     20      2      1     28      18
    8          5     25     22     11      5      3     20      13
    9          4     19     20     20     10      2     12      12
   10          9     21     18     12     13      6     10      13
   11          7     26     11     16     16     15     16      15
   12          8     21     15     10     19     14     14      14
   13          6     24     14     18     18     12     15      15
   14         11     20     16     20     21     15     14      17
   15         13     21     21     18     11     16     22      17
   16         18     35     37     15     11      9     19      21
   17         10     20     23      9      7      4     12      12
   18         10     20     14      5      9      7     10      11
   19          7      9     11      5      1      4     10       7
   20         12     15      4      5      8      6      3       8
   21         11      8      7      7      4      3      5       6
   22          2      4      1      1      0      0      4       2
   23          0      2      4      4      0      1      0       2
 
TOTALS
 
12HR 7-19    122    282    236    174    142    104    192     179
16HR 6-22    167    332    272    206    156    118    221     210
18HR 6-24    169    338    277    211    156    119    225     214
24HR 0-24    173    345    284    217    158    120    234     219
 
 
 
 
*LOCATION   : ............................................................
*SITE NUMBER: 11804416
*FILE NUMBER:        6
*INTERVAL   :   15 MIN
*BATTERY    :    6.1 V
*RESTARTS   :        0
*CONFIG     :        1
*CHANNEL    :  1 OF  1
 
             TUE    WED    THU    FRI    SAT    SUN    MON    7-DAY
DATE    05/11/22     23     24     25     26     27     28   AVERAGE
 
START HOUR
 
    0          0      0      0      1      1      0      0       0
    1          1      0      0      0      0      0      0       0
    2          0      1      0      0      0      0      0       0
    3          0      0      0      0      0      0      2       0
    4          0      0      0      0      1      0      0       0
    5          4      4      5      3      1      0      3       3
    6         13     21     15     15      1      1      7      10
    7         18     30     25     26      3      0     11      16
    8         12     22     16     15      0      0      6      10
    9         12     17     11      9      0      5      4       8
   10         10     22     12     18      2      5      2      10
   11         12     13      9      6      2      3      5       7
   12         10     26     13      8      5      2      1       9
   13         14     29      8     11      9      1      4      11
   14         19     22     20     21      4      4      5      14
   15         18     32     16     15     11      5      7      15
   16         21     29     24     18      1      2     10      15
   17         20     20     23     10      2      3      5      12
   18         12     11     12      5      3      3      5       7
   19          6     12      9      2      0      1      2       5
   20          9     13      8      3      1      1      3       5
   21          4      8      8      4      1      0      5       4
   22          3      2      5      0      0      0      0       1
   23          1      0      2      0      0      0      0       0
 
TOTALS
 
12HR 7-19    178    273    189    162     42     33     65     135
16HR 6-22    210    327    229    186     45     36     82     159
18HR 6-24    214    329    236    186     45     36     82     161
24HR 0-24    219    334    241    190     48     36     87     165
 
 
 
 
*LOCATION   : ............................................................
*SITE NUMBER: 11804416
*FILE NUMBER:        6
*INTERVAL   :   15 MIN
*BATTERY    :    6.1 V
*RESTARTS   :        0
*CONFIG     :        1
*CHANNEL    :  1 OF  1
 
             TUE    WED    THU    FRI    SAT    SUN    MON    7-DAY
DATE    05/11/29     30     01     02     03     04     05   AVERAGE
 
START HOUR
 
    0          0      1      -      -      -      -      -       -
    1          0      0      -      -      -      -      -       -
    2          1      0      -      -      -      -      -       -
    3          0      0      -      -      -      -      -       -
    4          0      0      -      -      -      -      -       -
    5          2      1      -      -      -      -      -       -
    6         11     13      -      -      -      -      -       -
    7          9      9      -      -      -      -      -       -
    8         12      4      -      -      -      -      -       -
    9          5      2      -      -      -      -      -       -
   10          7      -      -      -      -      -      -       -
   11         11      -      -      -      -      -      -       -
   12          0      -      -      -      -      -      -       -
   13          4      -      -      -      -      -      -       -
   14         12      -      -      -      -      -      -       -
   15          5      -      -      -      -      -      -       -
   16         16      -      -      -      -      -      -       -
   17          8      -      -      -      -      -      -       -
   18         13      -      -      -      -      -      -       -
   19          8      -      -      -      -      -      -       -
   20          6      -      -      -      -      -      -       -
   21          3      -      -      -      -      -      -       -
   22          