 
 
 
*LOCATION   : ............................................................
*SITE NUMBER: 10700906
*FILE NUMBER:        2
*INTERVAL   :   15 MIN
*BATTERY    :    6.3 V
*RESTARTS   :        0
*CONFIG     :        0
*CHANNEL    :  1 OF  1
 
             FRI    SAT    SUN    MON    TUE    WED    THU    7-DAY
DATE    08/02/29     01     02     03     04     05     06   AVERAGE
 
START HOUR
 
    0          -      1      0      1      2      3      2       -
    1          -      0      2      0      1      0      2       -
    2          -      4      0      0      0      1      1       -
    3          -      1      2      0      0      2      2       -
    4          -      4      2      0      0      0      1       -
    5          -      2      1      3      5      3      2       -
    6          -      0      2     11     11     13     12       -
    7          -      5      1     28     22     32     23       -
    8          -      9      2     39     36     31     35       -
    9          -     13      6     24     16     28     12       -
   10         24      8      6     14     15     17      7      13
   11         23     15      4     18     13     11      8      13
   12         23     15      5     11     15     16     14      14
   13         24     15      4     13     12     11     13      13
   14         17     16     11     22     18     19     13      17
   15         17     22     13     32     21     35     19      23
   16         35      9     13     40     33     34     23      27
   17         23     14     12     36     37     31     21      25
   18         15      9      8     14     18     26     24      16
   19         11      3      7     11      9     14     11       9
   20          9      1      5     10     13     13      7       8
   21          6      4      4      6      9      3      5       5
   22          4      4      4      3      2      1      4       3
   23          3      5      3      4      4      2      3       3
 
TOTALS
 
12HR 7-19      -    150     85    291    256    291    212       -
16HR 6-22      -    158    103    329    298    334    247       -
18HR 6-24      -    167    110    336    304    337    254       -
24HR 0-24      -    179    117    340    312    346    264       -
 
 
 
 
*LOCATION   : ............................................................
*SITE NUMBER: 10700906
*FILE NUMBER:        2
*INTERVAL   :   15 MIN
*BATTERY    :    6.3 V
*RESTARTS   :        0
*CONFIG     :        0
*CHANNEL    :  1 OF  1
 
             FRI    SAT    SUN    MON    TUE    WED    THU    7-DAY
DATE    08/03/07     08     09     10     11     12     13   AVERAGE
 
START HOUR
 
    0          2      3      0      2      0      1      3       2
    1          2      2      1      0      2      3      2       2
    2          4      4      0      1      1      4      1       2
    3          0      2      0      0      0      0      0       0
    4          0      1      1      1      0      0      0       0
    5          3      1      1      1      3      4      4       2
    6          9      4      4      6     19     18     14      11
    7         18      2      1     29     39     39     34      23
    8         24      7      1     52     59     65     43      36
    9         21      3      5     35     43     39     27      25
   10          8      9      4     25     28     25     18      17
   11         14     10     10     20     35     29      9      18
   12         10     14      9     24     26     23      2      15
   13         20      8     14     25     37     26      9      20
   14         20      8      9     24     32     19     11      18
   15         26     10     17     34     62     43     28      31
   16         32     10     13     65     77     67     44      44
   17         22      6      6     47     60     55     28      32
   18         18     12      8     24     32     47     35      25
   19          8      1      5     12     26     19     21      13
   20          8      6      5     11     22     16     15      12
   21          8      2      2      6     17     11      4       7
   22          3      2      2      8      6      2      9       5
   23          2      2      4      2      3      4      4       3
 
TOTALS
 
12HR 7-19    233     99     97    404    530    477    288     304
16HR 6-22    266    112    113    439    614    541    342     347
18HR 6-24    271    116    119    449    623    547    355     354
24HR 0-24    282    129    122    454    629    559    365     363
 
 
 
 
*LOCATION   : ............................................................
*SITE NUMBER: 10700906
*FILE NUMBER:        2
*INTERVAL   :   15 MIN
*BATTERY    :    6.3 V
*RESTARTS   :        0
*CONFIG     :        0
*CHANNEL    :  1 OF  1
 
             FRI    SAT    SUN    MON    TUE    WED    THU    7-DAY
DATE    08/03/14     15     16     17     18     19     20   AVERAGE
 
START HOUR
 
    0          1      4      2      3      3      3      4       3
    1          1      2      3      0      0      1      3       1
    2          1      0      0      0      0      1      1       0
    3          0      4      4      0      1      0      0       1
    4          0      1      1      0      0      0      2       1
    5          2      0      0      4      5      5      2       3
    6          8      4      3     14     18     14     10      10
    7         47      5      3     34     40     37     30      28
    8         42     10      4     61     61     46     46      39
    9         40      9      2     44     27     29     23      25
   10         27      8      3     26     16     27     14      17
   11         16     10      7     17     27     17     21      16
   12         37     13     10     21     27     19     22      21
   13         27     17     12     15     23     18     24      19
   14         36     13     13     25     17     32     35      24
   15         39     22     12     44     39     35     43      33
   16         63     13     16     55     54     48     37      41
   17         29      7     16     59     58     49     21      34
   18         30     10     12     24     35     28     23      23
   19          9     10      5     19     16     16      7      12
   20         13      2      7     15     14     16      8      11
   21          9      5      5     10     16     10      6       9
   22          6      7      5      2      6      2      5       5
   23          4      3      1      2      4      2      3       3
 
TOTALS
 
12HR 7-19    433    137    110    425    424    385    339     322
16HR 6-22    472    158    130    483    488    441    370     363
18HR 6-24    482    168    136    487    498    445    378     371
24HR 0-24    487    179    146    494    507    455    390     380
 
 
 
 
*LOCATION   : ............................................................
*SITE NUMBER: 10700906
*FILE NUMBER:        2
*INTERVAL   :   15 MIN
*BATTERY    :    6.3 V
*RESTARTS   :        0
*CONFIG     :        0
*CHANNEL    :  1 OF  1
 
             FRI    SAT    SUN    MON    TUE    WED    THU    7-DAY
DATE    08/03/21     22     23     24     25     26     27   AVERAGE
 
START HOUR
 
    0          0      2      2      2      1      1      0       1
    1          1      3      1      0      0      0      1       1
    2          1      0      1      3      0      0      3       1
    3          2      2      1      0      0      0      0       1
    4          1      0      2      0      0      3      4       1
    5          0      0      0      1      3      5      6       2
    6          1      3      0      0      9      7      7       4
    7          2      4      4      3     35     20     24      13
    8          2      5      2      3     43     15     31      14
    9          5      8      3      9     26      9     22      12
   10          8      9      3      4     18     15      9       9
   11         14     13      2     16     12     10      7      11
   12         18     16     10     11     17      7      7      12
   13         23     20     12     12     25      5     13      16
   14         15     15     10     16     35     11     16      17
   15         19     18      7     11     31     21     29      19
   16         21     17      6     19     33     21     26      20
   17         11      7      3     12     52     13     32      19
   18         15      9     10      9     21     10     20      13
   19          6      6      1      1     10      7     10       6
   20          3      8      1      7     11      5     12       7
   21          5      4      1      1      8      6     10       5
   22          2      1      0      1      4      1      2       2
   23          6      5      5      1      1      2      2       3
 
TOTALS
 
12HR 7-19    153    141     72    125    348    157    236     176
16HR 6-22    168    162     75    134    386    182    275     197
18HR 6-24    176    168     80    136    391    185    279     202
24HR 0-24    181    175     87    142    395    194    293     210
 
 
 
 
*LOCATION   : ............................................................
*SITE NUMBER: 10700906
*FILE NUMBER:        2
*INTERVAL   :   15 MIN
*BATTERY    :    6.3 V
*RESTARTS   :        0
*CONFIG     :        0
*CHANNEL    :  1 OF  1
 
             FRI    SAT    SUN    MON    TUE    WED    THU    7-DAY
DATE    08/03/28     29     30     31     01     02     03   AVERAGE
 
START HOUR
 
    0          1      1      2      0      -      -      -       -
    1          1      1      2      0      -      -      -       -
    2          0      0      3      0      -      -      -       -
    3          0      2      0      0      -      -      -       -
    4          1      1      1      2      -      -      -       -
    5          4      2      0     11      -      -      -       -
    6          9      6      2     47      -      -      -       -
    7         20      2      4     84      -      -      -       -
    8         40      9      5      -      -      -      -       -
    9         16     13      8      -      -      -      -       -
   10         18     12     13      -      -      -      -       -
   11         14     20     14      -      -      -      -       -
   12         21     13     17      -      -      -      -       -
   13         12     25     19      -      -      -      -       -
   14         18     25     19      -      -      -      -       -
   15         32     24     25      -      -      -      -       -
   16         41     27     14      -      -      -      -       -
   17         24     21     15      -      -      -      -       -
   18         13     17     16      -      -      -      -       -
   19         18     11      2      -      -      -      -       -
   20         10      9      3      -      -      -      -       -
   21          7      3      5      -      -      -      -       -
   22          2      4      5      -      -      -      -       -
   23          4      3      0      -      -      -      -       -
 
TOTALS
 
12HR 7-19    269    208    169      -      -      -      -       -
16HR 6-22    313    237    181      -      -      -      -       -
18HR 6-24    319    244    186      -      -      -      -       -
24HR 0-24    326    251    194      -      -      -      -       -
 
