 
 
 
*LOCATION   : ............................................................
*SITE NUMBER: 10703906
*FILE NUMBER:       10
*INTERVAL   :   15 MIN
*BATTERY    :    6.3 V
*RESTARTS   :        0
*CONFIG     :        0
*CHANNEL    :  1 OF  1
 
             THU    FRI    SAT    SUN    MON    TUE    WED    7-DAY
DATE    06/09/28     29     30     01     02     03     04   AVERAGE
 
START HOUR
 
    0          -     10      9     12      1      3      3       -
    1          -      4      4      9      1      5      2       -
    2          -      2      9      5      0      2      0       -
    3          -      5      5      5      0      1      1       -
    4          -      2      4      3      0      5      2       -
    5          -      8      2      1      9     10      9       -
    6          -     44      9      4     35     46     41       -
    7          -    131     10      6    131    141    119       -
    8          -    208     19      5    210    238    210       -
    9        111    121     30      6    142    115    116      92
   10         66     76     35      6     79     66     63      56
   11         76     65     59      4     63     53     57      54
   12         65     91     46     12     71     45     66      57
   13         58     68     53     22     76     51     60      55
   14         78    108     41     17     81     81     67      68
   15        122    151     39     15    141    129    130     104
   16        192    175     34     25    213    177    180     142
   17        180    123     31     24    193    181    155     127
   18        120     96     31      8    134    141     97      90
   19         79     51     29      8     83     82     61      56
   20         59     40     17      8     68     65     65      46
   21         34     35     10      3     43     43     32      29
   22         23     22     10      3     13     16     18      15
   23         10      7      9      3      8      6      5       7
 
TOTALS
 
12HR 7-19      -   1413    428    150   1534   1418   1320       -
16HR 6-22      -   1583    493    173   1763   1654   1519       -
18HR 6-24      -   1612    512    179   1784   1676   1542       -
24HR 0-24      -   1643    545    214   1795   1702   1559       -
 
 
 
 
*LOCATION   : ............................................................
*SITE NUMBER: 10703906
*FILE NUMBER:       10
*INTERVAL   :   15 MIN
*BATTERY    :    6.3 V
*RESTARTS   :        0
*CONFIG     :        0
*CHANNEL    :  1 OF  1
 
             THU    FRI    SAT    SUN    MON    TUE    WED    7-DAY
DATE    06/10/05     06     07     08     09     10     11   AVERAGE
 
START HOUR
 
    0          7      3     10      9      2      4      4       6
    1          4      3      9      8      1      1      5       4
    2          2      7      5      8      1      0      3       4
    3          1      0      5     11      0      0      2       3
    4          1      4      6      3      1      1      2       3
    5          8     14      4      1     10     11      6       8
    6         38     36     11      7     39     54     46      33
    7        121    114     11      5    128    123    149      93
    8        184    207     25      7    221    214    187     149
    9        136    108     22     14    133    123    133      96
   10         73     72     45     29     70     82     63      62
   11         61     60     39     26     70     66     54      54
   12         58     60     31     31     61     71     56      53
   13         61     63     41     46     80     62     72      61
   14         78     86     53     41     63     68     70      66
   15        115    157     58     65    135    136    132     114
   16        171    175     48     49    200    186    217     149
   17        150    129     49     65    171    184    151     128
   18        109    121     31     52    122    104    101      91
   19         67     64     13     36     79     60     64      55
   20         46     31     15     28     51     55     54      40
   21         30     30     14     20     21     12     32      23
   22         16     17      8     11      9     19     11      13
   23          5     17      9      3      7      6     16       9
 
TOTALS
 
12HR 7-19   1317   1352    453    430   1454   1419   1385    1116
16HR 6-22   1498   1513    506    521   1644   1600   1581    1266
18HR 6-24   1519   1547    523    535   1660   1625   1608    1288
24HR 0-24   1542   1578    562    575   1675   1642   1630    1315
 
 
 
 
*LOCATION   : ............................................................
*SITE NUMBER: 10703906
*FILE NUMBER:       10
*INTERVAL   :   15 MIN
*BATTERY    :    6.3 V
*RESTARTS   :        0
*CONFIG     :        0
*CHANNEL    :  1 OF  1
 
             THU    FRI    SAT    SUN    MON    TUE    WED    7-DAY
DATE    06/10/12     13     14     15     16     17     18   AVERAGE
 
START HOUR
 
    0          4      5      8      6      3      2     10       5
    1          5      4      8      6      3      3      3       5
    2          0      2      5      3      1      0      1       2
    3          3      2      3      6      1      1      2       3
    4          0      4      4      2      0      2      0       2
    5         10      7      5      2      8      6      7       6
    6         41     44      8      5     40     40     45      32
    7        135    111     11      2    126    116     86      84
    8        171    166     21      7    167    200    151     126
    9        109     95     29     20    115    124     96      84
   10         53     56     21     17     46     63     63      46
   11         69     70     25     23     53     57     61      51
   12         57     67     28     54     52     59     60      54
   13         55     63     32     37     52     68     60      52
   14         74     99     42     36     77     71     80      68
   15        123    128     49     43     94    125    124      98
   16        173    165     47     35    186    178    160     135
   17        143    113     46     51    136    157    149     114
   18        105     89     29     21    108    114    119      84
   19         71     35     17     24     69     59     68      49
   20         59     28     12     21     49     61     48      40
   21         34     26      8      7     32     25     24      22
   22         12     21     19      6     14     11     21      15
   23          9     18      6      5     10      7      6       9
 
TOTALS
 
12HR 7-19   1267   1222    380    346   1212   1332   1209     995
16HR 6-22   1472   1355    425    403   1402   1517   1394    1138
18HR 6-24   1493   1394    450    414   1426   1535   1421    1162
24HR 0-24   1515   1418    483    439   1442   1549   1444    1184
 
 
 
 
*LOCATION   : ............................................................
*SITE NUMBER: 10703906
*FILE NUMBER:       10
*INTERVAL   :   15 MIN
*BATTERY    :    6.3 V
*RESTARTS   :        0
*CONFIG     :        0
*CHANNEL    :  1 OF  1
 
             THU    FRI    SAT    SUN    MON    TUE    WED    7-DAY
DATE    06/10/19     20     21     22     23     24     25   AVERAGE
 
START HOUR
 
    0          3      3      4      1      4      1      1       2
    1          3      4      3      3      1      0      1       2
    2          1      3      0      0      1      1      0       1
    3          1      4      3      6      0      2      0       2
    4          2      1      5      2      0      1      2       2
    5          6      4      1      1      2      2      3       3
    6         36     23      4      2     33     26     28      22
    7         89     76      7      6     86     76     77      60
    8        136    112     10      6    152    132    130      97
    9        100     71     26     10     99     62     80      64
   10         47     43      9     22     54     41     36      36
   11         53     28     11     27     44     33     31      32
   12         59     49     19     37     62     33     23      40
   13         59     30     15     30     38     57     46      39
   14         61     50     17     51     44     61     47      47
   15         95     70     21     19     83     83     88      66
   16        129     90     12     30     97    129    113      86
   17        105     59     14     38     89     97    113      74
   18         87     43     21     16     53     61     61      49
   19         57     22      5     13     35     37     33      29
   20         39     22      9      7     24     25     37      23
   21         26     23     12     11     13     12     25      17
   22         13     15      7      6     10     12      9      10
   23          9      6      4      3      2      5      5       5
 
TOTALS
 
12HR 7-19   1020    721    182    292    901    865    845     689
16HR 6-22   1178    811    212    325   1006    965    968     781
18HR 6-24   1200    832    223    334   1018    982    982     796
24HR 0-24   1216    851    239    347   1026    989    989     808
 
 
 
 
*LOCATION   : ............................................................
*SITE NUMBER: 10703906
*FILE NUMBER:       10
*INTERVAL   :   15 MIN
*BATTERY    :    6.3 V
*RESTARTS   :        0
*CONFIG     :        0
*CHANNEL    :  1 OF  1
 
             THU    FRI    SAT    SUN    MON    TUE    WED    7-DAY
DATE    06/10/26     27     28     29     30     31     01   AVERAGE
 
START HOUR
 
    0          5      4      5      3      6      -      -       -
    1          2      1      4      2      3      -      -       -
    2          5      1      2      3      0      -      -       -
    3          0      0      2      4      2      -      -       -
    4          0      1      5      1      0      -      -       -
    5          5      3      0      1      3      -      -       -
    6         27     15      2      0      4      -      -       -
    7         92     26      3      5     26      -      -       -
    8        130     44     14      4     77      -      -       -
    9         66     28     14      9    109      -      -       -
   10         60     21     17     19     43      -      -       -
   11         45     17     17     16     26      -      -       -
   12         35     25     21     30      -      -      -       -
   13         36     39     28     25      -      -      -       -
   14         43     29     29     36      -      -      -       -
   15         96     43     28     30      -      -      -       -
   16        100     46     31     16      -      -      -       -
   17         56     41     23     38      -      -      -       -
   18         45     39     28     21      -      -      -       -
   19         34     14     13     22      -      -      -       -
   20         32     20     13     16      -      -      -       -
   21         16     14     10     10      -      -      -       -
   22         11     12      4     11      -      -      -       -
   23          5      8      3      3      -      -      -       -
 
TOTALS
 
12HR 7-19    804    398    253    249      -      -      -       -
16HR 6-22    913    461    291    297      -      -      -       -
18HR 6-24    929    481    298    311      -      -      -       -
24HR 0-24    946    491    316    325      -      -      -       -
 
