 
 
 
*LOCATION   : ............................................................
*SITE NUMBER: 11703909
*FILE NUMBER:        1
*INTERVAL   :   15 MIN
*BATTERY    :    6.2 V
*RESTARTS   :        0
*CONFIG     :       12
*CHANNEL    :  1 OF  2
 
             MON    TUE    WED    THU    FRI    SAT    SUN    7-DAY
DATE    06/09/25     26     27     28     29     30     01   AVERAGE
 
START HOUR
 
    0          -     12     16      9     13     12     16       -
    1          -      9      6      9      9     17     10       -
    2          -      0      4      1      5      9      8       -
    3          -      0      2      1      3     10      7       -
    4          -      6      5      5      6      6      4       -
    5          -     15     18     18     19      5      5       -
    6          -     71     80     64     69     19     11       -
    7          -    222    197    188    173     27     16       -
    8          -    306    290    309    243     43     17       -
    9          -    189    157    168    164     80     17       -
   10          -    168    110    115    109    107     30       -
   11          -    129    110    114    118    107     24       -
   12         95    128     90    103    109    119     40      98
   13        112    124    115    110    133     85     37     102
   14        116    131    134    100    129     78     34     103
   15        188    197    184    148    164     56     47     141
   16        270    288    298    290    265     72     49     219
   17        267    260    280    242    180     75     49     193
   18        199    212    218    173    137     43     43     146
   19        131    123    157    127     86     42     22      98
   20        104    111    118    103     77     30     27      81
   21         62     64     79     74     55     35     13      55
   22         27     48     44     37     30     19     21      32
   23         26     23     21     26     31     17     12      22
 
TOTALS
 
12HR 7-19      -   2354   2183   2060   1924    892    403       -
16HR 6-22      -   2723   2617   2428   2211   1018    476       -
18HR 6-24      -   2794   2682   2491   2272   1054    509       -
24HR 0-24      -   2836   2733   2534   2327   1113    559       -
 
 
 
 
*LOCATION   : ............................................................
*SITE NUMBER: 11703909
*FILE NUMBER:        1
*INTERVAL   :   15 MIN
*BATTERY    :    6.2 V
*RESTARTS   :        0
*CONFIG     :       12
*CHANNEL    :  1 OF  2
 
             MON    TUE    WED    THU    FRI    SAT    SUN    7-DAY
DATE    06/10/02     03     04     05     06     07     08   AVERAGE
 
START HOUR
 
    0          6     11     12     12     18     12     16      12
    1          3      5      5      8      6     15     17       8
    2          0      3      1      2      3      7     11       4
    3          3      0      1      2      2      7      5       3
    4          3      5      4      4      5      5      6       5
    5         17     16     16     17     18      5      3      13
    6         64     78     65     67     51     16      5      49
    7        164    198    164    172    153     29     21     129
    8        261    266    236    207    230     42     23     181
    9        174    160    124    100    150     54     31     113
   10        102     96     55     70    112     93     50      83
   11         93     97     56     69     86     88     79      81
   12        120    101     58     42     88    111     82      86
   13         99     90     43     43     86    108    115      83
   14        106    115     69     47    119     91     92      91
   15        190    164    101    113    171     81    107     132
   16        250    241    163    198    212     72    109     178
   17        234    206    172    187    186     73     87     164
   18        214    167    141    168    145     58     94     141
   19        155    141    106    110     90     45     49      99
   20         98     81     74     65     65     32     49      66
   21         66     59     65     58     46     33     32      51
   22         34     28     27     30     35     25     21      29
   23         20     12     22     23     25     19     13      19
 
TOTALS
 
12HR 7-19   2007   1901   1382   1416   1738    900    890    1462
16HR 6-22   2390   2260   1692   1716   1990   1026   1025    1728
18HR 6-24   2444   2300   1741   1769   2050   1070   1059    1776
24HR 0-24   2476   2340   1780   1814   2102   1121   1117    1821
 
 
 
 
*LOCATION   : ............................................................
*SITE NUMBER: 11703909
*FILE NUMBER:        1
*INTERVAL   :   15 MIN
*BATTERY    :    6.2 V
*RESTARTS   :        0
*CONFIG     :       12
*CHANNEL    :  1 OF  2
 
             MON    TUE    WED    THU    FRI    SAT    SUN    7-DAY
DATE    06/10/09     10     11     12     13     14     15   AVERAGE
 
START HOUR
 
    0          9     14     12     10     13     20     17      14
    1          8      9      7     11     10      9      9       9
    2          2      1      4      5      3      5      9       4
    3          0      0      2      1      1      5      3       2
    4          3      3      1      5      4      5      6       4
    5         25     17     21     24     22      7      5      17
    6         68     80     76     74     74     18      7      57
    7        177    169    166    165    146     25     19     124
    8        243    260    239    213    210     38     24     175
    9        174    167    188    163    132     56     46     132
   10         83    103    132    104     83     60     58      89
   11         98    105    106    120    102     69     86      98
   12         92     95    130    103     88     71     96      96
   13        105    111    118     99    115     82     84     102
   14         99    129    111    128    131     76     71     106
   15        185    165    156    166    187     79     82     146
   16        255    255    228    230    215     69     85     191
   17        224    228    222    178    190     86     72     171
   18        179    139    180    148    129     59     59     128
   19        126    126    101    114     78     41     51      91
   20         81     84     94     84     60     29     34      67
   21         55     61     73     52     51     39     22      50
   22         27     27     41     29     26     27     21      28
   23         16     22     19     26     27     18     19      21
 
TOTALS
 
12HR 7-19   1914   1926   1976   1817   1728    770    782    1559
16HR 6-22   2244   2277   2320   2141   1991    897    896    1824
18HR 6-24   2287   2326   2380   2196   2044    942    936    1873
24HR 0-24   2334   2370   2427   2252   2097    993    985    1923
 
 
 
 
*LOCATION   : ............................................................
*SITE NUMBER: 11703909
*FILE NUMBER:        1
*INTERVAL   :   15 MIN
*BATTERY    :    6.2 V
*RESTARTS   :        0
*CONFIG     :       12
*CHANNEL    :  1 OF  2
 
             MON    TUE    WED    THU    FRI    SAT    SUN    7-DAY
DATE    06/10/16     17     18     19     20     21     22   AVERAGE
 
START HOUR
 
    0          8     10     14     15     16     12     13      13
    1          3      7      7      6      7     16     18       9
    2          3      1      2      2      1      6      2       2
    3          3      2      2      0      3      5      4       3
    4          5      3      2      6      5      8      3       5
    5         21     18     16     19     19      6      4      15
    6         74     63     63     54     48     19      5      47
    7        151    166    155    134    105     26     20     108
    8        253    234    224    188    155     30     20     158
    9        162    139    137    131    107     35     26     105
   10        107    119    114     96     89     53     61      91
   11        103    100    108     84     86     31     44      79
   12        100    102    113     95     80     49     54      85
   13         95    101    102     84     83     43     61      81
   14        113    112     99    104     73     47     34      83
   15        129    149    143    138    110     44     53     109
   16        207    225    205    166    126     31     49     144
   17        201    207    196    175    106     35     57     140
   18        146    164    144    101     81     35     48     103
   19        116    102    100     69     59     25     27      71
   20         86     78     78     71     47     27     31      60
   21         44     61     51     55     44     31     26      45
   22         29     35     35     35     26     19     18      28
   23         17     18     20     12     19     12     12      16
 
TOTALS
 
12HR 7-19   1767   1818   1740   1496   1201    459    527    1287
16HR 6-22   2087   2122   2032   1745   1399    561    616    1509
18HR 6-24   2133   2175   2087   1792   1444    592    646    1553
24HR 0-24   2176   2216   2130   1840   1495    645    690    1599
 
 
 
 
*LOCATION   : ............................................................
*SITE NUMBER: 11703909
*FILE NUMBER:        1
*INTERVAL   :   15 MIN
*BATTERY    :    6.2 V
*RESTARTS   :        0
*CONFIG     :       12
*CHANNEL    :  1 OF  2
 
             MON    TUE    WED    THU    FRI    SAT    SUN    7-DAY
DATE    06/10/23     24     25     26     27     28     29   AVERAGE
 
START HOUR
 
    0          6     11      7     18      8     11      8      10
    1          2      6      6      6      5      5     15       6
    2          1      1      3      3      1      8      4       3
    3          2      1      2      3      3      6      2       3
    4          3      4      2      4      6      3      4       4
    5         14     16     21     13     11      4      3      12
    6         59     54     53     56     42     15      7      41
    7        148    140    131    134     81     23      2      94
    8        199    167    153    199     87     21     18     121
    9        155    116    117    164     77     30     23      97
   10         84     89     72     87     51     50     21      65
   11         91     88     78     98     77     51     39      75
   12         99     82     73     85     71     57     49      74
   13         89     74     87     87     81     52     53      75
   14         99     97     87     87     61     58     53      77
   15        136    135    122    115     90     64     50     102
   16        166    177    178    148     85     50     57     123
   17        136    150    151    131     88     55     61     110
   18         96    102    105     95     63     35     55      79
   19         60     61     88     54     43     30     37      53
   20         46     48     58     43     34     25     30      41
   21         40     39     48     39     33     32     24      36
   22         22     27     27     21     22     24     25      24
   23         18     12     13     15     17     16     16      15
 
TOTALS
 
12HR 7-19   1498   1417   1354   1430    912    546    481    1091
16HR 6-22   1703   1619   1601   1622   1064    648    579    1262
18HR 6-24   1743   1658   1641   1658   1103    688    620    1302
24HR 0-24   1771   1697   1682   1705   1137    725    656    1339
 
 
 
 
*LOCATION   : ............................................................
*SITE NUMBER: 11703909
*FILE NUMBER:        1
*INTERVAL   :   15 MIN
*BATTERY    :    6.2 V
*RESTARTS   :        0
*CONFIG     :       12
*CHANNEL    :  1 OF  2
 
             MON    TUE    WED    THU    FRI    SAT    SUN    7-DAY
DATE    06/10/30     31     01     02     03     04     05   AVERAGE
 
START HOUR
 
    0         10     13     10      -      -      -      -       -
    1          4     12     14      -      -      -      -       -
    2          4      6      6      -      -      -      -       -
    3          1      1      1      -      -      -      -       -
    4          0      0      2      -      -      -      -       -
    5          4      5      3      -      -      -      -       -
    6         15     12     10      -      -      -      -       -
    7         58     44     47      -      -      -      -       -
    8        114    103     88      -      -      -      -       -
    9        151    152    102      -      -      -      -       -
   10         90    105     82      -      -      -      -       -
   11         49     84     51      -      -      -      -       -
   12         56     64     65      -      -      -      -       -
   13         61     61      -      -      -      -      -       -
   14         58     49      -      -      -      -      -       -
   15         58     50      -      -      -      -      -       -
   16        111     94      -      -      -      -      -       -
   17        126    104      -      -      -      -      -       -
   18        130     88      -      -      -      -      -       -
   19         89     60      -      -      -      -      -       -
   20         60     43      -      -      -      -      -       -
   21         48     35      -      -      -      -      -       -
   22         40     26      -      -      -      -      -       -
   23         24     22      -      -      -      -      -       -
 
TOTALS
 
12HR 7-19   1062    998      -      -      -      -      -       -
16HR 6-22   1274   1148      -      -      -      -      -       -
18HR 6-24   1338   1196      -      -      -      -      -       -
24HR 0-24   1361   1233      -      -      -      -      -       -
 
 
 
 
*LOCATION   : ............................................................
*SITE NUMBER: 11703909
*FILE NUMBER:        1
*INTERVAL   :   15 MIN
*BATTERY    :    6.2 V
*RESTARTS   :        0
*CONFIG     :       12
*CHANNEL    :  2 OF  2
 
             MON    TUE    WED    THU    FRI    SAT    SUN    7-DAY
DATE    06/09/25     26     27     28     29     30     01   AVERAGE
 
START HOUR
 
    0          -      3      3      2      1      9      3       -
    1          -      0      2      2      6      3      3       -
    2          -      0      1      1      0      3      2       -
    3          -      1      1      1      2      3      3       -
    4          -      1      1      2      3      3      0       -
    5          -      4      5      5      2      2      0       -
    6          -     37     29     37     32      2      3       -
    7          -    119    138    109     74     10      5       -
    8          -    152    149    148    128     20      7       -
    9          -     74     63     67     50     25      6       -
   10          -     51     38     46     33     24      6       -
   11          -     40     31     29     29     41      7       -
   12         20     37     45     40     40     38     10      33
   13         33     32     32     36     33     34      7      30
   14         42     46     41     36     44     24     10      35
   15         75     77     85     71     73     23     20      61
   16        129    129    121    117     97     15     13      89
   17        101    132    100     86     69     18     17      75
   18         89     94     94     82     44     21      8      62
   19         64     74     64     48     30     14      3      42
   20         44     46     56     37     24      9      7      32
   21         28     36     40     37     15     11      2      24
   22         10     18     15     16      7     14      2      12
   23          3      6      7      9      4      3      2       5
 
TOTALS
 
12HR 7-19      -    983    937    867    714    293    116       -
16HR 6-22      -   1176   1126   1026    815    329    131       -
18HR 6-24      -   1200   1148   1051    826    346    135       -
24HR 0-24      -   1209   1161   1064    840    369    146       -
 
 
 
 
*LOCATION   : ............................................................
*SITE NUMBER: 11703909
*FILE NUMBER:        1
*INTERVAL   :   15 MIN
*BATTERY    :    6.2 V
*RESTARTS   :        0
*CONFIG     :       12
*CHANNEL    :  2 OF  2
 
             MON    TUE    WED    THU    FRI    SAT    SUN    7-DAY
DATE    06/10/02     03     04     05     06     07     08   AVERAGE
 
START HOUR
 
    0          1      2      2      2      2      2      2       2
    1          1      3      2      2      1      6      3       3
    2          0      1      0      0      0      1      3       1
    3          0      0      1      1      2      4      3       2
    4          1      1      2      3      3      2      0       2
    5          4      6      7      9      5      3      1       5
    6         28     30     24     33     37      4      2      23
    7         72     99    101    101     94      6      4      68
    8        107    129     99    144    127     13      7      89
    9         66     57     60    118     59     21      8      56
   10         28     20     63     59     43     34     20      38
   11         31     24     63     76     49     37     24      43
   12         28     27     73     98     32     50     40      50
   13         30     17     51     92     30     24     49      42
   14         41     31     82     79     46     32     42      50
   15         65     71    118    122     77     40     49      77
   16         94    108    140    114     88     15     43      86
   17        121     73    102     93     73     21     44      75
   18         85     80     87     76     53     22     38      63
   19         61     45     51     53     40     12     29      42
   20         48     23     38     42     26      7     19      29
   21         32     22     30     39     14      5      9      22
   22         19     14     11      9     10      7      5      11
   23          2      5      6      3      9      4      5       5
 
TOTALS
 
12HR 7-19    768    736   1039   1172    771    315    368     738
16HR 6-22    937    856   1182   1339    888    343    427     853
18HR 6-24    958    875   1199   1351    907    354    437     869
24HR 0-24    965    888   1213   1368    920    372    449     882
 
 
 
 
*LOCATION   : ............................................................
*SITE NUMBER: 11703909
*FILE NUMBER:        1
*INTERVAL   :   15 MIN
*BATTERY    :    6.2 V
*RESTARTS   :        0
*CONFIG     :       12
*CHANNEL    :  2 OF  2
 
             MON    TUE    WED    THU    FRI    SAT    SUN    7-DAY
DATE    06/10/09     10     11     12     13     14     15   AVERAGE
 
START HOUR
 
    0          2      3      4      4      2      6      4       4
    1          0      2      0      1      0      4      0       1
    2          0      0      0      0      1      2      5       1
    3          0      1      0      3      0      3      2       1
    4          1      1      2      1      1      2      2       1
    5          4      2      3      0      6      5      4       3
    6         41     38     28     33     22      3      4      24
    7        104    107     93     91     84      5      6      70
    8        146    133    110     94    111      9      8      87
    9         64     65     67     44     48     19     18      46
   10         34     28     24     26     24     15     22      25
   11         36     36     37     33     28     13     33      31
   12         26     24     17     23     34     21     42      27
   13         41     35     11     31     32     20     43      30
   14         41     30     34     46     47     26     36      37
   15         63     70     62     50     50     40     32      52
   16        112    100     95     88     79     27     40      77
   17        101     86     95     86     62     26     33      70
   18         74     71     58     67     46     17     33      52
   19         64     37     40     33     32      8     12      32
   20         39     35     37     33     28     12     12      28
   21         27     24     30     31     15      9     12      21
   22         10     10      6     10     12      6      4       8
   23          2      4      7      6      7      5      7       5
 
TOTALS
 
12HR 7-19    842    785    703    679    645    238    346     605
16HR 6-22   1013    919    838    809    742    270    386     711
18HR 6-24   1025    933    851    825    761    281    397     725
24HR 0-24   1032    942    860    834    771    303    414     737
 
 
 
 
*LOCATION   : ............................................................
*SITE NUMBER: 11703909
*FILE NUMBER:        1
*INTERVAL   :   15 MIN
*BATTERY    :    6.2 V
*RESTARTS   :        0
*CONFIG     :       12
*CHANNEL    :  2 OF  2
 
             MON    TUE    WED    THU    FRI    SAT    SUN    7-DAY
DATE    06/10/16     17     18     19     20     21     22   AVERAGE
 
START HOUR
 
    0          0      2      3      4      2      2      2       2
    1          2      2      3      2      0      3      0       2
    2          0      0      0      2      0      2      1       1
    3          0      0      0      1      0      3      4       1
    4          3      2      1      2      0      5      0       2
    5          3      5      4      6      2      0      0       3
    6         29     28     23     28     22      4      3      20
    7         76     83     70     62     49      2      5      50
    8        113    115    101     83     61     10      8      70
    9         64     56     44     46     36     10      6      37
   10         28     23     42     21     17      7     20      23
   11         42     32     39     13     19     11     17      25
   12         28     43     31     34     16      8     32      27
   13         21     42     34     23     18      8     19      24
   14         34     28     41     35     24     13     18      28
   15         50     62     46     43     37      7     11      37
   16         77     88     89     83     54      8     14      59
   17         79     83     77     58     34     12     14      51
   18         82     56     62     48     35     12     13      44
   19         35     31     43     38     13      4      9      25
   20         32     27     34     30      9      5     11      21
   21         29     26     33     18     18      4     10      20
   22         11     10     14      3      8      5      4       8
   23          3      5      6      2     10      3      2       4
 
TOTALS
 
12HR 7-19    694    711    676    549    400    108    177     474
16HR 6-22    819    823    809    663    462    125    210     559
18HR 6-24    833    838    829    668    480    133    216     571
24HR 0-24    841    849    840    685    484    148    223     581
 
 
 
 
*LOCATION   : ............................................................
*SITE NUMBER: 11703909
*FILE NUMBER:        1
*INTERVAL   :   15 MIN
*BATTERY    :    6.2 V
*RESTARTS   :        0
*CONFIG     :       12
*CHANNEL    :  2 OF  2
 
             MON    TUE    WED    THU    FRI    SAT    SUN    7-DAY
DATE    06/10/23     24     25     26     27     28     29   AVERAGE
 
START HOUR
 
    0          1      2      1      3      1      1      2       2
    1          1      0      0      1      1      1      1       1
    2          0      0      0      2      1      0      3       1
    3          0      0      0      0      1      1      2       1
    4          0      0      0      0      0      3      1       1
    5          1      3      2      2      0      2      3       2
    6         35     30     13     18     12      1      2      16
    7         54     48     50     52     15      2      2      32
    8         95     68     63     41     21      3      6      42
    9         36     26     31      8     13      4      6      18
   10         23     18     20      3     14      8     10      14
   11         18     18     17      5     10     13     16      14
   12         17     13     22     22     16     12     18      17
   13         26     17     14     17      6     15     29      18
   14         22     31     18     11      9     11     28      19
   15         40     43     47     39     22     10     34      34
   16         63     68     61     71     25     13     27      47
   17         42     50     55     40     21     14     24      35
   18         45     37     34     35     16     12     24      29
   19         18     19     34     14     11      3     12      16
   20         21     14     26     13     14      7     10      15
   21         10      8     16     11      8      9      9      10
   22          8      8      6      4      3      4      6       6
   23          0      1      1      5      2      2      3       2
 
TOTALS
 
12HR 7-19    481    437    432    344    188    117    224     318
16HR 6-22    565    508    521    400    233    137    257     374
18HR 6-24    573    517    528    409    238    143    266     382
24HR 0-24    576    522    531    417    242    151    278     388
 
 
 
 
*LOCATION   : ............................................................
*SITE NUMBER: 11703909
*FILE NUMBER:        1
*INTERVAL   :   15 MIN
*BATTERY    :    6.2 V
*RESTARTS   :        0
*CONFIG     :       12
*CHANNEL    :  2 OF  2
 
             MON    TUE    WED    THU    FRI    SAT    SUN    7-DAY
DATE    06/10/30     31     01     02     03     04     05   AVERAGE
 
START HOUR
 
    0          0      2      1      -      -      -      -       -
    1          0      1      1      -      -      -      -       -
    2          0      1      0      -      -      -      -       -
    3          0      0      0      -      -      -      -       -
    4          0      0      1      -      -      -      -       -
    5          0      0      0      -      -      -      -       -
    6          3      2      1      -      -      -      -       -
    7         22     15      9      -      -      -      -       -
    8         50     36     16      -      -      -      -       -
    9         60     49     25      -      -      -      -       -
   10         27     34     24      -      -      -      -       -
   11          8     18     11      -      -      -      -       -
   12         12      9      7      -      -      -      -       -
   13         11      6      -      -      -      -      -       -
   14         13      6      -      -      -      -      -       -
   15         11      7      -      -      -      -      -       -
   16         36     17      -      -      -      -      -       -
   17         48     25      -      -      -      -      -       -
   18         42     34      -      -      -      -      -       -
   19         27     16      -      -      -      -      -       -
   20         16      7      -      -      -      -      -       -
   21         17     14      -      -      -      -      -       -
   22         10      5      -      -      -      -   