 
 
 
*LOCATION   : ............................................................
*SITE NUMBER: 11804013
*FILE NUMBER:        8
*INTERVAL   :   15 MIN
*BATTERY    :    6.4 V
*RESTARTS   :        0
*CONFIG     :        0
*CHANNEL    :  1 OF  1
 
             WED    THU    FRI    SAT    SUN    MON    TUE    7-DAY
DATE    06/10/04     05     06     07     08     09     10   AVERAGE
 
START HOUR
 
    0          -      0      0      4      2      0      1       -
    1          -      1      1      2      0      0      0       -
    2          -      2      2      1      0      0      0       -
    3          -      1      0      1      1      0      0       -
    4          -      1      1      0      0      0      3       -
    5          -      6      6      0      1      6      6       -
    6          -     38     22      4      2     31     38       -
    7          -     59     61     12      3     75     70       -
    8          -     39     34     11      7     42     40       -
    9          -     31     21     18     15     22     31       -
   10          -     29     22     27     18     26     19       -
   11         10     30     20     34     20     33     21      24
   12         20     24     36     33     55     34     31      33
   13         20     40     43     26     46     46     36      37
   14         40     52     33     27     45     22     43      37
   15         45     42     46     29     56     61     51      47
   16         70     55     67     16     29     59     65      52
   17         59     63     44     11     43     50     46      45
   18         30     49     39     13     37     40     31      34
   19         26     33     29     15     24     32     18      25
   20          7     15      7      6      9     18     26      13
   21         16      8     15      6      8      9     12      11
   22          7      4      9      5      3      3      4       5
   23          0      1      2      3      0      1      1       1
 
TOTALS
 
12HR 7-19      -    513    466    257    374    510    484       -
16HR 6-22      -    607    539    288    417    600    578       -
18HR 6-24      -    612    550    296    420    604    583       -
24HR 0-24      -    623    560    304    424    610    593       -
 
 
 
 
*LOCATION   : ............................................................
*SITE NUMBER: 11804013
*FILE NUMBER:        8
*INTERVAL   :   15 MIN
*BATTERY    :    6.4 V
*RESTARTS   :        0
*CONFIG     :        0
*CHANNEL    :  1 OF  1
 
             WED    THU    FRI    SAT    SUN    MON    TUE    7-DAY
DATE    06/10/11     12     13     14     15     16     17   AVERAGE
 
START HOUR
 
    0          3      1      2      1      1      0      0       1
    1          0      1      5      1      1      0      1       1
    2          1      0      0      0      1      0      1       0
    3          0      0      1      0      0      1      0       0
    4          0      0      0      0      0      2      1       0
    5          4      9      3      0      0      3      7       4
    6         36     28     26      3      4     28     24      21
    7         61     63     63      4      7     56     67      46
    8         38     45     37     15      9     31     29      29
    9         28     20      9     15     20     38     32      23
   10         14     15      9     14     44     25     33      22
   11         35     32     19     13     32     15     19      24
   12         30     27     33     18     40     37     48      33
   13         33     44     20     15     51     25     32      31
   14         40     34     44     16     37     40     33      35
   15         53     54     66     22     30     47     49      46
   16         79     66     56     25     31     65     58      54
   17         50     60     44     25     31     49     58      45
   18         38     24     34     30     30     45     45      35
   19         24     39     26     22     24     17     29      26
   20         14     19     13     12     10     16     27      16
   21         14      8     11      3      7     11      8       9
   22          3      5      6      3      4      5      4       4
   23          0      7      3      0      0      0      3       2
 
TOTALS
 
12HR 7-19    499    484    434    212    362    473    503     424
16HR 6-22    587    578    510    252    407    545    591     496
18HR 6-24    590    590    519    255    411    550    598     502
24HR 0-24    598    601    530    257    414    556    608     509
 
 
 
 
*LOCATION   : ............................................................
*SITE NUMBER: 11804013
*FILE NUMBER:        8
*INTERVAL   :   15 MIN
*BATTERY    :    6.4 V
*RESTARTS   :        0
*CONFIG     :        0
*CHANNEL    :  1 OF  1
 
             WED    THU    FRI    SAT    SUN    MON    TUE    7-DAY
DATE    06/10/18     19     20     21     22     23     24   AVERAGE
 
START HOUR
 
    0          5      1      2      1      1      0      0       1
    1          2      0      1      3      4      1      0       2
    2          1      1      2      2      0      0      2       1
    3          2      0      0      1      0      1      0       1
    4          1      1      1      0      0      2      5       1
    5          6      7      5      0      0      1      3       3
    6         30     14     11      5      4     21     22      15
    7         47     39     30      2      6     48     42      31
    8         36     26     18      6     10     21     20      20
    9         29     15     12     10     20     35     20      20
   10         33     17      8     10     25     16     16      18
   11         25     20      8      5     30     22      6      17
   12         22     31     16      9     42     32     22      25
   13         37     23     26      8     29     23     21      24
   14         41     32     22     14     26     20     34      27
   15         54     34     26      9     14     33     48      31
   16         69     36     23     10     23     40     43      35
   17         60     29     17      5     16     29     31      27
   18         37     24     22      9      6      8     21      18
   19         18     27     13      4      9     10     20      14
   20          9     15      9      6     10      6      8       9
   21         14     11      6      3      5      1      8       7
   22          4      6      2      1      1      4      4       3
   23          1      3      4      3      1      0      1       2
 
TOTALS
 
12HR 7-19    490    326    228     97    247    327    324     291
16HR 6-22    561    393    267    115    275    365    382     337
18HR 6-24    566    402    273    119    277    369    387     342
24HR 0-24    583    412    284    126    282    374    397     351
 
 
 
 
*LOCATION   : ............................................................
*SITE NUMBER: 11804013
*FILE NUMBER:        8
*INTERVAL   :   15 MIN
*BATTERY    :    6.4 V
*RESTARTS   :        0
*CONFIG     :        0
*CHANNEL    :  1 OF  1
 
             WED    THU    FRI    SAT    SUN    MON    TUE    7-DAY
DATE    06/10/25     26     27     28     29     30     31   AVERAGE
 
START HOUR
 
    0          1      0      0      1      1      1      -       -
    1          0      1      1      1      1      2      -       -
    2          0      0      0      0      0      0      -       -
    3          0      0      0      0      2      0      -       -
    4          1      1      1      0      0      1      -       -
    5          3      4      1      0      0      1      -       -
    6         17     19     16      2      1      4      -       -
    7         31     32     17      5      2     19      -       -
    8         19     21     10      3     10     33      -       -
    9         21     15      3     11      9     27      -       -
   10         12     25      3      7     11     19      -       -
   11         13     25      8     16     17      -      -       -
   12         15     19     13     18     25      -      -       -
   13         26     25     22     10     20      -      -       -
   14         28     21     13     11     25      -      -       -
   15         32     27     17     18     23      -      -       -
   16         44     32     22     16     22      -      -       -
   17         41     28     15     16     23      -      -       -
   18         23     18     15     14     15      -      -       -
   19         14      9      8      9      9      -      -       -
   20         18      8      1     11      4      -      -       -
   21          4      2      3      6      6      -      -       -
   22          3      4      2      2      4      -      -       -
   23          0      0      1      5      0      -      -       -
 
TOTALS
 
12HR 7-19    305    288    158    145    202      -      -       -
16HR 6-22    358    326    186    173    222      -      -       -
18HR 6-24    361    330    189    180    226      -      -       -
24HR 0-24    366    336    192    182    230      -      -       -
 
