 
 

 
 
 
 
*LOCATION   : ............................................................
*SITE NUMBER: 12104014
*FILE NUMBER:        9
*INTERVAL   :   15 MIN
*BATTERY    :    6.1 V
*RESTARTS   :        0
*CONFIG     :       12
*CHANNEL    :  2 OF  2
 
             TUE    WED    THU    FRI    SAT    SUN    MON    7-DAY
DATE    06/10/03     04     05     06     07     08     09   AVERAGE
 
START HOUR
 
    0          -      8      2      6      5      2      2       -
    1          -      0      1      0      4      0      2       -
    2          -      0      0      1      2      1      0       -
    3          -      0      0      0      4      2      0       -
    4          -      0      0      0      1      1      1       -
    5          -     11      9      8      8      5     16       -
    6          -     38     47     41      7      5     47       -
    7          -     60     55     62      6      6     63       -
    8          -     40     56     45     12      8     45       -
    9          -     15     26     35     25      8     43       -
   10          -     15     46     21     33     29     47       -
   11          -     19     61     48     35     43     41       -
   12          -     26     41     45     38     53     35       -
   13          -     37     60     42     38     67     41       -
   14          -     45     49     55     31     69     46       -
   15         69     58     52     59     25     63     48      53
   16         70     87     70     60     20     56     64      61
   17         56     77     59     51      7     33     71      51
   18         34     50     54     51     12     65     34      43
   19         21     31     44     24      7     23     27      25
   20         12     29     28     15      6      6     27      18
   21         14     15     16     10      3      5     12      11
   22          6      7      4      9      0      4      3       5
   23          0      6      3      6      2      1      1       3
 
TOTALS
 
12HR 7-19      -    529    629    574    282    500    578       -
16HR 6-22      -    642    764    664    305    539    691       -
18HR 6-24      -    655    771    679    307    544    695       -
24HR 0-24      -    674    783    694    331    555    716       -

 
 
 
 














*LOCATION   : ............................................................
*SITE NUMBER: 12104014
*FILE NUMBER:        9
*INTERVAL   :   15 MIN
*BATTERY    :    6.1 V
*RESTARTS   :        0
*CONFIG     :       12
*CHANNEL    :  2 OF  2
 
             TUE    WED    THU    FRI    SAT    SUN    MON    7-DAY
DATE    06/10/10     11     12     13     14     15     16   AVERAGE
 
START HOUR
 
    0          3      1      4      4      3      3      1       3
    1          6      1      1      1      0      1      2       2
    2          0      3      0      2      3      2      1       2
    3          0      0      2      0      0      0      1       0
    4          3      1      1      2      0      1      1       1
    5         19     17     16     12      2      4     11      12
    6         39     34     38     30      5      8     27      26
    7         59     65     62     55      7      5     52      44
    8         40     44     39     30      3      8     24      27
    9         24     33     32     16     18     21     22      24
   10         31     23     24     27     13     41     32      27
   11         32     29     27     25     12     40     26      27
   12         28     29     25     34     20     65     22      32
   13         24     41     33     23     24     54     25      32
   14         34     53     30     57     24     34     32      38
   15         71     58     54     65     31     50     51      54
   16         60     75     80     81     20     40     74      61
   17         69     48     63     52     25     38     50      49
   18         43     30     34     44     18     22     35      32
   19         19     17     28     19     14     12     27      19
   20         23     19     24     16      5     18     18      18
   21         14     15     15     10      5      5     21      12
   22          5      9     12      4      6      0      5       6
   23          5      3      1      2      0      1      2       2
 
TOTALS
 
12HR 7-19    515    528    503    509    215    418    445     448
16HR 6-22    610    613    608    584    244    461    538     523
18HR 6-24    620    625    621    590    250    462    545     530
24HR 0-24    651    648    645    611    258    473    562     550

 
 
 



















 
*LOCATION   : ............................................................
*SITE NUMBER: 12104014
*FILE NUMBER:        9
*INTERVAL   :   15 MIN
*BATTERY    :    6.1 V
*RESTARTS   :        0
*CONFIG     :       12
*CHANNEL    :  2 OF  2
 
             TUE    WED    THU    FRI    SAT    SUN    MON    7-DAY
DATE    06/10/17     18     19     20     21     22     23   AVERAGE
 
START HOUR
 
    0          1      3      3      5      2      3      1       3
    1          2      1      2      1      1      0      0       1
    2          2      2      4      5      1      1      0       2
    3          0      0      3      0      1      3      1       1
    4          2      5      4      1      0      3      0       2
    5         12      9      8      4      3      3     10       7
    6         35     25     32     23      9     10     31      24
    7         59     49     28     20      2      2     47      30
    8         34     30     22     15      1      9     29      20
    9         24     16      8     15      1     14     22      14
   10         23     17     19     13      6     25     19      17
   11         33     33     16     17      8     42     30      26
   12         43     44     29     23      7     32     18      28
   13         36     45     30     25      9     46     24      31
   14         45     44     21     23     15     17     21      27
   15         45     47     43     32     10     24     47      35
   16         76     63     45     31      6      8     41      39
   17         65     51     27     13      7     14     23      29
   18         40     39     20     15      8      6     20      21
   19         20     18     15      9      3     13      8      12
   20         12     25      8     10      8      4      8      11
   21         12     16     10      9      6      1      7       9
   22          3     10      4      7      2      2      1       4
   23          5      1      1      4      2      3      1       2
 
TOTALS
 
12HR 7-19    523    478    308    242     80    239    341     316
16HR 6-22    602    562    373    293    106    267    395     371
18HR 6-24    610    573    378    304    110    272    397     378
24HR 0-24    629    593    402    320    118    285    409     394

 
 
 
 















*LOCATION   : ............................................................
*SITE NUMBER: 12104014
*FILE NUMBER:        9
*INTERVAL   :   15 MIN
*BATTERY    :    6.1 V
*RESTARTS   :        0
*CONFIG     :       12
*CHANNEL    :  2 OF  2
 
             TUE    WED    THU    FRI    SAT    SUN    MON    7-DAY
DATE    06/10/24     25     26     27     28     29     30   AVERAGE
 
START HOUR
 
    0          2      6      1      1      3      3      1       2
    1          0      1      0      1      0      0      2       1
    2          0      1      1      0      1      2      1       1
    3          2      0      0      0      1      2      3       1
    4          0      1      0      0      3      1      0       1
    5         10     11     11      6      0      0      0       5
    6         18     24     31     15      2      2     14      15
    7         44     39     30      6      2      6     24      22
    8         22     14     25     10      7      1     17      14
    9         14     19     26      5      6      7     15      13
   10         15      8     21      1     17     24     13      14
   11         17     20     13      1      6     24      -       -
   12         18     20     13      9     10     29      -       -
   13         21     22     16     10     27     26      -       -
   14         25     34     29     18     10     21      -       -
   15         35     37     32     13     24     33      -       -
   16         59     49     31     14      9     28      -       -
   17         38     29     27     15     18     17      -       -
   18         16     23     12     12      7     12      -       -
   19          7     10     11      8      5      5      -       -
   20          7      8      4      3      1     11      -       -
   21          7     10      3      5      3      4      -       -
   22          3      3      4      7      0      1      -       -
   23          1      2      1      1      2      1      -       -
 
TOTALS
 
12HR 7-19    324    314    2
