 
 
 
*LOCATION   : ............................................................
*SITE NUMBER: 11402306
*FILE NUMBER:        1
*INTERVAL   :   15 MIN
*BATTERY    :    5.9 V
*RESTARTS   :        0
*CONFIG     :       12
*CHANNEL    :  1 OF  2
 
             MON    TUE    WED    THU    FRI    SAT    SUN    7-DAY
DATE    04/05/31     01     02     03     04     05     06   AVERAGE
 
START HOUR
 
    0          -      1      1      0      1      0      2       -
    1          -      0      0      0      1      0      0       -
    2          -      1      0      0      0      0      2       -
    3          -      0      0      0      0      0      0       -
    4          -      0      0      0      0      0      1       -
    5          -      2      2      3      2      0      0       -
    6          -      0      1      0      0      0      0       -
    7          -      9      7      4      2      2      0       -
    8          -      5     11     11     12      4      1       -
    9          -      9      6     18      8     17      6       -
   10          -     16     18     17     11     12      6       -
   11          -     23     16     10     24      7      5       -
   12         22     20     18      2      2      2      0       9
   13         21      8      8      0      0      0      0       5
   14         15      0      0      0      0      0      0       2
   15          0      0      0      0      0      0      0       0
   16          0      0      0      0      0      0      0       0
   17          0      0      0      0      0      0      0       0
   18          0      0      0      0      0      0      0       0
   19          0      0      0      0      0      0      0       0
   20          0      0      0      0      0      0      0       0
   21          0      0      0      0      0      0      0       0
   22          0      0      0      0      0      0      0       0
   23          0      0      0      0      0      0      0       0
 
TOTALS
 
12HR 7-19      -     90     84     62     59     44     18       -
16HR 6-22      -     90     85     62     59     44     18       -
18HR 6-24      -     90     85     62     59     44     18       -
24HR 0-24      -     94     88     65     63     44     23       -
 
 
 
 
*LOCATION   : ............................................................
*SITE NUMBER: 11402306
*FILE NUMBER:        1
*INTERVAL   :   15 MIN
*BATTERY    :    5.9 V
*RESTARTS   :        0
*CONFIG     :       12
*CHANNEL    :  1 OF  2
 
             MON    TUE    WED    THU    FRI    SAT    SUN    7-DAY
DATE    04/06/07     08     09     10     11     12     13   AVERAGE
 
START HOUR
 
    0          0      0      0      1      0      0      0       0
    1          0      0      1      0      0      0      0       0
    2          0      0      0      0      0      0      0       0
    3          1      0      0      0      1      0      0       0
    4          0      0      0      0      0      0      1       0
    5          3      1      1      1      1      0      3       1
    6          1      1      0      0      1      1      1       1
    7          4      6      7      7      2      1      1       4
    8          6      7      7      7      6      6      0       6
    9         13     12      8     18      1     10      5      10
   10         16     15     25     19      5     14      8      15
   11         13     18     15     17     14      5     14      14
   12          0     11     14     18     12      0     21      11
   13          0      0      7      3      0      1     13       3
   14          0      0      0      0      0      0      3       0
   15          0      0      0      0      0      0      0       0
   16          0      0      0      0      0      0      0       0
   17          0      0      0      0      0      0      0       0
   18          0      0      0      0      0      0      0       0
   19          0      0      0      0      0      0      0       0
   20          0      0      0      0      0      0      0       0
   21          0      0      0      0      0      0      0       0
   22          0      0      0      0      0      0      0       0
   23          0      0      2      0      0      0      2       1
 
TOTALS
 
12HR 7-19     52     69     83     89     40     37     65      62
16HR 6-22     53     70     83     89     41     38     66      63
18HR 6-24     53     70     85     89     41     38     68      63
24HR 0-24     57     71     87     91     43     38     72      66
 
 
 
 
*LOCATION   : ............................................................
*SITE NUMBER: 11402306
*FILE NUMBER:        1
*INTERVAL   :   15 MIN
*BATTERY    :    5.9 V
*RESTARTS   :        0
*CONFIG     :       12
*CHANNEL    :  1 OF  2
 
             MON    TUE    WED    THU    FRI    SAT    SUN    7-DAY
DATE    04/06/14     15     16     17     18     19     20   AVERAGE
 
START HOUR
 
    0          1      1      0      0      0      0      0       0
    1          2      0      0      0      0      0      0       0
    2          0      0      0      0      0      0      0       0
    3          0      0      0      0      0      1      0       0
    4          0      0      0      0      0      0      0       0
    5          1      2      1      1      1      0      0       1
    6          2      1      0      3      0      0      0       1
    7          4      4      5      7      5      0      0       4
    8          4      7      7     10      9      0      1       5
    9         10     14      6     13      9      9      2       9
   10         12     26     14     10     13     13      0      13
   11         14      8     11     14     12     13      8      11
   12          6      0      9     11     15     19     14      11
   13          0      0      4      0     11     20      8       6
   14          0      0      0      0      0      0      0       0
   15          0      0      0      0      0      0      0       0
   16          0      0      0      0      0      0      0       0
   17          0      0      0      0      0      0      0       0
   18          0      0      0      0      0      0      0       0
   19          0      0      0      0      0      0      0       0
   20          0      0      0      0      0      0      0       0
   21          0      0      0      0      0      0      0       0
   22          0      0      0      0      0      0      0       0
   23          0      0      0      0      0      0      0       0
 
TOTALS
 
12HR 7-19     50     59     56     65     74     74     33      59
16HR 6-22     52     60     56     68     74     74     33      60
18HR 6-24     52     60     56     68     74     74     33      60
24HR 0-24     56     63     57     69     75     75     33      61
 
 
 
 
*LOCATION   : ............................................................
*SITE NUMBER: 11402306
*FILE NUMBER:        1
*INTERVAL   :   15 MIN
*BATTERY    :    5.9 V
*RESTARTS   :        0
*CONFIG     :       12
*CHANNEL    :  1 OF  2
 
             MON    TUE    WED    THU    FRI    SAT    SUN    7-DAY
DATE    04/06/21     22     23     24     25     26     27   AVERAGE
 
START HOUR
 
    0          0      0      0      0      0      1      0       0
    1          2      1      0      0      0      0      0       0
    2          0      2      0      0      0      0      0       0
    3          0      0      0      0      0      0      0       0
    4          0      0      0      0      0      0      0       0
    5          1      1      1      1      0      0      0       1
    6          1      0      0      0      0      0      0       0
    7          3      2      2      3      0      0      1       2
    8          7      8     11      7      2      0      1       5
    9          9     16     12     13      3      0      1       8
   10         24     26      7      7     19      1      0      12
   11         23     24     10      0     14      0      0      10
   12          2      5      0      0      0      0      0       1
   13          0      0      0      0      0      0      0       0
   14          0      0      0      0      0      0      0       0
   15          0      0      0      0      0      0      0       0
   16          0      0      0      0      0      0      0       0
   17          0      0      0      0      0      0      0       0
   18          0      0      0      0      0      0      0       0
   19          0      0      0      0      0      0      0       0
   20          0      0      0      0      0      0      0       0
   21          0      0      0      0      0      0      0       0
   22          0      0      0      0      0      0      0       0
   23          0      0      0      0      1      0      0       0
 
TOTALS
 
12HR 7-19     68     81     42     30     38      1      3      38
16HR 6-22     69     81     42     30     38      1      3      38
18HR 6-24     69     81     42     30     39      1      3      38
24HR 0-24     72     85     43     31     39      2      3      39
 
 
 
 
*LOCATION   : ............................................................
*SITE NUMBER: 11402306
*FILE NUMBER:        1
*INTERVAL   :   15 MIN
*BATTERY    :    5.9 V
*RESTARTS   :        0
*CONFIG     :       12
*CHANNEL    :  1 OF  2
 
             MON    TUE    WED    THU    FRI    SAT    SUN    7-DAY
DATE    04/06/28     29     30     01     02     03     04   AVERAGE
 
START HOUR
 
    0          0      -      -      -      -      -      -       -
    1          0      -      -      -      -      -      -       -
    2          0      -      -      -      -      -      -       -
    3          0      -      -      -      -      -      -       -
    4          0      -      -      -      -      -      -       -
    5          0      -      -      -      -      -      -       -
    6          0      -      -      -      -      -      -       -
    7          4      -      -      -      -      -      -       -
    8          5      -      -      -      -      -      -       -
    9          8      -      -      -      -      -      -       -
   10         11      -      -      -      -      -      -       -
   11         11      -      -      -      -      -      -       -
   12          0      -      -      -      -      -      -       -
   13          -      -      -      -      -      -      -       -
   14          -      -      -      -      -      -      -       -
   15          -      -      -      -      -      -      -       -
   16          -      -      -      -      -      -      -       -
   17          -      -      -      -      -      -      -       -
   18          -      -      -      -      -      -      -       -
   19          -      -      -      -      -      -      -       -
   20          -      -      -      -      -      -      -       -
   21          -      -      -      -      -      -      -       -
   22          -      -      -      -      -      -      -       -
   23          -      -      -      -      -      -      -       -
 
TOTALS
 
12HR 7-19      -      -      -      -      -      -      -       -
16HR 6-22      -      -      -      -      -      -      -       -
18HR 6-24      -      -      -      -      -      -      -       -
24HR 0-24      -      -      -      -      -      -      -       -
 
 
 
 
*LOCATION   : ............................................................
*SITE NUMBER: 11402306
*FILE NUMBER:        1
*INTERVAL   :   15 MIN
*BATTERY    :    5.9 V
*RESTARTS   :        0
*CONFIG     :       12
*CHANNEL    :  2 OF  2
 
             MON    TUE    WED    THU    FRI    SAT    SUN    7-DAY
DATE    04/05/31     01     02     03     04     05     06   AVERAGE
 
START HOUR
 
    0          -      1      0      0      0      0      3       -
    1          -      0      0      0      1      0      0       -
    2          -      1      0      0      0      0      0       -
    3          -      0      0      0      0      0      0       -
    4          -      0      0      0      0      0      1       -
    5          -      1      0      1      1      1      2       -
    6          -      1      2      3      1      0      0       -
    7          -     13      7      8      6      1      1       -
    8          -     10      8      8      8      2      2       -
    9          -      7      9     10      7      6      3       -
   10          -     14     11     18     13     21      7       -
   11          -     17     17     29     21      9     13       -
   12         21     25     19      0      5      2      0      10
   13         17     10      5      0      0      0      0       5
   14         21      0      0      0      0      0      0       3
   15          0      0      0      0      0      0      0       0
   16          0      0      0      0      0      0      0       0
   17          0      0      0      0      0      0      0       0
   18          0      0      0      0      0      0      0       0
   19          0      0      0      0      0      0      0       0
   20          0      0      0      0      0      0      0       0
   21          0      0      0      0      0      0      0       0
   22          0      0      0      0      0      0      0       0
   23          0      1      0      0      0      0      0       0
 
TOTALS
 
12HR 7-19      -     96     76     73     60     41     26       -
16HR 6-22      -     97     78     76     61     41     26       -
18HR 6-24      -     98     78     76     61     41     26       -
24HR 0-24      -    101     78     77     63     42     32       -
 
 
 
 
*LOCATION   : ............................................................
*SITE NUMBER: 11402306
*FILE NUMBER:        1
*INTERVAL   :   15 MIN
*BATTERY    :    5.9 V
*RESTARTS   :        0
*CONFIG     :       12
*CHANNEL    :  2 OF  2
 
             MON    TUE    WED    THU    FRI    SAT    SUN    7-DAY
DATE    04/06/07     08     09     10     11     12     13   AVERAGE
 
START HOUR
 
    0          2      0      0      3      0      0      0       1
    1          0      0      0      0      0      0      0       0
    2          0      0      0      0      0      0      0       0
    3          0      1      0      0      1      0      0       0
    4          0      0      0      0      0      0      1       0
    5          1      4      1      3      0      1      1       2
    6          2      2      0      1      2      0      0       1
    7          4      9      9      5      4      2      1       5
    8          5      9      7      6      6      6      2       6
    9         16      6     16      7      4      6      2       8
   10         10      9     20     14      7      7      7      11
   11         11     23     12     17      5      2     12      12
   12          0      7     13     14      7      6     13       9
   13          0      0      4      0      0      0     23       4
   14          0      0      0      0      0      0      7       1
   15          0      0      0      0      0      0      0       0
   16          0      0      0      0      0      0      0       0
   17          0      0      0      0      0      0      0       0
   18          0      0      0      0      0      0      0       0
   19          0      0      0      0      0      0      0       0
   20          0      0      0      0      0      0      0       0
   21          0      0      0      0      0      0      0       0
   22          0      0      0      0      0      0      0       0
   23          0      0      0      0      0      0      0       0
 
TOTALS
 
12HR 7-19     46     63     81     63     33     29     67      55
16HR 6-22     48     65     81     64     35     29     67      56
18HR 6-24     48     65     81     64     35     29     67      56
24HR 0-24     51     70     82     70     36     30     69      58
 
 
 
 
*LOCATION   : ............................................................
*SITE NUMBER: 11402306
*FILE NUMBER:        1
*INTERVAL   :   15 MIN
*BATTERY    :    5.9 V
*RESTARTS   :        0
*CONFIG     :       12
*CHANNEL    :  2 OF  2
 
             MON    TUE    WED    THU    FRI    SAT    SUN    7-DAY
DATE    04/06/14     15     16     17     18     19     20   AVERAGE
 
START HOUR
 
    0          1      0      0      0      0      1      0       0
    1          3      0      0      0      0      0      0       0
    2          0      0      0      0      0      0      0       0
    3          0      0      0      0      0      1      0       0
    4          0      1      1      0      0      0      0       0
    5          0      1      0      0      1      0      0       0
    6          4      4      3      2      3      1      1       3
    7          6      9      6      9      7      0      0       5
    8          6     11      8      5      5      1      1       5
    9          9     12     10     15      6      7      0       8
   10          7     19     12     18     12     15      5      13
   11         14     10     10     11     14     11      5      11
   12         13      0     12     43      9     22      6      15
   13          0      0      7      0     15     31      4       8
   14          0      0      0      0      0      0      0       0
   15          0      0      0      0      0      0      0       0
   16          0      0      0      0      0      0      0       0
   17          0      0      0      0      0      0      0       0
   18          0      0      0      0      0      0      0       0
   19          0      0      0      0      0      0      0       0
   20          0      0      0      0      0      0      0       0
   21          0      0      0      0      0      0      0       0
   22          0      0      0      0      0      0      0       0
   23          0      0      0      0      0      0      0       0
 
TOTALS
 
12HR 7-19     55     61     65    101     68     87     21      65
16HR 6-22     59     65     68    103     71     88     22      68
18HR 6-24     59     65     68    103     71     88     22      68
24HR 0-24     63     67     69    103     72     90     22      69
 
 
 
 
*LOCATION   : ............................................................
*SITE NUMBER: 11402306
*FILE NUMBER:        1
*INTERVAL   :   15 MIN
*BATTERY    :    5.9 V
*RESTARTS   :        0
*CONFIG     :       12
*CHANNEL    :  2 OF  2
 
             MON    TUE    WED    THU    FRI    SAT    SUN    7-DAY
DATE    04/06/21     22     23     24     25     26     27   AVERAGE
 
START HOUR
 
    0          0      0      0      0      0      1      0       0
    1          0      1      0      0      0      0      0       0
    2          0      0      0      0      1      0      0       0
    3          0      0      0      1      0      0      0       0
    4          0      0      0      0      0      2      0       0
    5          1      0      0      2      0      0      0       0
    6          3      5      4      2      1      0      1       2
    7          5      6      3      4      0      0      0       3
    8          7      9      7      7      1      0      0       4
    9         10     13     12      9      2      0      0       7
   10         20     14      8      7     16      4      0      10
   11         19     23      5      3     15      0      0       9
   12          0      6      0      0      2      0      0       1
   13          0      0      0      0      0      0      0       0
   14          0      0      0      0      0      0      0       0
   15          0      0      0      0      0      0      0       0
   16          0      0      0      0      0      0      0       0
   17          0      0      0      0      0      0      0       0
   18          0      0      0      0      0      0      0       0
   19          0      0      0      0      0      0      0       0
   20          0      0      0      0      0      0      0       0
   21          0      0      0      0      0      0      0       0
   22          0      0      0      0      0      0      0       0
   23          1      1      0      0      0      0      0       0
 
TOTALS
 
12HR 7-19     61     71     35     30     36      4      0      34
16HR 6-22     64     76     39     32     37      4      1      36
18HR 6-24     65     77     39     32     37      4      1      36
24HR 0-24     66     78     39     35     38      7      1      38
 
 
 
 
*LOCATION   : ............................................................
*SITE NUMBER: 11402306
*FILE NUMBER:        1
*INTERVAL   :   15 MIN
*BATTERY    :    5.9 V
*RESTARTS   :        0
*CONFIG     :       12
*CHANNEL    :  2 OF  2
 
             MON    TUE    WED    THU    FRI    SAT    SUN    7-DAY
DATE    04/06/28     29     30     01     02     03     04   AVERAGE
 
START HOUR
 
    0          0      -      -      -      -      -      -       -
    1          0      -      -      -      -      -      -       -
    2          0      -      -      -      -      -      -       -
    3          0      -      -      -      -      -      -       -
    4          1      -      -      -      -      -      -       -
    5          0      -      -      -      -      -      -       -
    6          2      -      -      -      -      -      -       -
    7          8      -      -      -      -      -      -       -
    8          1      -      -      -      -      -      -       -
    9          4      -      -      -      -      -      -       -
   10          4      -      -      -      -      -      -       -
   11          3      -      -      -      -      -      -       -
   12          0      -      -      -      -      -      -       -
   13          -      -      -      -      -      -      -       -
   14          -      -      -      -      -      -      -       -
   15          -      -      -      -      -      -      -       -
   16          -      -      -      -      -      -      -       -
   17          -      -      -      -      -      -      -       -
   18          -      -      -      -      -      -      -       -
   19          -      -      -      -      -      -      -       -
   20          -      -      -      -      -      -      -       -
   21          -      -      -      -      -      -      -       -
   22          -      -      -      -      -      -      -       -
   23          -      -      -      -      -      -      -       -
 
TOTALS
 
12HR 7-19      -      -      -      -      -      -      -       -
16HR 6-22      -      -      -      -      -      -      -       -
18HR 6-24      -      -      -      -      -      -      -       -
24HR 0-24      -      -      -      -      -      -      -       -
 
