*LOCATION	: ..	........	.......	.......	.......	.......	.......	...............
*SITE NUMB	ER: 10	702206						
*FILE NUMB	ER:	12						
*INTERVAL	:	15 MIN						
*BATTERY	:	6.3 V						
*RESTARTS	:	0						
*CONFIG	:	0						
*CHANNEL	:  1	OF  1						

	FRI	SAT	SUN	MON	TUE	WED	THU	7-DAY
DATE    08	/05/30	31	1	2	3	4	5	AVERAGE

START HOUR								

0	-	21	15	5	15	7	14	-			käsi	kone		
1	-	19	19	6	2	4	7	-		8	190	211	21	
2	-	13	14	3	0	3	2	-		9	218	294	76	
3	-	10	9	2	4	2	7	-		10	279	168	-111	
4	-	10	9	2	2	4	6	-		11	278	97	-181	
5	-	9	7	18	15	21	26	-		12	259	129	-130	
6	-	7	7	72	84	84	77	-		13	193	94	-99	
7	-	13	11	192	205	211	192	-		14	115	127	12	
8	-	26	18	285	316	294	286	-		15	132	140	8	
9	-	48	37	139	140	168	148	-		16	225	234	9	
10	-	65	51	75	95	97	99	-		17	316	306	-10	
11	-	86	86	92	71	129	97	-		18	262	264	2	
12	67	94	87	93	97	94	95	90		19	214	207	-7	
13	111	101	131	104	95	127	97	109						
14	148	109	160	92	101	140	134	126						
15	248	88	158	245	185	234	233	199
16	212	90	177	318	297	306	301	243
17	176	75	163	251	243	264	225	200
18	145	69	141	169	186	207	212	161
19	98	49	118	130	153	165	168	126
20	76	65	86	101	119	136	133	102
21	61	31	35	66	76	97	90	65
22	31	22	33	29	37	37	49	34
23	23	23	9	23	20	26	20	21

TOTALS								

12HR 7-19	-	864	1220	2055	2031	2271	2119	-
16HR 6-22	-	1016	1466	2424	2463	2753	2587	-
18HR 6-24	-	1061	1508	2476	2520	2816	2656	-
24HR 0-24	-	1143	1581	2512	2558	2857	2718	-
								



*LOCATION	: ..	........	.......	.......	.......	.......	.......	...............
*SITE NUMB	ER: 10	702206						
*FILE NUMB	ER:	12						
*INTERVAL	:	15 MIN						
*BATTERY	:	6.3 V						
*RESTARTS	:	0						
*CONFIG	:	0						
*CHANNEL	:  1	OF  1						

	FRI	SAT	SUN	MON	TUE	WED	THU	7-DAY
DATE    08	/06/06	7	8	9	10	11	12	AVERAGE

START HOUR															
															 
0	33	34	18	11	4	8	12	17							
1	11	19	14	4	2	5	4	8							
2	1	26	10	3	1	2	2	6							
3	2	16	9	2	3	7	3	6							
4	6	15	11	2	2	4	4	6							
5	19	9	6	18	14	18	17	14							
6	91	7	6	61	53	57	44	46							
7	175	22	13	185	151	157	127	119							
8	246	37	21	315	165	299	219	186							
9	152	51	41	150	67	137	141	106							
10	112	65	31	57	28	98	70	66							
11	88	83	66	79	28	79	76	71							
12	105	109	69	76	29	66	84	77							
13	95	105	89	84	36	87	99	85							
14	146	142	81	92	50	75	124	101
15	204	99	93	181	136	151	179	149
16	282	121	107	289	178	221	282	211
17	204	109	111	190	135	189	217	165
18	148	82	83	123	106	154	135	119
19	98	64	79	83	76	69	120	84
20	83	52	76	72	68	63	117	76
21	73	44	53	41	33	47	70	52
22	35	34	16	24	23	26	58	31
23	46	23	18	18	12	15	28	23

TOTALS								

12HR 7-19	1957	1025	805	1821	1109	1713	1753	1455
16HR 6-22	2302	1192	1019	2078	1339	1949	2104	1712
18HR 6-24	2383	1249	1053	2120	1374	1990	2190	1766
24HR 0-24	2455	1368	1121	2160	1400	2034	2232	1824
								



*LOCATION	: ..	........	.......	.......	.......	.......	.......	...............
*SITE NUMB	ER: 10	702206						
*FILE NUMB	ER:	12						
*INTERVAL	:	15 MIN						
*BATTERY	:	6.3 V						
*RESTARTS	:	0						
*CONFIG	:	0						
*CHANNEL	:  1	OF  1						

	FRI	SAT	SUN	MON	TUE	WED	THU	7-DAY
DATE    08	/06/13	14	15	16	17	18	19	AVERAGE

START HOUR								

0	15	20	6	11	15	8	16	13
1	12	12	5	4	4	1	6	6
2	4	8	3	2	9	2	4	5
3	3	11	4	1	3	2	7	4
4	5	5	5	4	5	0	6	4
5	13	8	2	16	19	6	16	11
6	57	9	9	62	56	24	43	37
7	150	18	10	158	133	67	119	94
8	217	25	11	277	210	129	229	157
9	107	44	26	154	127	67	106	90
10	79	54	22	88	77	69	76	66
11	85	66	51	79	86	47	70	69
12	95	92	66	95	76	43	85	79
13	93	91	65	90	72	39	96	78
14	116	107	95	110	67	46	138	97
15	188	75	94	178	93	92	177	128
16	236	80	79	321	178	163	171	175
17	164	46	90	233	112	134	128	130
18	139	40	86	168	71	121	102	104
19	85	14	65	142	43	85	63	71
20	51	10	79	100	49	61	51	57
21	68	11	55	73	38	59	51	51
22	34	5	23	36	18	26	25	24
23	42	9	11	22	5	15	15	17

TOTALS								

12HR 7-19	1669	738	695	1951	1302	1017	1497	1267
16HR 6-22	1930	782	903	2328	1488	1246	1705	1483
18HR 6-24	2006	796	937	2386	1511	1287	1745	1524
24HR 0-24	2058	860	962	2424	1566	1306	1800	1568
								



*LOCATION	: ..	........	.......	.......	.......	.......	.......	...............
*SITE NUMB	ER: 10	702206						
*FILE NUMB	ER:	12						
*INTERVAL	:	15 MIN						
*BATTERY	:	6.3 V						
*RESTARTS	:	0						
*CONFIG	:	0						
*CHANNEL	:  1	OF  1						

	FRI	SAT	SUN	MON	TUE	WED	THU	7-DAY
DATE    08	/06/20	21	22	23	24	25	26	AVERAGE

START HOUR								

0	13	6	8	12	8	-	-	-
1	13	2	9	4	3	-	-	-
2	2	2	2	3	1	-	-	-
3	3	4	1	0	2	-	-	-
4	7	1	3	3	0	-	-	-
5	7	3	0	14	6	-	-	-
6	9	6	7	41	23	-	-	-
7	14	8	10	115	63	-	-	-
8	16	4	11	192	128	-	-	-
9	21	7	15	109	-	-	-	-
10	34	32	28	67	-	-	-	-
11	27	31	32	39	-	-	-	-
12	26	52	66	43	-	-	-	-
13	38	57	54	21	-	-	-	-
14	40	76	71	28	-	-	-	-
15	26	47	86	51	-	-	-	-
16	39	59	58	122	-	-	-	-
17	23	57	64	87	-	-	-	-
18	8	30	55	81	-	-	-	-
19	15	39	40	47	-	-	-	-
20	7	32	32	34	-	-	-	-
21	4	18	24	29	-	-	-	-
22	8	14	11	18	-	-	-	-
23	7	8	13	5	-	-	-	-

TOTALS								

12HR 7-19	312	460	550	955	-	-	-	-
16HR 6-22	347	555	653	1106	-	-	-	-
18HR 6-24	362	577	677	1129	-	-	-	-
24HR 0-24	407	595	700	1165	-	-	-	-
								
								
