*LOCATION	: ..	........	.......	.......	.......	.......	.......	...............
*SITE NUMB	ER: 10	802313						
*FILE NUMB	ER:	4						
*INTERVAL	:	15 MIN						
*BATTERY	:	6.2 V						
*RESTARTS	:	0						
*CONFIG	:	12						
*CHANNEL	:  1	OF  2						

	FRI	SAT	SUN	MON	TUE	WED	THU	7-DAY
DATE    08	/05/30	31	1	2	3	4	5	AVERAGE

START HOUR								

0	-	26	25	10	9	11	14	-
1	-	14	17	3	0	6	6	-
2	-	13	23	1	5	5	3	-
3	-	6	10	5	3	2	4	-
4	-	7	6	5	2	4	9	-
5	-	7	2	16	25	22	21	-
6	-	14	7	78	90	88	81	-
7	-	16	7	147	191	184	191	-
8	-	27	16	242	259	278	259	-
9	-	51	51	127	147	139	135	-
10	-	61	58	67	93	98	94	-
11	-	87	123	58	78	81	110	-
12	-	115	130	65	85	99	86	-
13	-	109	147	79	84	126	114	-
14	-	116	161	85	98	131	143	-
15	182	121	112	163	190	207	222	171
16	221	91	127	264	266	299	290	223
17	184	93	106	205	246	258	297	198
18	142	102	88	176	161	216	203	155
19	113	61	64	140	166	164	173	126
20	82	64	76	119	111	144	144	106
21	70	42	61	66	81	117	105	77
22	45	25	32	29	39	39	66	39
23	28	28	15	24	29	23	36	26

TOTALS	1067							

12HR 7-19	-	989	1126	1678	1898	2116	2144	-
16HR 6-22	-	1170	1334	2081	2346	2629	2647	-
18HR 6-24	-	1223	1381	2134	2414	2691	2749	-
24HR 0-24	-	1296	1464	2174	2458	2741	2806	-

				1,295589988	1,295047418	1,29536862	1,308768657	


*LOCATION	: ..	........	.......	.......	.......	.......	.......	...............
*SITE NUMB	ER: 10	802313						
*FILE NUMB	ER:	4						
*INTERVAL	:	15 MIN						
*BATTERY	:	6.2 V						
*RESTARTS	:	0						
*CONFIG	:	12						
*CHANNEL	:  1	OF  2						

	FRI	SAT	SUN	MON	TUE	WED	THU	7-DAY
DATE    08	/06/06	7	8	9	10	11	12	AVERAGE

START HOUR								

0	21	34	17	14	11	15	8	17
1	7	48	14	8	5	6	3	13
2	7	16	22	6	4	0	7	9
3	3	11	13	1	2	0	3	5
4	3	12	7	3	4	1	5	5
5	17	5	13	15	15	14	12	13
6	68	14	11	83	60	84	72	56
7	182	20	15	174	131	154	123	114
8	227	26	13	243	124	230	188	150
9	131	41	40	106	37	143	99	85
10	87	84	53	75	22	70	60	64
11	94	123	77	67	23	69	71	75
12	116	96	93	71	26	54	68	75
13	102	128	120	66	30	94	100	91
14	157	113	119	76	46	79	91	97
15	206	119	115	143	100	116	142	134
16	257	106	104	209	121	174	171	163
17	183	92	85	197	101	170	157	141
18	135	83	116	117	94	119	107	110
19	98	53	77	86	69	45	74	72
20	100	56	72	64	55	67	58	67
21	61	36	69	46	42	47	53	51
22	64	34	33	26	24	22	39	35
23	33	26	6	11	24	14	13	18

TOTALS								

12HR 7-19	1877	1031	950	1544	855	1472	1377	1301
16HR 6-22	2204	1190	1179	1823	1081	1715	1634	1547
18HR 6-24	2301	1250	1218	1860	1129	1751	1686	1599
24HR 0-24	2359	1376	1304	1907	1170	1787	1724	1661

	1,256792754			1,235103627	1,368421053	1,213994565	1,251997095	

















*LOCATION	: ..	........	.......	.......	.......	.......	.......	...............
*SITE NUMB	ER: 10	802313						
*FILE NUMB	ER:	4						
*INTERVAL	:	15 MIN						
*BATTERY	:	6.2 V						
*RESTARTS	:	0						
*CONFIG	:	12						
*CHANNEL	:  1	OF  2						

	FRI	SAT	SUN	MON	TUE	WED	THU	7-DAY
DATE    08	/06/13	14	15	16	17	18	19	AVERAGE

START HOUR								

0	14	27	6	16	15	9	10	14
1	12	16	4	6	3	6	8	8
2	6	9	7	3	3	3	5	5
3	3	8	2	2	0	1	5	3
4	3	3	3	5	4	2	4	3
5	13	1	3	22	19	8	18	12
6	55	18	6	87	71	28	56	46
7	130	21	13	156	120	59	111	87
8	175	25	8	226	207	81	193	131
9	112	45	24	132	126	47	106	85
10	69	54	37	89	119	42	82	70
11	85	70	71	65	65	33	66	65
12	97	96	62	76	56	38	81	72
13	84	103	65	82	77	37	88	77
14	113	105	86	111	58	45	132	93
15	160	83	104	178	85	85	153	121
16	194	63	99	234	138	131	172	147
17	155	57	91	244	111	111	132	129
18	109	46	107	167	72	85	72	94
19	81	21	96	158	45	72	89	80
20	54	14	68	108	36	65	59	58
21	58	13	54	87	40	50	49	50
22	31	12	37	51	16	31	25	29
23	30	3	16	31	7	24	23	19

TOTALS								

12HR 7-19	1483	768	767	1760	1234	794	1388	1171
16HR 6-22	1731	834	991	2200	1426	1009	1641	1405
18HR 6-24	1792	849	1044	2282	1449	1064	1689	1453
24HR 0-24	1843	913	1069	2336	1493	1093	1739	1498

	1,24275118			1,327272727	1,209886548	1,376574307		
















*LOCATION	: ..	........	.......	.......	.......	.......	.......	...............
*SITE NUMB	ER: 10	802313						
*FILE NUMB	ER:	4						
*INTERVAL	:	15 MIN						
*BATTERY	:	6.2 V						
*RESTARTS	:	0						
*CONFIG	:	12						
*CHANNEL	:  1	OF  2						

	FRI	SAT	SUN	MON	TUE	WED	THU	7-DAY
DATE    08	/06/20	21	22	23	24	25	26	AVERAGE

START HOUR								

0	15	8	4	25	-	-	-	-
1	8	7	12	5	-	-	-	-
2	5	4	6	10	-	-	-	-
3	6	6	5	3	-	-	-	-
4	10	1	2	21	-	-	-	-
5	3	5	9	33	-	-	-	-
6	8	2	3	149	-	-	-	-
7	17	5	18	303	-	-	-	-
8	11	2	6		-	-	-	-
9	20	16	26	-	-	-	-	-
10	32	24	34	-	-	-	-	-
11	33	55	83	-	-	-	-	-
12	38	71	63	-	-	-	-	-
13	32	81	88	-	-	-	-	-
14	41	78	72	-	-	-	-	-
15	25	54	82	-	-	-	-	-
16	23	54	74	-	-	-	-	-
17	23	53	79	-	-	-	-	-
18	14	58	71	-	-	-	-	-
19	10	41	51	-	-	-	-	-
20	6	41	54	-	-	-	-	-
21	7	30	41	-	-	-	-	-
22	9	8	26	-	-	-	-	-
23	6	8	13	-	-	-	-	-

TOTALS								

12HR 7-19	309	551	696	-	-	-	-	-
16HR 6-22	340	665	845	-	-	-	-	-
18HR 6-24	355	681	884	-	-	-	-	-
24HR 0-24	402	712	922	-	-	-	-	-
