 
 
 
*LOCATION   : ............................................................
*SITE NUMBER: 11202410
*FILE NUMBER:       11
*INTERVAL   :   15 MIN
*BATTERY    :    6.3 V
*RESTARTS   :        0
*CONFIG     :        0
*CHANNEL    :  1 OF  1
 
             WED    THU    FRI    SAT    SUN    MON    TUE    7-DAY
DATE    08/06/11     12     13     14     15     16     17   AVERAGE
 
START HOUR
 
    0          -      8      2      1      3      3      0       -
    1          -      1      0      4      0      0      0       -
    2          -      1      2      1      1      0      0       -
    3          -      1      2      2      0      0      0       -
    4          -      2      3      1      0      4      0       -
    5          -      7      9      4      2     11      0       -
    6          -     45     51      7      6     70      0       -
    7          -     69     87     17      7    101      0       -
    8          -     49     66     17     10     81      0       -
    9          -     31     58     29     17     50      0       -
   10          -     25     45     41     32     39      0       -
   11          -     28     40     49     74     40      0       -
   12          -     34     58     60     83     40      0       -
   13          -     31     66     57     56     43      0       -
   14         33     40     49     72     49     56      0      43
   15         56     65     98     58     78     95      0      64
   16        101     88    115     64     77    145      0      84
   17         64     70     84     55     89    140      0      72
   18         51     56     98     28     83    112      0      61
   19         45     58     65     21     85    113      0      55
   20         26     37     49     14     62     62      0      36
   21         16     25     46      8     36     35      0      24
   22         17     18     31      7     15     22      0      16
   23          5      6     11      7      2      0      0       4
 
TOTALS
 
12HR 7-19      -    586    864    547    655    942      0       -
16HR 6-22      -    751   1075    597    844   1222      0       -
18HR 6-24      -    775   1117    611    861   1244      0       -
24HR 0-24      -    795   1135    624    867   1262      0       -

 
 

