*LOCATION	: ..	........	.......	.......	.......	.......	.......	...............
*SITE NUMB	ER: 11	502228						
*FILE NUMB	ER:	13						
*INTERVAL	:	15 MIN						
*BATTERY	:	6.4 V						
*RESTARTS	:	0						
*CONFIG	:	0						
*CHANNEL	:  1	OF  1						

	FRI	SAT	SUN	MON	TUE	WED	THU	7-DAY
DATE    08	/05/30	31	1	2	3	4	5	AVERAGE

START HOUR								

0	-	35	41	6	18	16	22	-
1	-	26	17	2	5	6	13	-
2	-	33	16	1	4	2	7	-
3	-	16	16	1	2	3	2	-
4	-	7	19	2	2	0	1	-
5	-	9	9	15	14	19	14	-
6	-	8	10	62	86	78	58	-
7	-	23	13	154	163	163	158	-
8	-	36	16	255	296	309	291	-
9	-	72	39	159	188	208	203	-
10	-	97	57	98	109	130	138	-
11	-	98	100	85	108	114	119	-
12	154	111	114	105	118	132	120	122
13	130	138	119	129	128	146	148	134
14	157	135	141	109	141	112	144	134
15	239	121	104	197	168	236	245	187
16	256	87	91	266	296	308	314	231
17	210	90	112	268	262	333	237	216
18	124	87	79	194	222	217	204	161
19	108	61	57	155	158	165	178	126
20	67	72	56	91	88	122	118	88
21	56	58	35	66	81	81	102	68
22	43	38	31	32	46	53	74	45
23	47	39	16	23	38	39	44	35

TOTALS								

12HR 7-19	-	1095	985	2019	2199	2408	2321	-
16HR 6-22	-	1294	1143	2393	2612	2854	2777	-
18HR 6-24	-	1371	1190	2448	2696	2946	2895	-
24HR 0-24	-	1497	1308	2475	2741	2992	2954	-
								
				1,225854383	1,246475671	1,242524917	1,272727273	


*LOCATION	: ..	........	.......	.......	.......	.......	.......	...............
*SITE NUMB	ER: 11	502228						
*FILE NUMB	ER:	13						
*INTERVAL	:	15 MIN						
*BATTERY	:	6.4 V						
*RESTARTS	:	0						
*CONFIG	:	0						
*CHANNEL	:  1	OF  1						

	FRI	SAT	SUN	MON	TUE	WED	THU	7-DAY
DATE    08	/06/06	7	8	9	10	11	12	AVERAGE

START HOUR								

0	20	44	32	12	10	13	18	21
1	21	39	18	4	7	5	9	15
2	13	20	23	4	6	5	7	11
3	7	20	19	1	4	4	3	8
4	8	7	14	5	0	1	3	5
5	14	7	12	13	11	11	8	11
6	64	16	6	53	48	59	55	43
7	120	14	6	144	118	131	114	92
8	267	38	12	255	153	258	202	169
9	177	58	36	181	70	194	146	123
10	142	71	62	111	38	129	112	95
11	139	112	97	99	47	118	109	103
12	119	134	102	106	27	94	136	103
13	124	162	126	122	51	119	119	118
14	133	163	128	131	47	90	127	117
15	236	188	116	164	108	130	193	162
16	248	150	113	283	179	205	276	208
17	224	106	112	210	140	223	197	173
18	151	117	106	135	122	171	149	136
19	101	74	79	116	79	85	105	91
20	102	51	127	74	75	86	69	83
21	71	32	72	69	51	72	63	61
22	75	28	33	32	38	47	48	43
23	37	38	19	19	14	15	29	24

TOTALS								

12HR 7-19	2080	1313	1016	1941	1100	1862	1880	1599
16HR 6-22	2418	1486	1300	2253	1353	2164	2172	1878
18HR 6-24	2530	1552	1352	2304	1405	2226	2249	1945
24HR 0-24	2613	1689	1470	2343	1443	2265	2297	2017
								
	1,25625			1,207109737	1,311818182	1,216433942	1,221808511	


*LOCATION	: ..	........	.......	.......	.......	.......	.......	...............
*SITE NUMB	ER: 11	502228						
*FILE NUMB	ER:	13						
*INTERVAL	:	15 MIN						
*BATTERY	:	6.4 V						
*RESTARTS	:	0						
*CONFIG	:	0						
*CHANNEL	:  1	OF  1						

	FRI	SAT	SUN	MON	TUE	WED	THU	7-DAY
DATE    08	/06/13	14	15	16	17	18	19	AVERAGE

START HOUR								

0	23	24	7	10	14	7	26	16
1	7	26	6	2	4	8	10	9
2	8	17	6	5	11	7	6	9
3	3	16	4	3	4	0	7	5
4	1	12	4	2	0	0	3	3
5	11	18	0	15	11	4	10	10
6	47	8	7	62	61	22	54	37
7	118	17	9	153	105	61	107	81
8	224	24	8	244	213	105	214	147
9	164	61	33	175	158	86	159	119
10	95	78	38	112	101	55	124	86
11	124	85	71	111	89	71	104	94
12	135	125	89	109	101	70	121	107
13	127	143	83	149	108	69	152	119
14	157	131	102	122	86	59	177	119
15	210	128	89	188	92	118	203	147
16	261	100	88	292	165	165	194	181
17	198	73	92	262	113	134	153	146
18	117	44	87	186	80	97	108	103
19	120	24	85	133	47	97	71	82
20	94	10	74	85	41	65	51	60
21	64	11	35	63	33	47	53	44
22	44	8	28	47	25	36	19	30
23	35	5	6	30	17	21	22	19

TOTALS								

12HR 7-19	1930	1009	789	2103	1411	1090	1816	1450
16HR 6-22	2255	1062	990	2446	1593	1321	2045	1673
18HR 6-24	2334	1075	1024	2523	1635	1378	2086	1722
24HR 0-24	2387	1188	1051	2560	1679	1404	2148	1774
								
	1,236787565			1,217308607	1,189936215	1,288073394		


*LOCATION	: ..	........	.......	.......	.......	.......	.......	...............
*SITE NUMB	ER: 11	502228						
*FILE NUMB	ER:	13						
*INTERVAL	:	15 MIN						
*BATTERY	:	6.4 V						
*RESTARTS	:	0						
*CONFIG	:	0						
*CHANNEL	:  1	OF  1						

	FRI	SAT	SUN	MON	TUE	WED	THU	7-DAY
DATE    08	/06/20	21	22	23	24	25	26	AVERAGE

START HOUR								

0	21	10	8	11	3	-	-	-
1	11	4	10	1	7	-	-	-
2	5	4	5	3	0	-	-	-
3	8	7	4	0	2	-	-	-
4	1	5	5	0	1	-	-	-
5	4	3	3	8	7	-	-	-
6	8	5	5	45	25	-	-	-
7	18	3	9	92	46	-	-	-
8	15	6	7	212	94	-	-	-
9	39	13	34	149	107	-	-	-
10	46	27	36	79	-	-	-	-
11	45	31	57	69	-	-	-	-
12	42	52	69	52	-	-	-	-
13	54	40	77	22	-	-	-	-
14	33	62	85	37	-	-	-	-
15	25	45	60	69	-	-	-	-
16	27	42	78	112	-	-	-	-
17	34	44	69	107	-	-	-	-
18	28	31	59	84	-	-	-	-
19	5	27	45	54	-	-	-	-
20	5	26	28	22	-	-	-	-
21	8	27	33	18	-	-	-	-
22	7	14	15	14	-	-	-	-
23	10	9	6	21	-	-	-	-

TOTALS								

12HR 7-19	406	396	640	1084	-	-	-	-
16HR 6-22	432	481	751	1223	-	-	-	-
18HR 6-24	449							
