*LOCATION	: ..	........	.......	.......	.......	.......	.......	...............
*SITE NUMB	ER: 11	702219						
*FILE NUMB	ER:	5						
*INTERVAL	:	15 MIN						
*BATTERY	:	6.2 V						
*RESTARTS	:	0						
*CONFIG	:	12						
*CHANNEL	:  1	OF  2						

	THU	FRI	SAT	SUN	MON	TUE	WED	7-DAY
DATE    08	/05/29	30	31	1	2	3	4	AVERAGE

START HOUR								

0	-	28	26	36	7	14	22	-
1	-	10	20	46	6	7	10	-
2	-	4	16	16	1	1	3	-
3	-	3	11	17	4	2	1	-
4	-	6	11	11	4	2	4	-
5	-	24	9	5	20	23	25	-
6	-	96	24	12	92	116	119	-
7	-	226	35	24	211	248	258	-
8	-	306	73	51	362	382	351	-
9	-	178	101	74	194	196	174	-
10	139	141	126	130	139	130	76	126
11	133	146	144	154	115	128	143	138
12	157	142	183	198	123	148	57	144
13	147	142	188	214	117	131	39	140
14	144	194	203	190	144	143	146	166
15	220	241	161	175	182	210	233	203
16	331	332	172	192	332	370	385	302
17	289	267	163	177	345	333	347	274
18	263	168	114	147	258	227	315	213		2522	2101	-421	-16,69310071	83,3
19	173	120	119	109	227	212	212	167		2100,826				
20	151	109	97	82	151	142	199	133						
21	105	63	67	64	113	98	122	90						
22	58	48	52	42	61	60	80	57						
23	44	34	40	30	30	42	39	37						

TOTALS	2354													
										1326	1534	208		
12HR 7-19	-	2483	1663	1726	2522	2646	2524	-						
16HR 6-22	-	2871	1970	1993	3105	3214	3176	-		5948,826	3635	-2313,826	-38,89550644	
18HR 6-24	-	2953	2062	2065	3196	3316	3295	-						
24HR 0-24	-	3028	2155	2196	3238	3365	3360	-						
														
					1,283901665	1,271730915	1,331220285							


*LOCATION	: ..	........	.......	.......	.......	.......	.......	...............
*SITE NUMB	ER: 11	702219						
*FILE NUMB	ER:	5						
*INTERVAL	:	15 MIN						
*BATTERY	:	6.2 V						
*RESTARTS	:	0						
*CONFIG	:	12						
*CHANNEL	:  1	OF  2						

	THU	FRI	SAT	SUN	MON	TUE	WED	7-DAY
DATE    08	/06/05	6	7	8	9	10	11	AVERAGE

START HOUR								

0	17	31	33	40	14	17	18	24
1	10	12	27	29	7	10	7	15
2	7	7	10	12	2	2	6	7
3	7	4	19	15	0	2	2	7
4	6	7	10	10	2	10	9	8
5	19	21	10	10	23	25	25	19
6	98	95	26	15	102	76	102	73
7	266	226	39	20	219	172	217	166
8	363	313	67	34	342	171	322	230
9	210	204	88	63	176	107	205	150
10	147	134	85	73	123	83	142	112
11	159	164	136	149	118	74	127	132
12	133	134	198	166	111	80	137	137
13	158	133	159	218	115	82	145	144
14	176	178	173	173	117	94	110	146
15	249	251	161	183	174	131	174	189
16	379	316	148	164	290	208	273	254
17	323	290	137	152	287	195	234	231
18	271	229	145	128	177	151	197	185
19	226	171	104	109	157	110	114	142
20	202	127	69	102	110	91	104	115
21	144	106	67	69	82	69	74	87
22	64	58	53	51	44	37	42	50
23	43	45	34	24	32	21	31	33

TOTALS								

12HR 7-19	2834	2572	1536	1523	2249	1548	2283	2078
16HR 6-22	3504	3071	1802	1818	2700	1894	2677	2495
18HR 6-24	3611	3174	1889	1893	2776	1952	2750	2578
24HR 0-24	3677	3256	1998	2009	2824	2018	2817	2657
	1,297459421	1,265940902			1,255669186	1,303617571	1,23390276	



*LOCATION	: ..	........	.......	.......	.......	.......	.......	...............
*SITE NUMB	ER: 11	702219						
*FILE NUMB	ER:	5						
*INTERVAL	:	15 MIN						
*BATTERY	:	6.2 V						
*RESTARTS	:	0						
*CONFIG	:	12						
*CHANNEL	:  1	OF  2						

	THU	FRI	SAT	SUN	MON	TUE	WED	7-DAY
DATE    08	/06/12	13	14	15	16	17	18	AVERAGE

START HOUR								

0	19	22	37	25	13	19	14	21
1	9	10	19	20	6	11	6	12
2	2	7	10	4	6	5	3	5
3	1	2	9	5	2	1	2	3
4	6	9	14	5	2	10	4	7
5	18	23	9	3	22	20	14	16
6	87	86	26	10	97	87	55	64
7	201	201	27	22	230	174	107	137
8	269	249	63	37	311	268	132	190
9	161	186	83	57	197	162	122	138
10	102	135	98	59	144	137	86	109
11	121	155	120	87	128	136	88	119
12	122	131	143	100	157	162	98	130
13	137	156	150	116	144	112	87	129
14	126	155	140	129	160	125	119	136
15	193	213	131	141	212	110	135	162
16	286	288	116	151	315	190	168	216
17	240	265	103	157	308	171	171	202
18	167	191	69	142	244	130	137	154
19	130	147	40	131	208	86	97	120
20	102	101	30	108	155	86	120	100
21	97	94	29	92	120	55	63	79
22	65	56	25	45	59	37	57	49
23	35	44	20	18	37	25	37	31

TOTALS								

12HR 7-19	2125	2325	1243	1198	2550	1877	1450	1824
16HR 6-22	2541	2753	1368	1539	3130	2191	1785	2187
18HR 6-24	2641	2853	1413	1602	3226	2253	1879	2267
24HR 0-24	2696	2926	1511	1664	3277	2319	1922	2331
	1,268705882	1,258494624			1,285098039	1,235482152	1,325517241	



*LOCATION	: ..	........	.......	.......	.......	.......	.......	...............
*SITE NUMB	ER: 11	702219						
*FILE NUMB	ER:	5						
*INTERVAL	:	15 MIN						
*BATTERY	:	6.2 V						
*RESTARTS	:	0						
*CONFIG	:	12						
*CHANNEL	:  1	OF  2						

	THU	FRI	SAT	SUN	MON	TUE	WED	7-DAY
DATE    08	/06/19	20	21	22	23	24	25	AVERAGE

START HOUR								

0	17	31	12	25	14	-	-	-
1	8	8	12	9	6	-	-	-
2	7	9	8	7	0	-	-	-
3	2	3	10	7	3	-	-	-
4	7	5	2	5	8	-	-	-
5	22	8	6	5	23	-	-	-
6	96	29	6	15	84	-	-	-
7	179	26	6	21	165	-	-	-
8	269	46	10	28	258	-	-	-
9	163	58	10	49	159	-	-	-
10	127	72	37	64	111	-	-	-
11	154	79	68	83	100	-	-	-
12	152	72	92	128	73	-	-	-
13	159	71	91	106	57	-	-	-
14	169	66	86	90	63	-	-	-
15	266	48	111	108	-	-	-	-
16	240	60	74	107	-	-	-	-
17	172	53	90	132	-	-	-	-
18	152	41	64	120	-	-	-	-
19	102	27	61	88	-	-	-	-
20	89	26	64	69	-	-	-	-
21	56	29	50	66	-	-	-	-
22	41	18	33	30	-	-	-	-
23	24	18	26	21	-	-	-	-

TOTALS					1124			

12HR 7-19	2202	692	739	1036	-	-	-	-
16HR 6-22	2545	803	920	1274	-	-	-	-
18HR 6-24	2610	839	979	1325	-	-	-	-
24HR 0-24	2673	903	1029	1383	-	-	-	-
								



*LOCATION	: ..	........	.......	.......	.......	.......	.......	...............
*SITE NUMB	ER: 11	702219						
*FILE NUMB	ER:	5						
*INTERVAL	:	15 MIN						
*BATTERY	:	6.2 V						
*RESTARTS	:	0						
*CONFIG	:	12						
*CHANNEL	:  2	OF  2						

	THU	FRI	SAT	SUN	MON	TUE	WED	7-DAY
DATE    08	/05/29	30	31	1	2	3	4	AVERAGE

START HOUR								

0	-	12	16	13	5	6	5	-
1	-	7	10	9	2	2	6	-
2	-	2	8	7	1	1	2	-
3	-	0	4	9	0	1	2	-
4	-	3	7	9	2	4	2	-
5	-	14	2	4	11	8	17	-
6	-	53	8	6	79	85	72	-
7	-	137	19	13	173	186	215	-
8	-	178	32	27	200	235	246	-
9	-	93	43	33	99	103	145	-
10	43	43	32	75	54	58	123	61
11	70	45	84	66	40	64	58	61
12	74	52	77	103	53	49	76	81
13	57	70	79	92	41	40	74	74
14	64	63	62	107	58	61	86	72
15	122	141	83	91	100	149	121	115
16	167	174	61	83	192	235	198	159
17	165	135	82	84	187	203	196	150
18	119	98	70	99	129	166	159	120
19	102	78	44	74	108	120	132	94
20	91	54	41	52	109	103	110	80
21	71	55	17	30	56	62	56	50
22	40	24	22	12	36	27	30	27
23	17	17	11	10	10	11	28	15

TOTALS	1202							

12HR 7-19	-	1229	724	873	1326	1549	1841	-
16HR 6-22	-	1469	834	1035	1678	1919	2211	-
18HR 6-24	-	1510	867	1057	1724	1957	2269	-
24HR 0-24	-	1548	914	1108	1745	1979	2159	-
								
					1,315987934	1,277598451	1,172732211	


*LOCATION	: ..	........	.......	.......	.......	.......	.......	...............
*SITE NUMB	ER: 11	702219						
*FILE NUMB	ER:	5						
*INTERVAL	:	15 MIN						
*BATTERY	:	6.2 V						
*RESTARTS	:	0						
*CONFIG	:	12						
*CHANNEL	:  2	OF  2						

	THU	FRI	SAT	SUN	MON	TUE	WED	7-DAY
DATE    08	/06/05	6	7	8	9	10	11	AVERAGE

START HOUR								

0	6	9	22	14	5	6	6	10
1	5	8	14	13	3	1	4	7
2	4	5	11	8	0	1	2	4
3	0	0	9	15	0	1	0	4
4	2	1	6	6	1	1	0	2
5	15	10	4	2	12	7	8	8
6	80	51	11	8	72	73	78	53
7	173	165	13	14	151	146	162	118
8	213	190	23	11	207	112	198	136
9	125	118	27	31	122	32	95	79
10	51	75	44	42	41	16	53	46
11	58	58	81	60	38	29	44	53
12	57	56	87	80	40	24	49	56
13	71	65	71	101	44	20	36	58
14	68	82	87	93	36	27	42	62
15	173	146	61	77	105	97	93	107
16	212	205	62	66	180	105	163	142
17	205	155	66	57	171	103	149	129
18	144	102	58	58	115	83	98	94
19	133	76	43	50	66	51	57	68
20	111	62	31	55	50	38	52	57
21	58	42	30	49	48	34	40	43
22	43	30	28	20	21	23	13	25
23	23	20	24	7	10	10	15	16

TOTALS								

12HR 7-19	1550	1417	680	690	1250	794	1182	1080
16HR 6-22	1932	1648	795	852	1486	990	1409	1302
18HR 6-24	1998	1698	847	879	1517	1023	1437	1343
24HR 0-24	2030	1731	913	937	1538	1040	1457	1378
								



*LOCATION	: ..	........	.......	.......	.......	.......	.......	...............
*SITE NUMB	ER: 11	702219						
*FILE NUMB	ER:	5						
*INTERVAL	:	15 MIN						
*BATTERY	:	6.2 V						
*RESTARTS	:	0						
*CONFIG	:	12						
*CHANNEL	:  2	OF  2						

	THU	FRI	SAT	SUN	MON	TUE	WED	7-DAY
DATE    08	/06/12	13	14	15	16	17	18	AVERAGE

START HOUR								

0	5	8	15	2	5	15	7	8
1	2	4	9	6	2	2	4	4
2	2	2	4	2	0	2	1	2
3	0	0	2	0	0	1	0	0
4	1	2	4	2	2	0	0	2
5	8	9	9	1	10	13	7	8
6	50	54	11	7	63	64	30	40
7	126	146	9	6	177	117	65	92
8	161	158	10	5	215	155	66	110
9	75	76	28	22	109	77	49	62
10	49	46	27	35	49	49	25	40
11	41	48	28	44	53	33	18	38
12	36	57	60	51	52	41	26	46
13	42	53	72	54	45	43	35	49
14	48	53	61	65	73	50	32	55
15	107	126	64	74	121	63	67	89
16	143	178	37	54	199	103	94	115
17	149	136	46	85	201	82	93	113
18	106	88	31	67	153	69	78	85
19	88	71	16	53	145	37	63	68
20	56	47	14	40	93	52	53	51
21	55	36	7	38	55	34	43	38
22	16	18	5	17	49	18	18	20
23	16	11	3	9	25	10	13	12

TOTALS								

12HR 7-19	1083	1165	473	562	1447	882	648	894
16HR 6-22	1332	1373	521	700	1803	1069	837	1091
18HR 6-24	1364	1402	529	726	1877	1097	868	1123
24HR 0-24	1382	1427	572	739	1896	1130	887	1148
								



*LOCATION	: ..	........	.......	.......	.......	.......	.......	...............
*SITE NUMB	ER: 11	702219						
*FILE NUMB	ER:	5						
*INTERVAL	:	15 MIN						
*BATTERY	:	6.2 V						
*RESTARTS	:	0						
*CONFIG	:	12						
*CHANNEL	:  2	OF  2						

	THU	FRI	SAT	SUN	MON	TUE	WED	7-DAY
DATE    08	/06/19	20	21	22	23	24	25	AVERAGE

START HOUR								

0	6	14	5	7	1	-	-	-
1	8	3	4	0	1	-	-	-
2	0	2	5	2	0	-	-	-
3	1	1	2	3	2	-	-	-
4	1	5	1	0	1	-	-	-
5	9	7	1	1	10	-	-	-
6	41	4	1	9	55	-	-	-
7	127	9	8	8	117	-	-	-
8	162	11	4	7	161	-	-	-
9	82	14	17	19	94	-	-	-
10	49	21	18	31	48	-	-	-
11	50	19	24	51	42	-	-	-
12	37	17	43	57	19	-	-	-
13	84	21	55	48	16	-	-	-
14	88	26	38	49	29	-	-	-
15	143	26	56	63	-	-	-	-
16	127	14	34	52	-	-	-	-
17	84	20	28	45	-	-	-	-
18	70	19	28	60	-	-	-	-
19	53	9	33	48	-	-	-	-
20	47	12	24	37	-	-	-	-
21	23	8	26	29	-	-	-	-
22	17	2	16	12	-	-	-	-
23	15	2	6	7	-	-	-	-

TOTALS					596			

12HR 7-19	1103	217	3	
	1324	286	477	645
