 
 
 
*LOCATION   : ............................................................
*SITE NUMBER: 10803220
*FILE NUMBER:        1
*INTERVAL   :   15 MIN
*BATTERY    :    6.3 V
*RESTARTS   :        0
*CONFIG     :       12
*CHANNEL    :  1 OF  2
 
             THU    FRI    SAT    SUN    MON    TUE    WED    7-DAY
DATE    06/08/10     11     12     13     14     15     16   AVERAGE
 
START HOUR
 
    0          -     15     25     16      7      9     10       -
    1          -     10     25     13      4      6      8       -
    2          -      6      9     10      3      3      3       -
    3          -      4     13     18      5      0      1       -
    4          -      3      9      5      2      4      0       -
    5          -     11      4      7     13     15     19       -
    6          -     62     15     10     55     58     72       -
    7          -    137     31     25    137    155    168       -
    8          -    186     37     32    250    237    249       -
    9          -    179     44     49    151    155    145       -
   10          -     74     64     48     72     81     91       -
   11          -     93     87     68     77     65     95       -
   12          -     92    107     69     68     57     87       -
   13          -    122    160    103     77     37    102       -
   14          -    145    161     99     91     58    137       -
   15        168    180    136    116    161    131    192     155
   16        285    257    140     86    258    200    299     218
   17        233    194     88     83    229    206    264     185
   18        164    135    123     67    195    161    199     149
   19        162    136     73     82    147    143    111     122
   20        104     96     62     71    114    127     96      96
   21         73     73     30     60     94     64     77      67
   22         77     56     33     27     51     41     31      45
   23         34     35     17     14     26     21     15      23
 
TOTALS
 
12HR 7-19      -   1794   1178    845   1766   1543   2028       -
16HR 6-22      -   2161   1358   1068   2176   1935   2384       -
18HR 6-24      -   2252   1408   1109   2253   1997   2430       -
24HR 0-24      -   2301   1493   1178   2287   2034   2471       -

 
 
 
 
























*LOCATION   : ............................................................
*SITE NUMBER: 10803220
*FILE NUMBER:        1
*INTERVAL   :   15 MIN
*BATTERY    :    6.3 V
*RESTARTS   :        0
*CONFIG     :       12
*CHANNEL    :  1 OF  2
 
             THU    FRI    SAT    SUN    MON    TUE    WED    7-DAY
DATE    06/08/17     18     19     20     21     22     23   AVERAGE
 
START HOUR
 
    0         14     15     43     22      9      7     11      17
    1          6     12     14     12      2      3      3       7
    2          7      8     10     12      2      2      1       6
    3          5      3     12     16      5      3      2       7
    4          1      7      7      6      3      2      4       4
    5         15      8     11      5     16     18     10      12
    6         60     51     16     13     71     67     63      49
    7        139    142     14     16    192    158    162     118
    8        200    222     27     16    255    202    248     167
    9        120    114     56     43    155    128    145     109
   10         74     82     51     57     74     67     72      68
   11         59     83    105    126     93     68     66      86
   12         62     91    128    104     70     65     87      87
   13         70    117    146    141    108     69     85     105
   14        111    121    152    154    108     64    104     116
   15        155    182    141    134    160    122    157     150
   16        263    199    119    125    264    208    267     206
   17        226    128    128    145    236    222    257     192
   18        173    115    126    117    140    213    169     150
   19        141     86     85    107    129    147    177     125
   20         98     61     63     75     99     95    115      87
   21         58     81     37     62     74     63     84      66
   22         47     41     27     26     32     26     43      35
   23         23     14     30     13     15     14     19      18
 
TOTALS
 
12HR 7-19   1652   1596   1193   1178   1855   1586   1819    1554
16HR 6-22   2009   1875   1394   1435   2228   1958   2258    1880
18HR 6-24   2079   1930   1451   1474   2275   1998   2320    1932
24HR 0-24   2127   1983   1548   1547   2312   2033   2351    1986

 
 
 


















 
*LOCATION   : ............................................................
*SITE NUMBER: 10803220
*FILE NUMBER:        1
*INTERVAL   :   15 MIN
*BATTERY    :    6.3 V
*RESTARTS   :        0
*CONFIG     :       12
*CHANNEL    :  1 OF  2
 
             THU    FRI    SAT    SUN    MON    TUE    WED    7-DAY
DATE    06/08/24     25     26     27     28     29     30   AVERAGE
 
START HOUR
 
    0          9     50     19      8      6      3      3      14
    1          7     34     15      7      4      0      2      10
    2          4      9      9     11      4      0      2       6
    3          4     18      8     10      1      1      0       6
    4          5      6      5     12      3      3      4       5
    5         14     14      8      7     13     10     13      11
    6         67     51      7      8     49     58      9      36
    7        181    127     14     12    132    140      0      87
    8        203    187     34     27    226    239      0     131
    9        131    124     65     30    122    125      0      85
   10         75     76     75     48     53     85      0      59
   11         84     78     73     68     77     69      0      64
   12         89     95    113     64     71     68     33      76
   13         90     85    103     84     74     82    142      94
   14         94    113    109    101     92     94    190     113
   15        153    154    119     94    113    140    217     141
   16        236    210    109    100    220    244    341     209
   17        215    157     88    126    159    201    285     176
   18        169    121     68    115    130    199    240     149
   19        211     77     64     99     97    131    154     119
   20        142     62     50     66     82    117    172      99
   21        172     48     39     46     61     61     85      73
   22        164     27     21     26     28     25     35      47
   23         92     28     15      9     10     12     45      30
 
TOTALS
 
12HR 7-19   1720   1527    970    869   1469   1686   1448    1384
16HR 6-22   2312   1765   1130   1088   1758   2053   1868    1711
18HR 6-24   2568   1820   1166   1123   1796   2090   1948    1787
24HR 0-24   2611   1951   1230   1178   1827   2107   1972    1839

 
 
 
 







*LOCATION   : ............................................................
*SITE NUMBER: 10803220
*FILE NUMBER:        1
*INTERVAL   :   15 MIN
*BATTERY    :    6.3 V
*RESTARTS   :        0
*CONFIG     :       12
*CHANNEL    :  1 OF  2
 
             THU    FRI    SAT    SUN    MON    TUE    WED    7-DAY
DATE    06/08/31     01     02     03     04     05     06   AVERAGE
 
START HOUR
 
    0         22      0      0      0      0      -      -       -
    1          4      0      0      0      0      -      -       -
    2          4      0      0      0      0      -      -       -
    3          3      0      0      0      0      -      -       -
    4         12      0      0      0      0      -      -       -
    5         11      0      0      0      0      -      -       -
    6         29      0      0      0      0      -      -       -
    7          0      0      0      0      0      -      -       -
    8          0      0      0      0      0      -      -       -
    9          0      0      0      0      -      -      -       -
   10          0      0      0      0      -      -      -       -
   11          0      0      0      0      -      -      -       -
   12          0      0      0      0      -      -      -       -
   13          0      0      0      0      -      -      -       -
   14          0      0      0      0      -      -      -       -
   15          0      0      0      0      -      -      -       -
   16          0      0      0      0      -      -      -       -
   17          0      0      0      0      -      -      -       -
   18          0      0      0      0      -      -      -       -
   19          0      0      0      0      -      -      -       -
   20          0      0      0      0      -      -      -       -
   21          0      0      0      0      -      -      -       -
   22          0      0      0      0      -      -      -       -
   23          0      0      0      0      -      -      -       -
 
TOTALS
 
12HR 7-19      0      0      0      0      -      -      -       -
16HR 6-22     29      0      0      0      -      -      -       -
18HR 6-24     29      0      0      0      -      -      -       -
24HR 0-24     85      0      0      0      -      -      -       -

 
 

