 
 
 
*LOCATION   : ............................................................
*SITE NUMBER: 11603211
*FILE NUMBER:        2
*INTERVAL   :   15 MIN
*BATTERY    :    6.2 V
*RESTARTS   :        0
*CONFIG     :       12
*CHANNEL    :  1 OF  2
 
             WED    THU    FRI    SAT    SUN    MON    TUE    7-DAY
DATE    06/08/09     10     11     12     13     14     15   AVERAGE
 
START HOUR
 
    0          -      4      5      7      7      3      1       -
    1          -      3      5      4      3      1      3       -
    2          -      4      0      7      2      0      2       -
    3          -      1      1      2      6      2      0       -
    4          -      2      2      2      1      2      2       -
    5          -     20     18      8      1     18     20       -
    6          -     44     43      8      6     48     43       -
    7          -     97     89      5      8     88     92       -
    8          -     87     73     26      8     98    103       -
    9          -     66     53     67     17     53     92       -
   10          -     66     67     97     31     62     69       -
   11          -     77     97    100     55     72     65       -
   12          -     69     82    116    102     69     63       -
   13          -     94     88     92     96     80     56       -
   14        108    124    131     74     78    102     59      97
   15        131    112    157     70     68    131    100     110
   16        180    170    131     83     53    160    157     133
   17        125    138    103     89     76    136    120     112
   18        102    129     81     49     81    136    108      98
   19         73    117     76     21     79    107     97      81
   20         48     76     57     35     48     79     79      60
   21         38     42     37     17     20     37     24      31
   22         27     16     18     18     10     10      8      15
   23         10      5     21      4      5      4      7       8
 
TOTALS
 
12HR 7-19      -   1229   1152    868    673   1187   1084       -
16HR 6-22      -   1508   1365    949    826   1458   1327       -
18HR 6-24      -   1529   1404    971    841   1472   1342       -
24HR 0-24      -   1563   1435   1001    861   1498   1370       -

 
 
 



















 
*LOCATION   : ............................................................
*SITE NUMBER: 11603211
*FILE NUMBER:        2
*INTERVAL   :   15 MIN
*BATTERY    :    6.2 V
*RESTARTS   :        0
*CONFIG     :       12
*CHANNEL    :  1 OF  2
 
             WED    THU    FRI    SAT    SUN    MON    TUE    7-DAY
DATE    06/08/16     17     18     19     20     21     22   AVERAGE
 
START HOUR
 
    0          3      2      2      8      5      1      3       3
    1          1      3      1      1      2      1      1       1
    2          5      3      1      2      4      1      1       2
    3          0      3      2      0      1      1      1       1
    4          1      2      3      0      1      3      2       2
    5         19     18     21      5      3     17     20      15
    6         39     35     33     11     12     51     47      33
    7        119    258     91     13      5    117    108     102
    8        103     88     85     25     14    111     93      74
    9         63     76     64     53     18     59     58      56
   10         65     56     70     75     42     73     68      64
   11         75     57     68     98     64     76     90      75
   12         95     79     81     99     97     76     71      85
   13        109     67     98    114     92     85     59      89
   14        116    111    113    132     86    101     94     108
   15        144    137    174     95    103    136    136     132
   16        155    122    104     88     87    173    153     126
   17        128    120     95     99     78    125    108     108
   18         81    102     66     47     84    107    100      84
   19         81    100     72     28     72     96     98      78
   20         39     63     45     23     53     67     56      49
   21         45     34     21     15     19     29     27      27
   22         14     15     13      8     10      8      8      11
   23          2      6      8      5      2      9      3       5
 
TOTALS
 
12HR 7-19   1253   1273   1109    938    770   1239   1138    1103
16HR 6-22   1457   1505   1280   1015    926   1482   1366    1290
18HR 6-24   1473   1526   1301   1028    938   1499   1377    1306
24HR 0-24   1502   1557   1331   1044    954   1523   1405    1331

 
 
 






















 
*LOCATION   : ............................................................
*SITE NUMBER: 11603211
*FILE NUMBER:        2
*INTERVAL   :   15 MIN
*BATTERY    :    6.2 V
*RESTARTS   :        0
*CONFIG     :       12
*CHANNEL    :  1 OF  2
 
             WED    THU    FRI    SAT    SUN    MON    TUE    7-DAY
DATE    06/08/23     24     25     26     27     28     29   AVERAGE
 
START HOUR
 
    0          2      4      1      3      3      3      1       2
    1          1      1      3      1      5      1      4       2
    2          3      4      1      1      3      1      2       2
    3          0      1      5      4      1      0      0       2
    4          0      0      1      1      1      1      3       1
    5         23     28     16      3      2     21     18      16
    6         48     61     46      5      5     45     41      36
    7        114    123     98     11      7     91     93      77
    8        110    116     88     24      8     83     92      74
    9         46     81     64     40     20     50     57      51
   10         60     72     86     82     24     51     51      61
   11         61     75     89    111     67     67     67      77
   12         65     65     81    104     50     78     52      71
   13         82     87    108    113     54     81     74      86
   14        100    119     94     94     90     87     89      96
   15        138    110    110     98     74    128    140     114
   16        146    146    132     67     99    138    124     122
   17        141    119     86     59     83     92    103      98
   18        135    101     70     33     83     94     88      86
   19         95     60     83     28     51     71    109      71
   20         78     34     47     23     45     49     74      50
   21         38     16     24     20     18     21     24      23
   22         11     11      9      7      9      8      9       9
   23          2      6      6     10      8      7     11       7
 
TOTALS
 
12HR 7-19   1198   1214   1106    836    659   1040   1030    1012
16HR 6-22   1457   1385   1306    912    778   1226   1278    1192
18HR 6-24   1470   1402   1321    929    795   1241   1298    1208
24HR 0-24   1499   1440   1348    942    810   1268   1326    1233

 
 
 
 
*LOCATION   : ............................................................
*SITE NUMBER: 11603211
*FILE NUMBER:        2
*INTERVAL   :   15 MIN
*BATTERY    :    6.2 V
*RESTARTS   :        0
*CONFIG     :       12
*CHANNEL    :  1 OF  2
 
             WED    THU    FRI    SAT    SUN    MON    TUE    7-DAY
DATE    06/08/30     31     01     02     03     04     05   AVERAGE
 
START HOUR
 
    0          3      2      1      6      6      0      3       3
    1          3      3      0      1      3      0      0       1
    2          1      5      2      2      2      0      3       2
    3          0      0      1      2      2      0      2       1
    4          1      0      6      3      2      1      2       2
    5         15     16     17      6      1     16     24      14
    6         48     46     38      8      5     33     48      32
    7        118     92     91     11      4     67     78      66
    8        111     79     98     29      5     82     91      71
    9         71     53     77     55      5     46     65      53
   10         62     47     84     86     15     58     74      61
   11         71     54     83     94     21     46     50      60
   12         86     61     87     87     36     53     59      67
   13         76     66     89     85     36     66     43      66
   14        114     89    101    109     45     87     76      89
   15        136    104    153     87     42     91    103     102
   16        148    140    132     95     48    128    136     118
   17        153     88    112     97     46     89    111      99
   18         97     61     87     48     42    110    114      80
   19         82     54     77     19     40     96     82      64
   20         76     37     67     10     29     63     49      47
   21         32     22     23     16     10     37     17      22
   22          7      8     10      8      6      6      8       8
   23          4      1      7      8      0      6      5       4
 
TOTALS
 
12HR 7-19   1243    934   1194    883    345    923   1000     932
16HR 6-22   1481   1093   1399    936    429   1152   1196    1098
18HR 6-24   1492   1102   1416    952    435   1164   1209    1110
24HR 0-24   1515   1128   1443    972    451   1181   1243    1133

 
 
 
























 
*LOCATION   : ............................................................
*SITE NUMBER: 11603211
*FILE NUMBER:        2
*INTERVAL   :   15 MIN
*BATTERY    :    6.2 V
*RESTARTS   :        0
*CONFIG     :       12
*CHANNEL    :  1 OF  2
 
             WED    THU    FRI    SAT    SUN    MON    TUE    7-DAY
DATE    06/09/06     07     08     09     10     11     12   AVERAGE
 
START HOUR
 
    0          2      -      -      -      -      -      -       -
    1          1      -      -      -      -      -      -       -
    2          1      -      -      -      -      -      -       -
    3          0      -      -      -      -      -      -       -
    4          2      -      -      -      -      -      -       -
    5         15      -      -      -      -      -      -       -
    6         44      -      -      -      -      -      -       -
    7         81      -      -      -      -      -      -       -
    8         80      -      -      -      -      -      -       -
    9         66      -      -      -      -      -      -       -
   10         56      -      -      -      -      -      -       -
   11         64      -      -      -      -      -      -       -
   12         63      -      -      -      -      -      -       -
   13         69      -      -      -      -      -      -       -
   14          -      -      -      -      -      -      -       -
   15          -      -      -      -      -      -      -       -
   16          -      -      -      -      -      -      -       -
   17          -      -      -      -      -      -      -       -
   18          -      -      -      -      -      -      -       -
   19          -      -      -      -      -      -      -       -
   20          -      -      -      -      -      -      -       -
   21          -      -      -      -      -      -      -       -
   22          -      -      -      -      -      -      -       -
   23          -      -      -      -      -      -      -       -
 
TOTALS
 
12HR 7-19      -      -      -      -      -      -      -       -
16HR 6-22      -      -      -      -      -      -      -       -
18HR 6-24      -      -      -      -      -      -      -       -
24HR 0-24      -      -      -      -      -      -      -       -

 
 
