*LOCATION	: ..	........	.......	.......	.......	.......	.......	...............
*SITE NUMB	ER: 11	703109						
*FILE NUMB	ER:	9						
*INTERVAL	:	15 MIN						
*BATTERY	:	6.5 V						
*RESTARTS	:	0						
*CONFIG	:	12						
*CHANNEL	:  1	OF  2						

	TUE	WED	THU	FRI	SAT	SUN	MON	7-DAY
DATE    06	/08/01	2	3	4	5	6	7	AVERAGE

START HOUR								

0	-	20	22	15	31	34	18	-
1	-	13	13	8	25	26	8	-
2	-	5	9	4	15	10	9	-
3	-	3	8	5	20	21	2	-
4	-	5	6	7	11	15	9	-
5	-	22	18	25	10	12	27	-
6	-	90	96	89	22	10	96	-
7	-	205	185	171	50	27	228	-
8	-	291	277	256	44	41	340	-
9	-	196	168	166	82	57	194	-
10	131	153	127	126	131	105	140	130
11	173	170	122	158	172	155	173	160
12	147	168	126	161	193	217	189	172
13	179	185	119	188	255	267	221	202
14	210	205	136	236	223	262	256	218
15	277	289	173	319	233	180	321	256
16	398	435	285	340	217	191	450	331
17	314	331	224	265	151	205	365	265
18	231	259	172	186	153	173	306	211
19	210	197	124	144	134	130	215	146
20	181	170	122	122	103	110	70	110
21	115	134	87	86	80	61	60	542
22	61	75	46	61	60	36	45	105
23	35	47	27	41	37	29	32	35

TOTALS								

12HR 7-19	-	2887	2114	2572	1904	1880	3183	-
16HR 6-22	-	3478	2543	3013	5477	1951	3564	-
18HR 6-24	-	3600	2616	3115	5924	2016	3641	-
24HR 0-24	2662	3668	2692	3179	2452	2374	3774	-
								



*LOCATION	: ..	........	.......	.......	.......	.......	.......	...............
*SITE NUMB	ER: 11	703109						
*FILE NUMB	ER:	9						
*INTERVAL	:	15 MIN						
*BATTERY	:	6.5 V						
*RESTARTS	:	0						
*CONFIG	:	12						
*CHANNEL	:  1	OF  2						

	TUE	WED	THU	FRI	SAT	SUN	MON	7-DAY
DATE    06	/08/08	9	10	11	12	13	14	AVERAGE

START HOUR											

0	26	21	28	28	26	24	13	24			0,8
1	8	12	14	17	28	22	13	16			0,5
2	6	2	8	5	15	15	4	8			0,3
3	2	2	7	4	12	11	4	6			0,3
4	5	7	4	7	12	13	6	8			0,2
5	24	25	20	23	7	8	26	19			0,7
6	107	129	312	103	30	12	99	113			3,6
7	245	139	670	219	36	25	226	223			6,9
8	372	0	15	826	51	39	353	237			10,3
9	201	0	0	196	71	69	201	105			6,2
10	143	0	0	0	0	32	121	42			4,7
11	140	0	0	0	0	0	0	20			4,5
12	153	0	0	0	0	0	0	22			4,7
13	109	0	0	0	0	0	0	16			4,4
14	0	0	0	0	0	0	0	0			5,1
15	0	0	0	0	0	0	0	0			6,4
16	0	0	0	0	0	0	0	0			10,6
17	0	0	0	0	0	0	0	0			8,3
18	0	0	0	0	0	0	0	0			6,4
19	0	0	0	0	0	0	0	0			4,6
20	0	0	0	0	0	0	0	0			4,5
21	0	0	2	3	11	19	20	8			3,2
22	65	58	71	42	59	36	52	55			1,7
23	30	36	41	53	34	22	28	35			1,0

TOTALS											

12HR 7-19	1363	139	685	1241	158	165	901	665			
16HR 6-22	1470	268	999	1347	199	196	1020	786			
18HR 6-24	1565	362	1111	1442	292	254	1100	875			
24HR 0-24	1636	431	1192	1526	392	347	1166	956
								



*LOCATION	: ..	........	.......	.......	.......	.......	.......	...............
*SITE NUMB	ER: 11	703109						
*FILE NUMB	ER:	9						
*INTERVAL	:	15 MIN						
*BATTERY	:	6.5 V						
*RESTARTS	:	0						
*CONFIG	:	12						
*CHANNEL	:  1	OF  2						

	TUE	WED	THU	FRI	SAT	SUN	MON	7-DAY
DATE    06	/08/15	16	17	18	19	20	21	AVERAGE

START HOUR								

0	10	23	19	27	108	30	16	33
1	11	11	15	10	32	32	4	16
2	0	6	7	5	15	12	4	7
3	2	3	8	5	15	16	1	7
4	3	4	9	6	8	9	3	6
5	19	25	26	26	10	12	24	20
6	94	99	97	113	33	14	114	81
7	247	276	233	236	35	24	267	188
8	337	390	372	365	60	52	349	275
9	194	214	198	207	112	83	162	167
10	125	154	125	177	125	120	132	137
11	126	155	133	181	200	185	175	165
12	0	192	0	197	236	247	184	151
13	0	70	5924	218	301	577	68	1023
14	0	0	5845	216	311	290	0	952
15	0	0	4332	350	298	230	0	744
16	0	0	8739	374	223	288	0	1375
17	0	0	2124	259	201	281	0	409
18	0	0	552	171	123	243	0	156
19	0	0	3698	117	150	142	0	587
20	0	0	458	121	95	132	0	115
21	24	42	249	95	82	86	58	91
22	53	68	75	93	53	39	39	60
23	39	42	41	73	40	27	26	41

TOTALS								

12HR 7-19	1029	1451	28577	2951	2225	2620	1337	5741
16HR 6-22	1147	1592	33079	3397	2585	2994	1509	6615
18HR 6-24	1239	1702	33195	3563	2678	3060	1574	6716
24HR 0-24	1284	1774	33279	3642	2866	3171	1626	6806
								



*LOCATION	: ..	........	.......	.......	.......	.......	.......	...............
*SITE NUMB	ER: 11	703109						
*FILE NUMB	ER:	9						
*INTERVAL	:	15 MIN						
*BATTERY	:	6.5 V						
*RESTARTS	:	0						
*CONFIG	:	12						
*CHANNEL	:  1	OF  2						

	TUE	WED	THU	FRI	SAT	SUN	MON	7-DAY
DATE    06	/08/22	23	24	25	26	27	28	AVERAGE

START HOUR								

0	11	14	17	40	36	29	18	24
1	6	15	18	26	25	25	6	17
2	3	3	5	15	20	19	1	9
3	3	3	3	11	15	16	0	7
4	3	2	4	9	11	14	8	7
5	24	22	21	25	14	6	17	18
6	104	103	96	105	20	15	88	76
7	271	274	276	236	41	27	213	191
8	329	361	369	318	65	36	363	263
9	186	191	194	196	99	77	173	159
10	137	109	154	132	139	118	126	131
11	135	223	0	159	179	937	112	249
12	132	158	0	152	90	0	127	94
13	148	157	0	182	0	0	128	88
14	174	228	0	229	0	0	167	114
15	2118	309	0	297	0	0	213	420
16	156	454	0	616	0	0	349	225
17	0	402	0	0	0	0	324	104
18	0	324	0	0	0	0	200	468
19	0	277	0	0	0	0	150	104
20	0	212	0	0	0	0	90	215
21	90	139	100	67	57	59	75	84
22	51	53	85	53	45	33	51	53
23	30	33	45	40	36	28	14	32

TOTALS								

12HR 7-19	3786	3190	993	2517	613	1195	5244	2505
16HR 6-22	3980	3921	1189	2689	690	1269	7151	2984
18HR 6-24	4061	4007	1319	2782	771	1330	7216	3069
24HR 0-24	4111	4066	1387	2908	892	1439	3013	3153
								



*LOCATION	: ..	........	.......	.......	.......	.......	.......	...............
*SITE NUMB	ER: 11	703109						
*FILE NUMB	ER:	9						
*INTERVAL	:	15 MIN						
*BATTERY	:	6.5 V						
*RESTARTS	:	0						
*CONFIG	:	12						
*CHANNEL	:  1	OF  2						

	TUE	WED	THU	FRI	SAT	SUN	MON	7-DAY
DATE    06	/08/29	30	31	1	2	3	4	AVERAGE

START HOUR								

0	13	23	16	15	-	-	-	-
1	11	10	4	12	-	-	-	-
2	0	1	9	2	-	-	-	-
3	4	8	1	0	-	-	-	-
4	3	10	8	9	-	-	-	-
5	25	24	16	15	-	-	-	-
6	92	96	88	96	-	-	-	-
7	285	280	245	222	-	-	-	-
8	351	388	307	279	-	-	-	-
9	182	203	164	184	-	-	-	-
10	142	121	126	131	-	-	-	-
11	112	140	140	111	-	-	-	-
12	124	303	303	122	-	-	-	-
13	138	57	57	137	-	-	-	-
14	168	160	160	211	-	-	-	-
15	243	243	243	-	-	-	-	-
16	350	350	350	-	-	-	-	-
17	296	296	259	-	-	-	-	-
18	267	267	250	-	-	-	-	-
19	231	231	309	-	-	-	-	-
20	194	10	100	-	-	-	-	-
21	94	87	66	-	-	-	-	-
22	68	54	36	-	-	-	-	-
23	35	31	21	-	-	-	-	-
				1546				
TOTALS								

12HR 7-19	2658	1492	2956	-	-	-	-	-
16HR 6-22	3269	1685	3990	-	-	-	-	-
18HR 6-24	3372	1770	4047	-	-	-	-	-
24HR 0-24	3428	3393	3278	-	-	-	-	-
								



*LOCATION	: ..	........	.......	.......	.......	.......	.......	...............
*SITE NUMB	ER: 11	703109						
*FILE NUMB	ER:	9						
*INTERVAL	:	15 MIN						
*BATTERY	:	6.5 V						
*RESTARTS	:	0						
*CONFIG	:	12						
*CHANNEL	:  2	OF  2						

	TUE	WED	THU	FRI	SAT	SUN	MON	7-DAY
DATE    06	/08/01	2	3	4	5	6	7	AVERAGE

START HOUR								

0	-	13	12	3	13	11	7	-
1	-	4	8	3	14	14	6	-
2	-	1	3	2	5	11	2	-
3	-	2	3	3	8	21	1	-
4	-	1	1	4	4	11	1	-
5	-	6	8	8	3	4	9	-
6	-	59	57	44	11	9	70	-
7	-	155	124	135	18	18	188	-
8	-	196	188	154	33	23	226	-
9	-	109	86	86	40	30	120	-
10	66	63	45	53	56	51	54	55
11	71	72	46	63	84	90	70	71
12	68	94	48	67	100	114	72	80
13	60	69	44	96	86	139	62	79
14	88	75	48	115	91	91	73	83
15	153	129	101	148	75	79	161	121
16	224	211	141	169	79	74	247	164
17	201	184	141	135	68	70	220	150
18	113	149	102	79	82	80	155	109
19	101	133	55	74	47	75	131	178
20	94	91	68	68	33	70	41	360
21	65	73	44	48	28	66	0	74
22	42	53	21	34	20	16	28	538
23	13	13	11	22	14	11	15	14

TOTALS	1359							

12HR 7-19	-	1506	1114	1300	812	889	1648	-
16HR 6-22	-	1862	1338	1534	1127	3794	1890	-
18HR 6-24	-	1928	1370	1590	4713	3821	1933	-
24HR 0-24	-	1955	1405	1613	1012	1178	1959	-
								



*LOCATION	: ..	........	.......	.......	.......	.......	.......	...............
*SITE NUMB	ER: 11	703109						
*FILE NUMB	ER:	9						
*INTERVAL	:	15 MIN						
*BATTERY	:	6.5 V						
*RESTARTS	:	0						
*CONFIG	:	12						
*CHANNEL	:  2	OF  2						

	TUE	WED	THU	FRI	SAT	SUN	MON	7-DAY
DATE    06	/08/08	9	10	11	12	13	14	AVERAGE

START HOUR								

0	9	8	18	9	13	10	3	10
1	7	4	4	7	9	3	5	6
2	5	2	4	4	6	15	2	5
3	1	0	4	2	6	4	0	2
4	2	6	4	3	11	4	1	4
5	11	9	7	10	4	2	10	8
6	76	66	133	45	14	7	67	58
7	204	102	491	186	9	14	181	170
8	242	0	66	701	38	14	245	187
9	117	0	0	271	26	23	111	78
10	63	0	0	0	4	11	47	18
11	58	0	0	0	0	0	0	8
12	63	0	0	0	0	0	0	9
13	47	0	0	0	0	0	0	7
14	0	0	0	0	0	0	0	0
15	0	0	0	0	0	0	0	0
16	0	0	0	0	0	0	0	0
17	0	0	0	0	0	0	0	0
18	0	0	0	0	0	0	0	0
19	0	0	0	0	0	0	0	0
20	0	0	0	0	0	0	0	0
21	0	0	1	1	2	7	8	3
22	34	36	37	25	14	17	27	27
23	13	11	20	16	14	13	8	14

TOTALS								

12HR 7-19	794	102	557	1158	77	62	584	476
16HR 6-22	870	168	691	1204	93	76	659	537
18HR 6-24	917	215	748	1245	121	106	694	578
24HR 0-24	952	244	789	1280	170	144	715	613
								



*LOCATION	: ..	........	.......	.......	.......	.......	.......	...............
*SITE NUMB	ER: 11	703109						
*FILE NUMB	ER:	9						
*INTERVAL	:	15 MIN						
*BATTERY	:	6.5 V						
*RESTARTS	:	0						
*CONFIG	:	12						
*CHANNEL	:  2	OF  2						

	TUE	WED	THU	FRI	SAT	SUN	MON	7-DAY
DATE    06	/08/15	16	17	18	19	20	21	AVERAGE

START HOUR								

0	6	1	5	6	20	10	6	8
1	0	1	1	4	12	8	2	4
2	1	3	0	6	19	15	1	6
3	0	1	2	2	9	11	2	4
4	0	3	6	3	6	7	1	4
5	8	8	11	8	3	3	15	8
6	64	68	53	51	6	10	80	47
7	172	212	166	189	18	13	203	139
8	241	264	223	231	21	20	254	179
9	116	123	115	89	43	30	89	86
10	46	67	41	63	64	58	51	56
11	44	68	84	67	85	88	52	70
12	0	71	0	77	102	115	51	59
13	0	24	4282	77	106	108	212	687
14	0	0	4867	94	109	116	0	741
15	0	0	4188	163	109	124	0	655
16	0	0	8755	214	334	92	0	1342
17	0	0	8487	113	249	89	0	1277
18	0	0	2520	115	232	85	0	422
19	0	0	4652	64	83	70	0	696
20	0	0	200	50	53	75	0	54
21	9	14	134	61	36	44	37	48
22	24	24	25	32	18	22	31	25
23	10	23	8	11	14	9	12	12

TOTALS								

12HR 7-19	619	829	33728	1492	1472	938	912	5713
16HR 6-22	692	911	38767	1718	1650	1137	1029	6558
18HR 6-24	726	958	38800	1761	1682	1168	1072	6595
24HR 0-24	741	975	38825	1790	1751	1222	1099	6629
								



*LOCATION	: ..	........	.......	.......	.......	.......	.......	...............
*SITE NUMB	ER: 11	703109						
*FILE NUMB	ER:	9						
*INTERVAL	:	15 MIN						
*BATTERY	:	6.5 V						
*RESTARTS	:	0						
*CONFIG	:	12						
*CHANNEL	:  2	OF  2						

	TUE	WED	THU	FRI	SAT	SUN	MON	7-DAY
DATE    06	/08/22	23	24	25	26	27	28	AVERAGE

START HOUR								

0	3	7	7	10	12	17	4	9
1	1	2	6	7	3	9	4	5
2	1	1	2	13	7	8	2	5
3	1	1	0	1	6	8	2	3
4	1	0	1	3	5	5	0	2
5	9	14	11	9	3	3	10	8
6	64	75	67	49	8	5	42	44
7	159	178	175	163	9	9	146	120
8	226	253	208	161	24	25	202	157
9	106	80	109	94	35	35	109	81
10	40	66	69	48	66	61	43	56
11	66	92	0	48	77	259	52	85
12	74	74	0	54	49	0	48	43
13	278	68	0	69	0	0	66	69
14	79	87	0	86	0	0	67	46
15	2909	141	0	132	0	0	140	475
16	76	234	0	633	0	0	205	164
17	0	230	0	0	0	0	214	63
18	0	177	0	0	0	0	150	685
19	0	150	0	0	0	0	80	50
20	0	122	0	0	0	0	50	175
21	63	81	61	38	27	32	49	50
22	30	38	43	29	12	16	19	27
23	19	19	25	15	15	8	10	16

TOTALS								

12HR 7-19	4013	1680	561	1488	260	389	5911	2043
16HR 6-22	4140	2108	689	1575	295	426	7309	2363
18HR 6-24	4189	2165	757	1619	322	450	7338	2406
24HR 0-24	4205	2190	784	1662	358	500	1714	2437
								



*LOCATION	: ..	........	.......	.......	.......	.......	.......	...............
*SITE NUMB	ER: 11	703109						
*FILE NUMB	ER:	9						
*INTERVAL	:	15 MIN						
*BATTERY	:	6.5 V						
*RESTARTS	:	0						
*CONFIG	:	12						
*CHANNEL	:  2	OF  2						

	TUE	WED	THU	FRI	SAT	SUN	MON	7-DAY
DATE    06	/08/29	30	31	1	2	3	4	AVERAGE

START HOUR								

0	3	5	5	10	-	-	-	-
1	5	4	3	3	-	-	-	-
2	0	2	1	4	-	-	-	-
3	1	1	2	0	-	-	-	-
4	2	5	0	1	-	-	-	-
5	12	10	4	4	-	-	-	-
6	48	65	49	49	-	-	-	-
7	187	208	145	151	-	-	-	-
8	200	228	188	161	-	-	-	-
9	87	88	72	72	-	-	-	-
10	39	56	63	41	-	-	-	-
11	39	63	0	51	-	-	-	-
12	53	4616	0	44	-	-	-	-
13	41	71	0	66	-	-	-	-
14	79	0	0	121	-	-	-	-
15	119	0	0	-	-	-	-	-
16	188	0	3	-	-	-	-	-
17	172	0	525	-	-	-	-	-
18	120	0	379	-	-	-	-	-
19	129	0	159	-	-	-	-	-
20	104	7	76	-	-	-	-	-
21	54	57	40	-	-	-	-	-
22	22	20	21	-	-	-	-	-
23	9	8	10	-	-			


	1713	5514	1745	778				
