 
 
 
*LOCATION   : ............................................................
*SITE NUMBER: 11803113
*FILE NUMBER:        3
*INTERVAL   :   15 MIN
*BATTERY    :    6.4 V
*RESTARTS   :        0
*CONFIG     :        0
*CHANNEL    :  1 OF  1
 
             WED    THU    FRI    SAT    SUN    MON    TUE    7-DAY
DATE    06/08/02     03     04     05     06     07     08   AVERAGE
 
START HOUR
 
    0          -      0      6      8      7      8      0       -
    1          -      4      5      4      7      4      1       -
    2          -      2      4      4      1      0      3       -
    3          -      0      1      1      4      1      1       -
    4          -      0      3      4      2      2      1       -
    5          -     12     11      2      1     13     16       -
    6          -     53     48      9      3     67     61       -
    7          -     76     69     16     14    110    108       -
    8          -     59     47     32     29     67     72       -
    9          -     45     50     45     62     38     53       -
   10          -     34     33     94     61     49     51       -
   11         58     50     53     63     90     56     49      60
   12         63     48     66     70     96     74     55      67
   13         68     44     93     91     99     81     62      77
   14         79     52     64     92     98     79     81      78
   15        101     80     82     77     83    121     86      90
   16        144    107    113     70     80    167    142     118
   17        112     81     86     76     94    149    146     106
   18        105     48     74     75    122    101     97      89
   19         89     78     56     60    115    124    101      89
   20         68     50     48     40     76     75     70      61
   21         42     39     42     33     43     47     44      41
   22         23     25     30     10     25     24     22      23
   23          9      7     15     22      9     10      8      11
 
TOTALS
 
12HR 7-19      -    724    830    801    928   1092   1002       -
16HR 6-22      -    944   1024    943   1165   1405   1278       -
18HR 6-24      -    976   1069    975   1199   1439   1308       -
24HR 0-24      -    994   1099    998   1221   1467   1330       -
 
 
 
 
*LOCATION   : ............................................................
*SITE NUMBER: 11803113
*FILE NUMBER:        3
*INTERVAL   :   15 MIN
*BATTERY    :    6.4 V
*RESTARTS   :        0
*CONFIG     :        0
*CHANNEL    :  1 OF  1
 
             WED    THU    FRI    SAT    SUN    MON    TUE    7-DAY
DATE    06/08/09     10     11     12     13     14     15   AVERAGE
 
START HOUR
 
    0          5      1      7      7      1      7      1       4
    1          0      1      1      7      1      6      0       2
    2          5      5      1      2      2      3      2       3
    3          0      3      0      2      2      0      0       1
    4          0      4      2      1      1      4      2       2
    5         12      7     13      2      1     23     14      10
    6         72     68     45     12     10     76     66      50
    7        128    123    103     12     18    122    113      88
    8         64     70     63     22     16     55     77      52
    9         52     47     38     39     52     42     53      46
   10         51     53     45     59     61     48     20      48
   11         61     70     57     51     63     38     39      54
   12         81     70     53     81     79     52     48      66
   13         94     81     68     68    102     64     36      73
   14         80     77    116     84     98     68     34      80
   15        101    117    108     59     59    109     80      90
   16        174    147    130     88     57    132    102     119
   17        138    127    107     77     58     98     98     100
   18         97     99     88     70     84    113     82      90
   19         99     83     67     57     72    102     84      81
   20         51     75     63     47     53     77     63      61
   21         37     49     39     30     39     43     33      39
   22         30     26     25     25     27     14     11      23
   23         12      7      3     12      5      3      3       6
 
TOTALS
 
12HR 7-19   1121   1081    976    710    747    941    782     908
16HR 6-22   1380   1356   1190    856    921   1239   1028    1139
18HR 6-24   1422   1389   1218    893    953   1256   1042    1168
24HR 0-24   1444   1410   1242    914    961   1299   1061    1190
 
 
 
 
*LOCATION   : ............................................................
*SITE NUMBER: 11803113
*FILE NUMBER:        3
*INTERVAL   :   15 MIN
*BATTERY    :    6.4 V
*RESTARTS   :        0
*CONFIG     :        0
*CHANNEL    :  1 OF  1
 
             WED    THU    FRI    SAT    SUN    MON    TUE    7-DAY
DATE    06/08/16     17     18     19     20     21     22   AVERAGE
 
START HOUR
 
    0          0      2      2      8      5      0      1       3
    1          1      1      1      2      3      1      3       2
    2          0      3      2      2      6      1      0       2
    3          0      0      1      4      1      0      0       1
    4          2      2      3      1      4      6      1       3
    5         14     11     10      4      2     12     12       9
    6         62     50     46      4      6     75     62      44
    7        125     98    102     21     10    141    124      89
    8         71     55     65     25     15     83     58      53
    9         44     37     47     38     48     35     43      42
   10         46     18     37     57     91     42     27      45
   11         59     40     48     76     73     45     36      54
   12         59     44     42     65     93     54     47      58
   13         67     46     76     96    115     59     45      72
   14         59     79     82     83    113     77     67      80
   15        118     87    107     92     86     81     90      94
   16        128    116     90     69     90    152    125     110
   17        120    110     73    105     84    105    135     105
   18         82     82     76     84    106    103    106      91
   19         68     84     44     49     87     85     74      70
   20         44     64     38     59     69     68     64      58
   21         35     24     19     36     32     29     36      30
   22         16     13      5     13     24     10     10      13
   23          4      8      4      5      4      6      7       5
 
TOTALS
 
12HR 7-19    978    812    845    811    924    977    903     893
16HR 6-22   1187   1034    992    959   1118   1234   1139    1095
18HR 6-24   1207   1055   1001    977   1146   1250   1156    1113
24HR 0-24   1224   1074   1020    998   1167   1270   1173    1132
 
 
 
 
*LOCATION   : ............................................................
*SITE NUMBER: 11803113
*FILE NUMBER:        3
*INTERVAL   :   15 MIN
*BATTERY    :    6.4 V
*RESTARTS   :        0
*CONFIG     :        0
*CHANNEL    :  1 OF  1
 
             WED    THU    FRI    SAT    SUN    MON    TUE    7-DAY
DATE    06/08/23     24     25     26     27     28     29   AVERAGE
 
START HOUR
 
    0          0      2      5      5      5      3      3       3
    1          1      1      1      5      1      1      0       1
    2          2      0      2      2      2      0      1       1
    3          0      1      0      4      0      1      0       1
    4          2      2      2      3      4      2      1       2
    5         13     10      9      3      1     10      8       8
    6         65     57     52      4     10     54     49      42
    7        111    127    109     19     16     90    102      82
    8         66     73     62     35     19     58     62      54
    9         52     47     45     49     35     51     44      46
   10         40     31     41     64     63     33     46      45
   11         40     45     51     60     63     40     30      47
   12         42     39     53     74     53     30     34      46
   13         53     50     66     71     33     44     54      53
   14         68     77     68     62     75     46     53      64
   15        113     97     67     61     87     88    103      88
   16        123    114     93     34     58    101     98      89
   17        126     83     69     55    121     78    102      91
   18        103     70     64     47    109     73     96      80
   19         75     60     37     32     71     50     71      57
   20         67     47     34     39     44     57     67      51
   21         49     29     25     20     25     21     36      29
   22         11     10     31     10      8      7     11      13
   23          4      2      5      4      2      5      5       4
 
TOTALS
 
12HR 7-19    937    853    788    631    732    732    824     785
16HR 6-22   1193   1046    936    726    882    914   1047     963
18HR 6-24   1208   1058    972    740    892    926   1063     980
24HR 0-24   1226   1074    991    762    905    943   1076     997
 
 
 
 
*LOCATION   : ............................................................
*SITE NUMBER: 11803113
*FILE NUMBER:        3
*INTERVAL   :   15 MIN
*BATTERY    :    6.4 V
*RESTARTS   :        0
*CONFIG     :        0
*CHANNEL    :  1 OF  1
 
             WED    THU    FRI    SAT    SUN    MON    TUE    7-DAY
DATE    06/08/30     31     01     02     03     04     05   AVERAGE
 
START HOUR
 
    0          1      0      3      -      -      -      -       -
    1          1      0      1      -      -      -      -       -
    2          0      0      0      -      -      -      -       -
    3          0      0      1      -      -      -      -       -
    4          0      4      2      -      -      -      -       -
    5         17      8     10      -      -      -      -       -
    6         67     44     41      -      -      -      -       -
    7        113     98    104      -      -      -      -       -
    8         83     58     42      -      -      -      -       -
    9         37     25     35      -      -      -      -       -
   10         35     25     54      -      -      -      -       -
   11         32     36     37      -      -      -      -       -
   12         65     33      -      -      -      -      -       -
   13         52     31      -      -      -      -      -       -
   14         73     41      -      -      -      -      -       -
   15        105     78      -      -      -      -      -       -
   16        142    104      -      -      -      -      -       -
   17        129     73      -      -      -      -      -       -
   18         90     54      -      -      -      -      -       -
   19         67     39      -      -      -      -      -       -
   20         51     23      -      -      -      -      -       -
   21         27     17      -      -      -      -      -       -
   22         10      5      -      -      -      -      -       -
   23          1      3      -      -      -      -      -       -
 
TOTALS
 
12HR 7-19    956    656      -      -      -      -      -       -
16HR 6-22   1168    779      -      -      -      -      -       -
18HR 6-24   1179    787      -      -      -      -      -       -
24HR 0-24   1198    799      -      -      -      -      -       -
 
