 
 
 
*LOCATION   : ............................................................
*SITE NUMBER: 12003116
*FILE NUMBER:        8
*INTERVAL   :   15 MIN
*BATTERY    :    6.0 V
*RESTARTS   :        0
*CONFIG     :        0
*CHANNEL    :  1 OF  1
 
             TUE    WED    THU    FRI    SAT    SUN    MON    7-DAY
DATE    06/08/01     02     03     04     05     06     07   AVERAGE
 
START HOUR
 
    0          -      2      2      3      6      6      1       -
    1          -      0      3      1      2      0      1       -
    2          -      1      4      1      5      2      3       -
    3          -      1      0      0      8      3      1       -
    4          -      3      2      4      1      4      2       -
    5          -      7      6      4      1      1      6       -
    6          -     36     45     48      4      4     60       -
    7          -    147    126    118     15     12    168       -
    8          -    157    144    118     21     16    217       -
    9          -     78     74     70     42     33     91       -
   10          -     71     51     55     66     58     67       -
   11          -     49     43     50     74     83     68       -
   12          -     72     51     54     83     87     61       -
   13          -     84     51     54     73    109     61       -
   14         69    102     54     79     80    104     75      80
   15        145    123     95    130     76     87    149     115
   16        180    192    155    149     61     60    216     145
   17        170    151    135    120     62     77    213     133
   18        116    101    102     78     52     81    114      92
   19        108     90     87     75     52     47    104      80
   20         76     82     55     55     44     68     86      67
   21         49     43     35     22     12     34     62      37
   22         22     26     14     11     15     13     24      18
   23          8      6      7     11     13      6     15       9
 
TOTALS
 
12HR 7-19      -   1327   1081   1075    705    807   1500       -
16HR 6-22      -   1578   1303   1275    817    960   1812       -
18HR 6-24      -   1610   1324   1297    845    979   1851       -
24HR 0-24      -   1624   1341   1310    868    995   1865       -
 
 
 
 
*LOCATION   : ............................................................
*SITE NUMBER: 12003116
*FILE NUMBER:        8
*INTERVAL   :   15 MIN
*BATTERY    :    6.0 V
*RESTARTS   :        0
*CONFIG     :        0
*CHANNEL    :  1 OF  1
 
             TUE    WED    THU    FRI    SAT    SUN    MON    7-DAY
DATE    06/08/08     09     10     11     12     13     14   AVERAGE
 
START HOUR
 
    0          1      1      2      5      3      0      2       2
    1          2      1      4      1      3      0      1       2
    2          2      2      0      0      6      3      0       2
    3          0      2      3      0      1      0      1       1
    4          3      3      3      4      1      4      3       3
    5          9      8     12      3      2      1      9       6
    6         66     63     56     33     10      9     59      42
    7        212    197    180    156     20     12    184     137
    8        218    202    194    150     27      9    201     143
    9        100     86     71     64     40     34     85      69
   10         58     68     59     38     61     30     45      51
   11         59     77     65     57     87     56     74      68
   12         68     90     44     56     83     68     51      66
   13         74     88     58     78     96     76     52      75
   14         81     88     82     90    122     71     46      83
   15        174    135    126    156     89     66    115     123
   16        207    213    206    166    100     71    224     170
   17        178    192    189    113     73     62    170     140
   18        139    156     97    102     63     61    117     105
   19         97    110    113     56     35     55    107      82
   20         79     89     65     47     31     47     72      61
   21         62     41     41     31     25     21     35      37
   22         13     27     28     18      6     10     10      16
   23          8      7      8      6      5      3      4       6
 
TOTALS
 
12HR 7-19   1568   1592   1371   1226    861    616   1364    1228
16HR 6-22   1872   1895   1646   1393    962    748   1637    1450
18HR 6-24   1893   1929   1682   1417    973    761   1651    1472
24HR 0-24   1910   1946   1706   1430    989    769   1667    1488
 
 
 
 
*LOCATION   : ............................................................
*SITE NUMBER: 12003116
*FILE NUMBER:        8
*INTERVAL   :   15 MIN
*BATTERY    :    6.0 V
*RESTARTS   :        0
*CONFIG     :        0
*CHANNEL    :  1 OF  1
 
             TUE    WED    THU    FRI    SAT    SUN    MON    7-DAY
DATE    06/08/15     16     17     18     19     20     21   AVERAGE
 
START HOUR
 
    0          3      2      1      6     14      6      3       5
    1          2      0      4      2      4      4      1       2
    2          2      0      1      3      1      5      0       2
    3          0      0      1      0      1      1      1       1
    4          1      2      2      0      2      3      1       2
    5          9      8      8      8      2      4      7       7
    6         61     65     47     54      4      3     67      43
    7        178    202    170    177     19     15    204     138
    8        190    188    151    164     31     18    209     136
    9         85    101     67     73     59     39     57      69
   10         43     65     40     42     51     54     44      48
   11         60     56     32     40     63     77     42      53
   12         46     59     54     60     73     96     59      64
   13         25     73     46     57     83    103     62      64
   14         45     89     63     84    121     88     74      81
   15        106    153    106    128     78    100    145     117
   16        177    203    187    157     77    106    211     160
   17        155    159    149     97     66     78    167     124
   18        107    156    116     67     82     86    119     105
   19        101     86     96     27     79     59     92      77
   20         74     65     71     59     45     65     69      64
   21         45     67     34     30     31     20     35      37
   22          8     11     21     12      7     10     10      11
   23          2      5     10      5     10      3      5       6
 
TOTALS
 
12HR 7-19   1217   1504   1181   1146    803    860   1393    1158
16HR 6-22   1498   1787   1429   1316    962   1007   1656    1379
18HR 6-24   1508   1803   1460   1333    979   1020   1671    1396
24HR 0-24   1525   1815   1477   1352   1003   1043   1684    1414
 
 
 
 
*LOCATION   : ............................................................
*SITE NUMBER: 12003116
*FILE NUMBER:        8
*INTERVAL   :   15 MIN
*BATTERY    :    6.0 V
*RESTARTS   :        0
*CONFIG     :        0
*CHANNEL    :  1 OF  1
 
             TUE    WED    THU    FRI    SAT    SUN    MON    7-DAY
DATE    06/08/22     23     24     25     26     27     28   AVERAGE
 
START HOUR
 
    0          4      2      5      6      3      3      3       4
    1          1      2      1      8      7      2      2       3
    2          2      2      2      2      0      4      1       2
    3          1      0      1      0      2      2      1       1
    4          0      4      2      6      2      1      2       2
    5          8      8      7     10      4      4      8       7
    6         74     69     71     51      8      5     48      47
    7        174    200    174    151     15     10    172     128
    8        179    189    190    156     30     15    177     134
    9         78     83     80     71     49     25     61      64
   10         39     44     43     38     65     53     56      48
   11         41     36     39     44     64     64     37      46
   12         53     53     54     70     93     36     58      60
   13         37     61     45     80     75     49     52      57
   14         59     52     69     71     81     80     54      67
   15        126    119    130     87     92     72    111     105
   16        180    215    182    145     62     58    171     145
   17        149    164    141    119     54     71    133     119
   18        150    123    115     68     41     69     91      94
   19         92    110     82     40     35     47     85      70
   20         78     78     55     47     33     44     54      56
   21         32     49     40     41     34     21     34      36
   22         11      9     29     22      8      5     12      14
   23          4      4     22      5      4      2      1       6
 
TOTALS
 
12HR 7-19   1265   1339   1262   1100    721    602   1173    1066
16HR 6-22   1541   1645   1510   1279    831    719   1394    1274
18HR 6-24   1556   1658   1561   1306    843    726   1407    1294
24HR 0-24   1572   1676   1579   1338    861    742   1424    1313
 
 
 
 
*LOCATION   : ............................................................
*SITE NUMBER: 12003116
*FILE NUMBER:        8
*INTERVAL   :   15 MIN
*BATTERY    :    6.0 V
*RESTARTS   :        0
*CONFIG     :        0
*CHANNEL    :  1 OF  1
 
             TUE    WED    THU    FRI    SAT    SUN    MON    7-DAY
DATE    06/08/29     30     31     01     02     03     04   AVERAGE
 
START HOUR
 
    0          5      3      1      2      -      -      -       -
    1          1      0      2      0      -      -      -       -
    2          0      2      1      1      -      -      -       -
    3          1      0      0      0      -      -      -       -
    4          1      2      1      4      -      -      -       -
    5          5      7      6      6      -      -      -       -
    6         56     54     41     39      -      -      -       -
    7        194    205    169    165      -      -      -       -
    8        194    191    162    143      -      -      -       -
    9         82     92    113     58      -      -      -       -
   10         35     69     32     36      -      -      -       -
   11         45     58     34     36      -      -      -       -
   12         45     59     45     47      -      -      -       -
   13         51     52     70     47      -      -      -       -
   14         53     71     44      -      -      -      -       -
   15        114    119     91      -      -      -      -       -
   16        189    227    148      -      -      -      -       -
   17        146    160    119      -      -      -      -       -
   18        150    110     85      -      -      -      -       -
   19        123    100     46      -      -      -      -       -
   20         90     66     42      -      -      -      -       -
   21         24     40     18      -      -      -      -       -
   22         16      9      2      -      -      -      -       -
   23          6      8      5      -      -      -      -       -
 
TOTALS
 
12HR 7-19   1298   1413   1112      -      -      -      -       -
16HR 6-22   1591   1673   1259      -      -      -      -       -
18HR 6-24   1613   1690   1266      -      -      -      -       -
24HR 0-24   1626   1704   1277      -      -      -      -       -
 
