 
 
 
*LOCATION   : ............................................................
*SITE NUMBER: 11604901
*FILE NUMBER:        7
*INTERVAL   :   15 MIN
*BATTERY    :    6.3 V
*RESTARTS   :        0
*CONFIG     :        0
*CHANNEL    :  1 OF  1
 
             THU    FRI    SAT    SUN    MON    TUE    WED    7-DAY
DATE    08/12/04     05     06     07     08     09     10   AVERAGE
 
START HOUR
 
    0          -      0      2      1      1      0      1       -
    1          -      0      1      1      2      0      0       -
    2          -      2      1      3      2      2      1       -
    3          -      3      1      1      1      1      1       -
    4          -      0      0      0      1      0      0       -
    5          -      8      1      1      6      8      6       -
    6          -     14      1      2     18     12     14       -
    7          -     25      2      3     31     19     15       -
    8          -     37      3      1     23     24     20       -
    9          -     22      6      3     20     16     15       -
   10          -     26      3      4     23     16      4       -
   11          -     28      5     15     25     27     13       -
   12          -     82     12     32     24     36     19       -
   13          -     69     11     53     36     36     21       -
   14          -     51     11     36     47     38     29       -
   15         51     77     10     27     53     22     21      37
   16         41     63     14     16     31     22     20      30
   17         23     33     12     21     28     21     20      23
   18         26     20      3     12     19     14     15      16
   19         17     21      4      9     28     11     11      14
   20         14     21      3      9     21      7      9      12
   21          5      8      5      4      5      4      3       5
   22          3      3      2      2      5      3      1       3
   23          0      3      1      2      3      1      0       1
 
TOTALS
 
12HR 7-19      -    533     92    223    360    291    212       -
16HR 6-22      -    597    105    247    432    325    249       -
18HR 6-24      -    603    108    251    440    329    250       -
24HR 0-24      -    616    114    258    453    340    259       -
 
 
 
 
*LOCATION   : ............................................................
*SITE NUMBER: 11604901
*FILE NUMBER:        7
*INTERVAL   :   15 MIN
*BATTERY    :    6.3 V
*RESTARTS   :        0
*CONFIG     :        0
*CHANNEL    :  1 OF  1
 
             THU    FRI    SAT    SUN    MON    TUE    WED    7-DAY
DATE    08/12/11     12     13     14     15     16     17   AVERAGE
 
START HOUR
 
    0          0      1      1      1      1      1      0       1
    1          3      1      0      0      0      0      1       1
    2          0      2      2      2      2      3      3       2
    3          1      1      3      3      0      0      2       1
    4          0      0      1      1      2      2      1       1
    5          5      5      3      2      7      6      7       5
    6          7      6      4      8     11     16     18      10
    7         12     17      4      4     28     27     29      17
    8         22     21      7      3     26     32     24      19
    9          7     15     11      3     20     19     14      13
   10          9     11     30      7     23     25     13      17
   11          7     25     31     21     26     26     20      22
   12         17     30     53     43     23     36     35      34
   13         32     31     71     61     54     36     36      46
   14         30     45     38     51     68     37     38      44
   15         42     30     49     34     31     35     39      37
   16         19     31     28     20     43     38     36      31
   17         18     22     18     18     32     36     23      24
   18         20     11      8     13     25     24     18      17
   19         20     14      7      3     23     25     17      16
   20          6      3      3      9     15     11      7       8
   21          3      4      3      6      5      4      5       4
   22          2      6      2      2      5      3      3       3
   23          2      3      1      4      1      1      2       2
 
TOTALS
 
12HR 7-19    235    289    348    278    399    371    325     321
16HR 6-22    271    316    365    304    453    427    372     358
18HR 6-24    275    325    368    310    459    431    377     364
24HR 0-24    284    335    378    319    471    443    391     374
 
 
 
 
*LOCATION   : ............................................................
*SITE NUMBER: 11604901
*FILE NUMBER:        7
*INTERVAL   :   15 MIN
*BATTERY    :    6.3 V
*RESTARTS   :        0
*CONFIG     :        0
*CHANNEL    :  1 OF  1
 
             THU    FRI    SAT    SUN    MON    TUE    WED    7-DAY
DATE    08/12/18     19     20     21     22     23     24   AVERAGE
 
START HOUR
 
    0          0      1      3      2      1      0      0       1
    1          0      1      2      1      0      0      0       1
    2          1      1      3      3      1      2      1       2
    3          1      1      1      1      1      0      1       1
    4          0      0      0      0      1      0      0       0
    5         10      8      2      2      6      6      3       5
    6         16     13      3      2      5      6      2       7
    7         19     28      4      2     15     11      3      12
    8         19     15      6      2     17     24     11      13
    9         22     17     17      4     17     25     18      17
   10         16     26     26      8     40     22     17      22
   11         13     32     25     11     28     26     24      23
   12         31     48     39     47     55     30     28      40
   13         63     67     69     51     54     36     15      51
   14         41     74     42     36     58     33     13      42
   15         39     40     39     27     34     26      4      30
   16         27     34     19     11     32     25      7      22
   17         27     21     10     16     32     20      2      18
   18         26     17      8     14     17      8      2      13
   19         10     10      3     10     10     10      1       8
   20          8     16      3     11     12      5      2       8
   21          6      2      3      7      6      1      1       4
   22          3      3      4      2      5      3      1       3
   23          2      1      1      0      0      2      2       1
 
TOTALS
 
12HR 7-19    343    419    304    229    399    286    144     303
16HR 6-22    383    460    316    259    432    308    150     330
18HR 6-24    388    464    321    261    437    313    153     334
24HR 0-24    400    476    332    270    447    321    158     343
 
 
 
 
*LOCATION   : ............................................................
*SITE NUMBER: 11604901
*FILE NUMBER:        7
*INTERVAL   :   15 MIN
*BATTERY    :    6.3 V
*RESTARTS   :        0
*CONFIG     :        0
*CHANNEL    :  1 OF  1
 
             THU    FRI    SAT    SUN    MON    TUE    WED    7-DAY
DATE    08/12/25     26     27     28     29     30     31   AVERAGE
 
START HOUR
 
    0          3      0      0      2      0      0      0       1
    1          2      2      1      0      1      0      0       1
    2          0      1      1      2      0      1      1       1
    3          1      0      3      1      1      2      0       1
    4          0      0      2      0      1      1      2       1
    5          2      2      3      5      5      6      3       4
    6          2      5      4      2     11     15      8       7
    7          1      2      5      2     13     14     13       7
    8          0      2     11      2     17     26     14      10
    9          2      6     20      4     13     15     11      10
   10          3      4     28      2     29     23     22      16
   11          6      7     31      8     34     21     44      22
   12          8     19     46     12     26     37     45      28
   13         24     17     50     28     32     39     65      36
   14         15     11     41     27     51     47     56      35
   15          7     12     53     35     50     48     59      38
   16          6      9     17     14     23     41     19      18
   17          3      4     12      8     11     22     13      10
   18          2      1      7      3     28     19     10      10
   19          0      6      4      3      6     10      3       5
   20          5      6      4      6     10      6      1       5
   21          4      1      4      1      5      5      2       3
   22          1      1      1      1      2      1      1       1
   23          1      0      1      1      0      0      2       1
 
TOTALS
 
12HR 7-19     77     94    321    145    327    352    371     241
16HR 6-22     88    112    337    157    359    388    385     261
18HR 6-24     90    113    339    159    361    389    388     263
24HR 0-24     98    118    349    169    369    399    394     271
 
 
 
 
*LOCATION   : ............................................................
*SITE NUMBER: 11604901
*FILE NUMBER:        7
*INTERVAL   :   15 MIN
*BATTERY    :    6.3 V
*RESTARTS   :        0
*CONFIG     :        0
*CHANNEL    :  1 OF  1
 
             THU    FRI    SAT    SUN    MON    TUE    WED    7-DAY
DATE    09/01/01     02     03     04     05     06     07   AVERAGE
 
START HOUR
 
    0          1      0      0      2      1      -      -       -
    1          0      0      1      0      0      -      -       -
    2          1      1      3      4      2      -      -       -
    3          0      1      1      1      1      -      -       -
    4          0      0      0      0      0      -      -       -
    5          1      3      1      1      2      -      -       -
    6          3      9      1      4     10      -      -       -
    7          2      5      2      0     12      -      -       -
    8          1     11      4      0      8      -      -       -
    9          3      9      5      1     13      -      -       -
   10          2     16     15      1      8      -      -       -
   11          0     23     21      6     22      -      -       -
   12          0     30     19     14     11      -      -       -
   13         11     23     18     19     25      -      -       -
   14         15     24     20     10      -      -      -       -
   15          8     27     18     12      -      -      -       -
   16          5     16     22      8      -      -      -       -
   17          6     11      9     12      -      -      -       -
   18          4      9      3      6      -      -      -       -
   19          2     10      2      3      -      -      -       -
   20          3      6      0      4      -      -      -       -
   21          5      2      3      0      -      -      -       -
   22          