

             MON    TUE    WED    THU    FRI    SAT    SUN    7-DAY

DATE    11/08/01     02     03     04     05     06     07   AVERAGE

 

START HOUR

 

    0          -     16     10      8     15     26      8       -

    1          -      2     10      4      4     16     15       -

    2          -      1      0      2      1     10     11       -

    3          -      1      1      6      3     16      8       -

    4          -      1      3      2      2      3      8       -

    5          -     10      9     12     14      5      1       -

    6          -     72     50     57     51     10      9       -

    7          -    183    187    165    128      6      9       -

    8          -    250    237    215    174     22     15       -

    9          -    119    116    107    115     45     22       -

   10          -     69     74     78     62     62     49       -

   11          -     69     82     94     68     66     66       -

   12          -     79     92     83     93     76     76       -

   13          -     70     96     72     73     58     87       -

   14          -     96     94    101     94     49     93       -

   15        146    161    157    137    170     34     95     129

   16        246    271    265    248    184     39     71     189

   17        225    241    231    199    138     29     74     162

   18        137    161    170    152    123     42     84     124

   19        123    123    121    118     77     30     53      92

   20         96    107     97     90     71     18     54      76

   21         62     64     74     82     51     21     45      57

   22         31     33     38     37     30     21     30      31

   23         24     18     31     27     29     11      6      21

 

TOTALS

 

12HR 7-19      -   1769   1801   1651   1422    528    741       -

16HR 6-22      -   2135   2143   1998   1672    607    902       -

18HR 6-24      -   2186   2212   2062   1731    639    938       -

24HR 0-24      -   2217   2245   2096   1770    715    989       -


 

 

 

 




























































*LOCATION   : ............................................................

*SITE NUMBER: 11723109

*FILE NUMBER:        2

*INTERVAL   :   15 MIN

*BATTERY    :    6.1 V

*RESTARTS   :        0

*CONFIG     :       12

*CHANNEL    :  2 OF  2

 

             MON    TUE    WED    THU    FRI    SAT    SUN    7-DAY

DATE    11/08/08     09     10     11     12     13     14   AVERAGE

 

START HOUR

 

    0          8      6      7      6      4     19     20      10

    1          2      0      2      2      2     17     24       7

    2          1      1      1      2      4     17     16       6

    3          2      3      4      4      0     13     13       6

    4          3      1      0      1      1     10     13       4

    5         10     12      7     10     12      7      5       9

    6         48     52     34     45     65     10      5      37

    7        155    119     91    140     99     10      6      89

    8        217     98     90    164    171     25     15     111

    9        118     65     79     72     77     43     18      67

   10         61     38     56     38     32     36     57      45

   11         56     38     50     48     32     71     51      49

   12         49     39     58     25     56     80     66      53

   13         69     40     56     31     49     90     86      60

   14         66     72     63     48     93     87     98      75

   15        113     90    100     93    144     87     97     103

   16        210    141    165    163    173    103    103     151

   17        203    136    137    183    164     66     95     141

   18        154     68    119    102     93     67     95     100

   19        116     77    111     79     64     51     76      82

   20         94     50     75     81     57     30     40      61

   21         50     42     54     51     33     21     40      42

   22         23     27     34     21     24     29     20      25

   23         17     10     13     12     17     18     10      14

 

TOTALS

 

12HR 7-19   1471    944   1064   1107   1183    765    787    1046

16HR 6-22   1779   1165   1338   1363   1402    877    948    1267

18HR 6-24   1819   1202   1385   1396   1443    924    978    1307

24HR 0-24   1845   1225   1406   1421   1466   1007   1069    1348


 

 


































 

 

*LOCATION   : ............................................................

*SITE NUMBER: 11723109

*FILE NUMBER:        2

*INTERVAL   :   15 MIN

*BATTERY    :    6.1 V

*RESTARTS   :        0

*CONFIG     :       12

*CHANNEL    :  2 OF  2

 

             MON    TUE    WED    THU    FRI    SAT    SUN    7-DAY

DATE    11/08/15     16     17     18     19     20     21   AVERAGE

 

START HOUR

 

    0         15     18      4      2     12     14     25      13

    1          8      5      0      5      3     17     14       7

    2          6      0      1      2      3     12     12       5

    3          5      0      3      1      1      9      7       4

    4          0      0      0      0      6      2      5       2

    5          9     10      8     15      7      8      4       9

    6         62     63     67     64     68      9      7      49

    7        188    166    188    207    165     15      4     133

    8        244    199    255    237    198     23     15     167

    9        113    115    132    106    103     31     36      91

   10         44     60     57     66     56     48     38      53

   11         47     38     51     50     56     64     58      52

   12         43     48     54     61     64     72     86      61

   13         40     41     57     69     73    100     96      68

   14         60     74     79     91    121    103    105      90

   15        123    102    175    165    172    102     77     131

   16        176    214    263    217    191    187     86     191

   17        156    183    248    178    179    182     83     173

   18         89     91    170    133    117    121     90     116

   19         68     66    126     87     60     76     74      80

   20         39     54    118     65     62     45     56      63

   21         55     34     60     37     46     23     36      42

   22         26     23     42     33     26     22     17      27

   23         13     15     20     25     31     52     17      25

 

TOTALS

 

12HR 7-19   1323   1331   1729   1580   1495   1048    774    1326

16HR 6-22   1547   1548   2100   1833   1731   1201    947    1558

18HR 6-24   1586   1586   2162   1891   1788   1275    981    1610

24HR 0-24   1629   1619   2178   1916   1820   1337   1048    1650


 

 

 
































*LOCATION   : ............................................................

*SITE NUMBER: 11723109

*FILE NUMBER:        2

*INTERVAL   :   15 MIN

*BATTERY    :    6.1 V

*RESTARTS   :        0

*CONFIG     :       12

*CHANNEL    :  2 OF  2

 

             MON    TUE    WED    THU    FRI    SAT    SUN    7-DAY

DATE    11/08/22     23     24     25     26     27     28   AVERAGE

 

START HOUR

 

    0          3      3      6      8     11     26     20      11

    1          0      1      3      6      8     26      8       7

    2          0      0      0      2      1     26     16       6

    3          0      0      0      0      0     16     10       4

    4          2      1      2      2      2     12      9       4

    5          8      8      9     11     10      4      4       8

    6         67     54     59     67     58      8      5      45

    7        193    161    190    185    184     10     15     134

    8        240    177    228    238    232     29     18     166

    9        136     76    117    120     96     48     44      91

   10         52     52     71     59     63     74     59      61

   11         44     52     59     53     83     74     62      61

   12         67     51     61     84     56    104     80      72

   13         48     61     76     69     79    124     70      75

   14         90     37     90     86    105    115     52      82

   15        142    115    160    181    160     92     40     127

   16        227    166    264    236    185     94     68     177

   17        234    152    219    195    160     80     46     155

   18        117    124    132    160    114     83     48     111

   19         68     99    149    106     88     57     40      87

   20         50     69    109     88     64     47     28      65

   21         31     56     67     71     62     45     32      52

   22         11     18     38     32     53     25      8      26

   23          4     10     19     24     37     21      4      17

 

TOTALS

 

12HR 7-19   1590   1224   1667   1666   1517    927    602    1313

16HR 6-22   1806   1502   2051   1998   1789   1084    707    1562

18HR 6-24   1821   1530   2108   2054   1879   1130    719    1606

24HR 0-24   1834   1543   2128   2083   1911   1240    786    1646


 

 
































 

 

*LOCATION   : ............................................................

*SITE NUMBER: 11723109

*FILE NUMBER:        2

*INTERVAL   :   15 MIN

*BATTERY    :    6.1 V

*RESTARTS   :        0

*CONFIG     :       12

*CHANNEL    :  2 OF  2

 

             MON    TUE    WED    THU    FRI    SAT    SUN    7-DAY

DATE    11/08/29     30     31     01     02     03     04   AVERAGE

 

START HOUR

 

    0          0      0      4      5      -      -      -       -

    1          4      2      0      0      -      -      -       -

    2          1      0      1      1      -      -      -       -

    3          0      0      0      0      -      -      -       -

    4          1      1      1      0      -      -      -       -

    5         10      9      7     11      -      -      -       -

    6         39     32     26     40      -      -      -       -

    7        131     90     83    146      -      -      -       -

    8        155     92     76    192      -      -      -       -

    9        102     51     42    104      -      -      -       -

   10         37     31     22      -      -      -      -       -

   11         35     24     15      -      -      -      -       -

   12         40     34     13      -      -      -      -       -

   13         31     26     23      -      -      -      -       -

   14         32     44     21      -      -      -      -       -

   15         73     84     59      -      -      -      -       -

   16        136    117     75      -      -      -      -       -

   17        117    123     76      -      -      -      -       -

   18         94     87     72      -      -      -      -       -

   19         44     79     45      -      -      -      -       -

   20         32     35     49      -      -      -      -       -

   21         23     25     23      -      -      -      -       -

   22         12      9     19      -      -      -      -       -

   23          5     10     12      -      -      -      -       -

 

TOTALS

 

12HR 7-19    983    803    577      -      -      -      -       -

16HR 6-22   1121    974    720      -      -      -      -       -

18HR 6-24   1138    993    751      -      -      -      -       -

24HR 0-24   1154   1005    764      -      -      -      -       -
