 

 

 

*LOCATION   : ............................................................

*SITE NUMBER: 11501802

*FILE NUMBER:        1

*INTERVAL   :   15 MIN

*BATTERY    :    6.4 V

*RESTARTS   :        0

*CONFIG     :        0

*CHANNEL    :  1 OF  1

 

             MON    TUE    WED    THU    FRI    SAT    SUN    7-DAY

DATE    11/05/02     03     04     05     06     07     08   AVERAGE

 

START HOUR

 

    0          -      4      7      4     10     26     18       -

    1          -      2      5      1      9      9     11       -

    2          -      0      1      2      2      6      8       -

    3          -      0      0      0      3      5     10       -

    4          -      0      1      1      0      3      2       -

    5          -      6     11     10      8      7      4       -

    6          -     33     34     31     32     10      4       -

    7          -    125    103    107    126     10      6       -

    8          -    223    204    184    199     33     16       -

    9          -    118    128    143    143     45     29       -

   10         55     80     69     84     76     72     36      67

   11         68     55     66     80     87     74     64      71

   12         66     66     63    103    114    126     81      88

   13         80     71     81     92     98    123     77      89

   14         73     98     81     81    111    125     81      93

   15        120    126    115    139    155    124     80     123

   16        210    205    171    207    213     99    106     173

   17        176    166    181    192    151     95    109     153

   18        111    116    106    139    108    101     81     109

   19         76     87     74     98     74     52     59      74

   20         62     64     65     64     63     52     59      61

   21         31     39     41     52     57     34     32      41

   22         13     22     27     34     33     21     24      25

   23          6      8     11     16     22     39      9      16

 

TOTALS

 

12HR 7-19      -   1449   1368   1551   1581   1027    766       -

16HR 6-22      -   1672   1582   1796   1807   1175    920       -

18HR 6-24      -   1702   1620   1846   1862   1235    953       -

24HR 0-24      -   1714   1645   1864   1894   1291   1006       -


 

 

 

 



































*LOCATION   : ............................................................

*SITE NUMBER: 11501802

*FILE NUMBER:        1

*INTERVAL   :   15 MIN

*BATTERY    :    6.4 V

*RESTARTS   :        0

*CONFIG     :        0

*CHANNEL    :  1 OF  1

 

             MON    TUE    WED    THU    FRI    SAT    SUN    7-DAY

DATE    11/05/09     10     11     12     13     14     15   AVERAGE

 

START HOUR

 

    0          6      7     16      6     20     19     20      13

    1          1      5      2      3      7     12     23       8

    2          1      0      1      5      5      7     12       4

    3          0      0      1      2      6      3      3       2

    4          2      2      2      1      4      6      3       3

    5         11     11     12     13      8      2      2       8

    6         50     58     48     49     49      9      5      38

    7        157    159    167    157    130     17      6     113

    8        294    307    314    281    228     27      9     209

    9        181    215    182    202    147     51     10     141

   10        102     98    121    107     93     56     24      86

   11        113    115    116    120     99     65     56      98

   12        114    120    117    138     94     81     66     104

   13        117    131    122    112    101     71     72     104

   14        122    126    147    131    118     74     78     114

   15        175    203    202    194    179     80     65     157

   16        310    313    319    286    219     53     68     224

   17        258    269    268    257    152     56     70     190

   18        171    208    181    165    109     41     54     133

   19        118    168    128    111     71     32     42      96

   20         97    123    117    118     67     32     54      87

   21         69     74     83     71     41     23     24      55

   22         29     40     41     25     16     15      7      25

   23         14     33     26     21     23     11      7      19

 

TOTALS

 

12HR 7-19   2114   2264   2256   2150   1669    672    578    1672

16HR 6-22   2448   2687   2632   2499   1897    768    703    1948

18HR 6-24   2491   2760   2699   2545   1936    794    717    1992

24HR 0-24   2512   2785   2733   2575   1986    843    780    2031


 

 

 

 



































*LOCATION   : ............................................................

*SITE NUMBER: 11501802

*FILE NUMBER:        1

*INTERVAL   :   15 MIN

*BATTERY    :    6.4 V

*RESTARTS   :        0

*CONFIG     :        0

*CHANNEL    :  1 OF  1

 

             MON    TUE    WED    THU    FRI    SAT    SUN    7-DAY

DATE    11/05/16     17     18     19     20     21     22   AVERAGE

 

START HOUR

 

    0         65      9      8     13      8     26     31      23

    1         56      4      3      7      5     24     22      17

    2         25      3      1      3      0     14     20       9

    3         11      0      2      1      0     10     25       7

    4          5      2      1      2      2      8      3       3

    5          8     10      7      9     10      7      5       8

    6         28     33     39     47     51     12      5      31

    7         69    116    126    113    114     22      7      81

    8        106    214    254    249    245     30     14     159

    9         72    152    152    151    171     59     23     111

   10         53     72     69     75    100     90     51      73

   11         42     77     82     58    104    108     92      80

   12         41     78     96     61    112    125    122      91

   13         40     73     89     60    158    152    154     104

   14         74    103    100     69    127    140    122     105

   15         90    143    174    141    179    140    115     140

   16        141    223    264    194    249    135    139     192

   17        125    203    196    170    208     89    103     156

   18         93    132    139    132    159     72     93     117

   19        121    110    121     78     93     67     86      97

   20        111     66    108     66     71     53     69      78

   21         89     53     66     45     56     60     47      59

   22         21     41     25     33     43     36     25      32

   23          8     15     25     23     28     32     12      20

 

TOTALS

 

12HR 7-19    946   1586   1741   1473   1926   1162   1035    1410

16HR 6-22   1295   1848   2075   1709   2197   1354   1242    1674

18HR 6-24   1324   1904   2125   1765   2268   1422   1279    1727

24HR 0-24   1494   1932   2147   1800   2293   1511   1385    1795


 

 

 

 





























*LOCATION   : ............................................................

*SITE NUMBER: 11501802

*FILE NUMBER:        1

*INTERVAL   :   15 MIN

*BATTERY    :    6.4 V

*RESTARTS   :        0

*CONFIG     :        0

*CHANNEL    :  1 OF  1

 

             MON    TUE    WED    THU    FRI    SAT    SUN    7-DAY

DATE    11/05/23     24     25     26     27     28     29   AVERAGE

 

START HOUR

 

    0          5     10      3     19     14     23     21      14

    1          6      2      1      5     10      8     20       7

    2          1      2      4      4      9      7     14       6

    3          4      1      0      7      3      1      8       3

    4          2      1      1      5      1      4      9       3

    5         12     11      9     13     10      4      2       9

    6         42     55     57     61     53     11      5      41

    7        149    156    132    147    114      8     10     102

    8        261    299    295    278    238     23     13     201

    9        176    175    193    174    160     46     20     135

   10         61    112    109    128     77     52     58      85

   11         27    112    117    126     91     58     62      85

   12         42    110     95    127     91     81     68      88

   13         34    107     89    143    103     75     77      90

   14         55    111    107    133    104     89     68      95

   15        104    196    187    191    166     67     88     143

   16        201    254    253    290    199     81     50     190

   17        182    258    231    235    129     75     73     169

   18        132    202    179    185     54     65     48     124

   19        107    131    128    147     43     54     39      93

   20         85     80     80     96     41     50     27      66

   21         40     72     46     75     29     42     14      45

   22         19     27     35     45     21     29      7      26

   23          8     20     27     22     21     14      3      16

 

TOTALS

 

12HR 7-19   1424   2092   1987   2157   1526    720    635    1506

16HR 6-22   1698   2430   2298   2536   1692    877    720    1750

18HR 6-24   1725   2477   2360   2603   1734    920    730    1793

24HR 0-24   1755   2504   2378   2656   1781    967    804    1835


 

 

 

 






































*LOCATION   : ............................................................

*SITE NUMBER: 11501802

*FILE NUMBER:        1

*INTERVAL   :   15 MIN

*BATTERY    :    6.4 V

*RESTARTS   :        0

*CONFIG     :        0

*CHANNEL    :  1 OF  1

 

             MON    TUE    WED    THU    FRI    SAT    SUN    7-DAY

DATE    11/05/30     31     01     02     03     04     05   AVERAGE

 

START HOUR

 

    0          3      5     12     40      9      -      -       -

    1          2      4      2     28      6      -      -       -

    2          1      0      2     26      3      -      -       -

    3          0      1      1     22      7      -      -       -

    4          0      2      0      8      4      -      -       -

    5         11     15     10      9     10      -      -       -

    6         43     62     56     16     32      -      -       -

    7         90    175    182     11    119      -      -       -

    8        209    317    304     21    210      -      -       -

    9         98    218    218     43    154      -      -       -

   10         39    124    120     51    105      -      -       -

   11         43    102    128     88    104      -      -       -

   12         65    122    146    101      -      -      -       -

   13         68    135    149     83      -      -      -       -

   14         97    137    183    148      -      -      -       -

   15        139    217    230    112      -      -      -       -

   16        213    288    326    114      -      -      -       -

   17        188    278    219    124      -      -      -       -

   18        135    192    216     76      -      -      -       -

   19        116    153    164     68      -      -      -       -

   20         87    110    110     59      -      -      -       -

   21         36     77     82     39      -      -      -       -

   22         26     62     63     29      -      -      -       -

   23         18     26     54     11      -      -      -       -

 

TOTALS

 

12HR 7-19   1384   2305   2421    972      -      -      -       -

16HR 6-22   1666   2707   2833   1154      -      -      -       -

18HR 6-24   1710   2795   2950   1194      -      -      -       -

24HR 0-24   1727   2822   2977   1327      -      -      -       -
