*LOCATION	: ..	.......	.......	.......	.......	.......	.......	........	........					
														
*SITE NUMB	ER: 11	601801												
														
*FILE NUMB	ER:	4												
														
*INTERVAL	:	15 MIN												
														
*BATTERY	:	6.4 V												
														
*RESTARTS	:	0												
														
*CONFIG	:	0												
														
*CHANNEL	:  1	OF  1												
														
														
														
	WED	THU	FRI	SAT	SUN	MON	TUE	7-DA	Y					
														
DATE    11	/05/04	5	6	7	8	9	10	AVERA	GE					
														
														
														
START HOUR														
														
														
														
0	-	1	3	3	17	1	1	-						
														
1	-	0	1	1	2	2	0	-						
														
2	-	0	1	1	6	0	0	-						
														
3	-	1	4	1	3	6	3	-						
														
4	-	13	14	5	4	19	18	-						
														
5	-	40	38	9	10	43	55	-						
														
6	-	82	68	11	3	103	103	-						
														
7	-	85	88	30	4	106	105	-						
														
8	-	46	62	54	14	78	81	-						
														
9	-	56	64	83	32	70	76	-						
														
10	-	75	80	104	53	70	61	-						
														
11	-	66	85	110	87	87	77	-						
														
12	-	73	92	134	80	81	99	-						
														
13	-	98	116	141	60	108	134	-						
														
14	83	114	127	117	72	141	146	114						
														
15	143	125	129	121	62	189	200	138						
														
16	107	126	115	158	79	126	200	130						
														
17	75	94	86	77	63	108	154	94						
														
18	38	81	78	29	42	92	127	70						
														
19	9	57	55	30	19	86	99	51						
														
20	4	6	29	19	10	39	42	21						
														
21	9	7	21	7	6	12	14	11						
														
22	3	5	5	7	4	3	5	5						
														
23	1	3	8	7	6	3	4	5						
														
														
														
TOTALS														
														
														
														
12HR 7-19	-	1039	1122	1158	648	1256	1460	-						
														
16HR 6-22	-	1191	1295	1225	686	1496	1718	-						
														
18HR 6-24	-	1199	1308	1239	696	1502	1727	-						
														
24HR 0-24	-	1254	1369	1259	738	1573	1804	-						
														
														
														
														
														
														
														
														
														
														
														
														
														
														
														
														
														
														
														
														
														
														
														
														
														
														
														
														
														
														
														
														
														
														
														
														
														
														
														
														
														
														
														
														
*LOCATION	: ..	.......	.......	.......	.......	.......	.......	........	........					
														
*SITE NUMB	ER: 11	601801												
														
*FILE NUMB	ER:	4												
														
*INTERVAL	:	15 MIN												
														
*BATTERY	:	6.4 V												
														
*RESTARTS	:	0												
														
*CONFIG	:	0												
														
*CHANNEL	:  1	OF  1												
														
														
														
	WED	THU	FRI	SAT	SUN	MON	TUE	7-DA	Y					
														
DATE    11	/05/11	12	13	14	15	16	17	AVERA	GE					
														
														
														
START HOUR														
														
														
														
0	1	3	6	8	8	9	1	5						
														
1	1	1	1	1	3	6	0	2						
											15	143	125	129
2	0	2	1	5	3	2	2	2						
											16	107	126	115
3	5	6	2	3	2	6	6	4						
											17	75	94	86
4	18	18	15	6	6	17	19	14						
											18	38	81	78
5	60	68	38	8	7	24	43	35						
											19	9	57	55
6	105	103	80	10	11	41	81	62						
											20	4	6	29
7	122	123	89	15	6	48	96	71						
											21	9	7	21
8	68	77	71	38	15	27	59	51						
											22	3	5	5
9	66	57	69	61	18	29	35	48						
											23	1	3	8
10	75	65	103	52	33	30	42	57						
														
11	62	77	123	110	63	33	57	59						
														
12	99	80	101	134	81	35	69	66						
														
13	106	112	131	141	75	77	92	85						
														
14	163	156	151	117	88	94	116	110						
														
15	165	175	92	121	99	96	132	108						
														
16	173	173	73	158	65	74	98	81						
														
17	102	102	86	77	38	86	121	54						
														
18	77	77	78	29	29	78	111	42						
														
19	92	92	55	30	33	42	67	33						
														
20	33	33	29	19	18	12	26	13						
														
21	16	13	21	7	4	7	17	10						
														
22	9	6	5	7	3	4	3	6						
														
23	1	2	8	7	15	0	0	4						
														
														
														
TOTALS														
														
														
														
12HR 7-19	1278	1005	1035	166	610	707	1028	833						
														
16HR 6-22	1524	1121	1121	185	676	809	1219	951						
														
18HR 6-24	1534	1129	1139	196	694	813	1222	961						
														
24HR 0-24	1619	1621	1428	1164	723	877	1293	1024						
														
														
														
														
														
														
														
														
														
														
														
														
														
														
														
														
														
														
														
														
														
														
														
														
														
														
														
														
														
														
														
														
														
														
														
														
														
														
														
														
														
														
														
														
														
														
														
*LOCATION	: ..	.......	.......	.......	.......	.......	.......	........	........					
														
*SITE NUMB	ER: 11	601801												
														
*FILE NUMB	ER:	4												
														
*INTERVAL	:	15 MIN												
														
*BATTERY	:	6.4 V												
														
*RESTARTS	:	0												
														
*CONFIG	:	0												
														
*CHANNEL	:  1	OF  1												
														
														
														
	WED	THU	FRI	SAT	SUN	MON	TUE	7-DA	Y					
														
DATE    11	/05/18	19	20	21	22	23	24	AVERA	GE					
														
														
														
START HOUR														
														
														
														
0	3	2	0	1	7	2	1	2						
														
1	4	1	2	3	3	1	2	2						
														
2	0	0	2	2	1	3	1	1						
														
3	4	8	8	4	2	3	5	5						
														
4	18	13	14	12	5	15	18	14						
														
5	32	28	38	7	8	42	48	29						
														
6	84	85	82	16	7	86	94	65						
														
7	93	95	111	32	16	93	99	77						
														
8	48	67	72	59	31	67	76	60						
														
9	34	46	62	78	30	43	62	51						
														
10	56	50	88	82	51	12	56	56						
														
11	51	47	90	128	112	20	77	75						
														
12	86	40	87	118	90	31	79	76						
														
13	83	60	114	117	90	49	87	86						
														
14	113	117	166	96	59	84	139	111						
														
15	136	122	167	77	99	120	168	113						
														
16	130	124	130	112	65	121	138	108						
														
17	100	79	121	36	38	101	131	81						
														
18	100	53	86	26	29	86	80	62						
														
19	78	48	75	17	33	45	58	46						
														
20	36	24	21	11	18	13	26	19						
														
21	8	10	12	5	4	0	19	8						
														
22	7	2	3	9	3	2	2	4						
														
23	1	3	11	3	15	1	2	3						
														
														
														
TOTALS														
														
														
														
12HR 7-19	1030	900	1294	961	479	827	1192	955						
														
16HR 6-22	1236	1067	1484	1010	486	971	1389	1092						
														
18HR 6-24	1244	1072	1498	1022	494	974	1393	1100						
														
24HR 0-24	1305	1124	1562	1051	816	1040	1468	1153						
														
														
														
														
														
														
														
														
														
														
														
														
														
														
														
														
														
														
														
														
														
														
														
														
														
														
														
														
														
														
														
														
														
														
														
														
														
														
														
														
														
														
														
*LOCATION	: ..	.......	.......	.......	.......	.......	.......	........	........					
														
*SITE NUMB	ER: 11	601801												
														
*FILE NUMB	ER:	4												
														
*INTERVAL	:	15 MIN												
														
*BATTERY	:	6.4 V												
														
*RESTARTS	:	0												
														
*CONFIG	:	0												
														
*CHANNEL	:  1	OF  1												
														
														
														
	WED	THU	FRI	SAT	SUN	MON	TUE	7-DA	Y					
														
DATE    11	/05/25	26	27	28	29	30	31	AVERA	GE					
														
														
														
START HOUR														
														
														
														
0	3	3	3	2	3	1	2	2						
														
1	0	0	1	2	4	0	1	1						
														
2	1	0	3	2	2	1	2	2						
														
3	1	4	3	0	0	4	3	2						
														
4	24	15	14	3	1	16	17	13						
														
5	44	45	34	8	11	38	60	34						
														
6	101	89	74	7	9	71	99	64						
														
7	99	96	86	22	12	69	115	71						
														
8	71	68	52	43	20	32	95	54						
														
9	63	69	55	49	20	16	66	48						
														
10	55	75	110	78	38	36	84	68						
														
11	67	83	81	89	76	58	94	78						
														
12	59	92	62	85	81	80	122	83						
														
13	80	107	14	106	93	94	24	74						
														
14	124	122	42	97	79	130	122	85						
														
15	138	178	77	121	59	138	178	71						
														
16	129	136	112	123	33	129	136	60		65				
														
17	108	107	36	70	30	108	107	41						
														
18	106	95	26	30	29	106	95	30						
														
19	72	56	17	17	33	72	56	18						
														
20	32	27	11	11	18	32	27	8						
														
21	13	15	5	5	4	13	15	4						
														
22	6	8	9	6	6	6	8	6						
														
23	2	4	3	9	1	2	4	4		15				
														
														
														
TOTALS														
														
														
														
12HR 7-19	1099	1228	502	895	512	516	600	765						
														
16HR 6-22	1317	1415	576	902	521	587	699	860						
														
18HR 6-24	1325	1427	587	917	523	592	713	869						
														
24HR 0-24	1398	1494	930	985	662	1252	1532	924						
														
														
														
														
														
														
														
														
														
														
														
														
														
														
														
														
														
														
														
														
														
														
														
														
														
														
														
														
														
														
														
														
														
														
														
														
														
														
*LOCATION	: ..	.......	.......	.......	.......	.......	.......	........	........					
														
*SITE NUMB	ER: 11	601801												
														
*FILE NUMB	ER:	4												
														
*INTERVAL	:	15 MIN												
														
*BATTERY	:	6.4 V												
														
*RESTARTS	:	0												
														
*CONFIG	:	0												
														
*CHANNEL	:  1	OF  1												
														
														
														
	WED	THU	FRI	SAT	SUN	MON	TUE	7-DA	Y					
														
DATE    11	/06/01	2	3	4	5	6	7	AVERA	GE					
														
														
														
START HOUR														
														
														
														
0	2	8	4	6	3	1	-	-						
														
1	1	7	2	5	4	0	-	-						
														
2	1	2	3	5	3	2	-	-						
														
3	5	6	0	2	2	3	-	-						
										730				
4	17	3	13	7	2	12	-	-						
														
5	61	13	36	11	12	64	-	-						
														
6	98	14	77	17	8	113	-	-						
														
7	92	16	97	30	25	109	-	-						
														
8	86	21	85	60	24	67	-	-						
														
9	82	36	90	97	18	68	-	-						
														
10	86	39	104	123	47	81	-	-						
														
11	107	72	146	133	97	98	-	-						
														
12	59	95	137	116	117	112	-	-						
														
13	80	89	115	98	120	-	-	-						
														
14	124	83	100	79	100	-	-	-						
														
15	138	42	74	59	11	-	-	-						
														
16	129	21	112	120	21	-	-	-						
														
17	108	11	36	30	32	-	-	-						
														
18	106	18	25	29	29	-	-	-						
														
19	72	40	13	33	18	-	-	-						
														
20	32	25	6	18	20	-	-	-						
														
21	13	9	10	4	10	-	-	-						
														
22	5	6	3	5	5	-	-	-						
														
23	9	3	6	1	4	-	-	-						
														
														
														
TOTALS														
														
														
														
12HR 7-19	489	543	975	705	617	-	-	-						
														
16HR 6-22	587	631	1081	722	629	-	-	-						
														
18HR 6-24	601	640	1090	728	633	-	-	-						
														
24HR 0-24	1513	679	1294	1088	732	-	-	-						