 

 

 

*LOCATION   : ............................................................

*SITE NUMBER: 11711810

*FILE NUMBER:        7

*INTERVAL   :   15 MIN

*BATTERY    :    6.4 V

*RESTARTS   :        0

*CONFIG     :        0

*CHANNEL    :  1 OF  1

 

             TUE    WED    THU    FRI    SAT    SUN    MON    7-DAY

DATE    11/05/03     04     05     06     07     08     09   AVERAGE

 

START HOUR

 

    0          -      3      4      3     18     23      2       -

    1          -      0      6      6     11     10      1       -

    2          -      3      1      1      4      8      1       -

    3          -      2      1      2      4      6      2       -

    4          -      0      1      1      3      8      3       -

    5          -      8      5      7      3      3     12       -

    6          -     52     48     42     11      7     59       -

    7          -    130    137    131     19     10    190       -

    8          -    191    219    217     38     30    280       -

    9        120    118     95    120     77     45    173     107

   10         52     66     65     77    100     76     73      73

   11         48     46     70     64    149    151     78      87

   12         42     49     53     78    170    160     94      92

   13         58     58     86     84    162    190     97     105

   14         65     77     89    100    168    161    122     112

   15        121    108    125    165    153    147    172     142

   16        219    193    201    215    146    166    312     207

   17        186    189    218    171    117    135    275     184

   18        139    107    151    137    110    114    210     138

   19        107     84    104     82     68    117    159     103

   20         79     79     84     71     68     74    112      81

   21         50     52     66     50     27     43     69      51

   22         19     17     17     43     26     17     17      22

   23          5     14     10     25     34     14     11      16

 

TOTALS

 

12HR 7-19      -   1332   1509   1559   1409   1385   2076       -

16HR 6-22      -   1599   1811   1804   1583   1626   2475       -

18HR 6-24      -   1630   1838   1872   1643   1657   2503       -

24HR 0-24      -   1646   1856   1892   1686   1715   2524       -


 

 

 

 



































*LOCATION   : ............................................................

*SITE NUMBER: 11711810

*FILE NUMBER:        7

*INTERVAL   :   15 MIN

*BATTERY    :    6.4 V

*RESTARTS   :        0

*CONFIG     :        0

*CHANNEL    :  1 OF  1

 

             TUE    WED    THU    FRI    SAT    SUN    MON    7-DAY

DATE    11/05/10     11     12     13     14     15     16   AVERAGE

 

START HOUR

 

    0          1     10     13     14     23      6     40      15

    1          6      7      4     10      6      8     25       9

    2          0      2      2      3      8      6     19       6

    3          1      3      2      2      3      5     14       4

    4          1      2      3      4     12      6      5       5

    5         18     18     15      8      6      4      7      11

    6         63     84     78     58      6      4     28      46

    7        231    253    200    130      8      8     69     128

    8        317    309    298    199     27     19    103     182

    9        173    167    153    128     46     23     55     106

   10         90    102     78     72     62     38     32      68

   11         98    101     97     79     77     69     22      78

   12         84     95     86     75     90     99     30      80

   13         88    104     81     65     87    141     31      85

   14        121    120    100     96     84    104     47      96

   15        176    203    205    130     76    115     68     139

   16        338    304    302    211     44    131    121     207

   17        310    301    259    169     66     98    146     193

   18        258    210    172    119     28     79    119     141

   19        212    178    131     87     37     64    133     120

   20        155    139    136     76     21     61     80      95

   21         93     81     53     56     18     21    105      61

   22         49     56     34     20     11      8     58      34

   23         13     22     23     28     12      4     17      17

 

TOTALS

 

12HR 7-19   2284   2269   2031   1473    695    924    843    1503

16HR 6-22   2807   2751   2429   1750    777   1074   1189    1825

18HR 6-24   2869   2829   2486   1798    800   1086   1264    1876

24HR 0-24   2896   2871   2525   1839    858   1121   1374    1926


 

 

 

 




































*LOCATION   : ............................................................

*SITE NUMBER: 11711810

*FILE NUMBER:        7

*INTERVAL   :   15 MIN

*BATTERY    :    6.4 V

*RESTARTS   :        0

*CONFIG     :        0

*CHANNEL    :  1 OF  1

 

             TUE    WED    THU    FRI    SAT    SUN    MON    7-DAY

DATE    11/05/17     18     19     20     21     22     23   AVERAGE

 

START HOUR

 

    0         14      7      9      9     25     20      3      12

    1          1      6      6      4     10     12      2       6

    2          2      1      2      2     11     13      1       5

    3          6      1      1      2      6     14      1       4

    4          4      0      1      2      4      7      6       3

    5         11     10     11      8     11      4      9       9

    6         59     55     64     62      7      9     63      46

    7        145    161    152    151     16      9    181     116

    8        238    245    236    259     33     22    279     187

    9        117    137    133    151     91     64    128     117

   10         58     75     61     89    106     99     38      75

   11         62     70     44    104    125    160     19      83

   12         59     68     51    104    178    190     30      97

   13         53     65     42    110    165    192     27      93

   14         76     90     60    126    148    198     42     106

   15        132    155    111    160    160    177    104     143

   16        228    264    175    262    172    137    197     205

   17        229    245    189    232    148    158    188     198

   18        181    178    156    163    113    164    153     158

   19        132    160     92    121     79    115    116     116

   20        112    139     80     99     71     98     93      99

   21         66     78     49     69     45     67     52      61

   22         29     32     33     36     35     31     22      31

   23         13     12     16     23     29     17     13      18

 

TOTALS

 

12HR 7-19   1578   1753   1410   1911   1455   1570   1386    1580

16HR 6-22   1947   2185   1695   2262   1657   1859   1710    1902

18HR 6-24   1989   2229   1744   2321   1721   1907   1745    1951

24HR 0-24   2027   2254   1774   2348   1788   1977   1767    1991


 

 

 

 































*LOCATION   : ............................................................

*SITE NUMBER: 11711810

*FILE NUMBER:        7

*INTERVAL   :   15 MIN

*BATTERY    :    6.4 V

*RESTARTS   :        0

*CONFIG     :        0

*CHANNEL    :  1 OF  1

 

             TUE    WED    THU    FRI    SAT    SUN    MON    7-DAY

DATE    11/05/24     25     26     27     28     29     30   AVERAGE

 

START HOUR

 

    0          0      6      6     20     12     20      7      10

    1          2      2      3      9     12     18      2       7

    2          0      2      2      2      6      9      2       3

    3          1      1      4      6      2      6      0       3

    4          1      1      1      3      4     11      1       3

    5         16      9     15     13      7      3     11      11

    6         70     76     77     66      7      7     57      51

    7        211    190    188    160      9      8    131     128

    8        303    283    338    231     30     16    211     202

    9        139    167    158    109     57     46     82     108

   10         92     74    105     74     52     59     24      69

   11         90     77     95     74     77     95     16      75

   12         93     96     79     68    104    113     39      85

   13         86     82     96     85    109    112     56      89

   14         94     90    111     86     90     98     79      93

   15        177    152    180    136     81    104    114     135

   16        304    256    265    203     84     65    235     202

   17        283    227    268    112     93     82    209     182

   18        208    183    195     88     87     58    183     143

   19        161    121    163     41     58     45    141     104

   20        106     90    132     46     53     37    103      81

   21         80    102     85     28     36     11     71      59

   22         32     25     50     15     26      5     32      26

   23         16     18     32     20     24      6      9      18

 

TOTALS

 

12HR 7-19   2080   1877   2078   1426    873    856   1379    1510

16HR 6-22   2497   2266   2535   1607   1027    956   1751    1806

18HR 6-24   2545   2309   2617   1642   1077    967   1792    1850

24HR 0-24   2565   2330   2648   1695   1120   1034   1815    1887


 

 

 

 

































*LOCATION   : ............................................................

*SITE NUMBER: 11711810

*FILE NUMBER:        7

*INTERVAL   :   15 MIN

*BATTERY    :    6.4 V

*RESTARTS   :        0

*CONFIG     :        0

*CHANNEL    :  1 OF  1

 

             TUE    WED    THU    FRI    SAT    SUN    MON    7-DAY

DATE    11/05/31     01     02     03     04     05     06   AVERAGE

 

START HOUR

 

    0          4      9     45     12      -      -      -       -

    1          3      3     18     10      -      -      -       -

    2          4      4     17      5      -      -      -       -

    3          0      3     32      2      -      -      -       -

    4          3      4      7      1      -      -      -       -

    5         13     12     10     13      -      -      -       -

    6         90     95     14     59      -      -      -       -

    7        234    228     17    162      -      -      -       -

    8        322    312     39    213      -      -      -       -

    9        173    183     55    152      -      -      -       -

   10        105     97     80    105      -      -      -       -

   11         93    110    130    108      -      -      -       -

   12         86    126    150     93      -      -      -       -

   13         96    131    175      -      -      -      -       -

   14        127    136    194      -      -      -      -       -

   15        195    250    179      -      -      -      -       -

   16        326    348    151      -      -      -      -       -

   17        293    301    149      -      -      -      -       -

   18        248    231     89      -      -      -      -       -

   19        221    171     94      -      -      -      -       -

   20        154    152     72      -      -      -      -       -

   21         93    101     50      -      -      -      -       -

   22         31     48     30      -      -      -      -       -

   23         21     52     14      -      -      -      -       -

 

TOTALS

 

12HR 7-19   2298   2453   1408      -      -      -      -       -

16HR 6-22   2856   2972   1638      -      -      -      -       -

18HR 6-24   2908   3072   1682      -      -      -      -       -

24HR 0-24   2935   3107   1811      -      -      -      -       -
