 

 


 

 

 

*LOCATION   : ............................................................

*SITE NUMBER: 11721809

*FILE NUMBER:        1

*INTERVAL   :   15 MIN

*BATTERY    :    6.1 V

*RESTARTS   :        0

*CONFIG     :       12

*CHANNEL    :  2 OF  2

 

             TUE    WED    THU    FRI    SAT    SUN    MON    7-DAY

DATE    11/05/03     04     05     06     07     08     09   AVERAGE

 

START HOUR

 

    0          -      3      6      6     10      6      4       -

    1          -      2      1      0      8     13      1       -

    2          -      1      0      1      3      9      0       -

    3          -      1      1      1      3      6      1       -

    4          -      2      1      2      2      1      0       -

    5          -      6      7      7      4      3      7       -

    6          -     43     39     48     10      5     54       -

    7          -    146    110    134      7      7    184       -

    8          -    149    162    166     17      9    209       -

    9         66     91     86     83     48     39    118      76

   10         44     41     49     51     65     60     72      55

   11         36     41     45     58     58     97     59      56

   12         41     20     39     59     77     90     69      56

   13         42     37     34     48    101    141     56      66

   14         43     41     50     74     94     92     74      67

   15        117     81     81    119     83     90    141     102

   16        160    146    164    141     65     93    222     142

   17        138    126    125    120     88     91    184     125

   18         97     91    103     78     84     55    151      94

   19         86     67     83     37     46     79     80      68

   20         49     61     67     51     32     48     94      57

   21         38     26     45     32     24     28     59      36

   22         16     14     19     19      9     10     19      15

   23          3     11     10     20      8      2     10       9

 

TOTALS

 

12HR 7-19      -   1010   1048   1131    787    864   1539       -

16HR 6-22      -   1207   1282   1299    899   1024   1826       -

18HR 6-24      -   1232   1311   1338    916   1036   1855       -

24HR 0-24      -   1247   1327   1355    946   1074   1868       -


 

 

 

 































*LOCATION   : ............................................................

*SITE NUMBER: 11721809

*FILE NUMBER:        1

*INTERVAL   :   15 MIN

*BATTERY    :    6.1 V

*RESTARTS   :        0

*CONFIG     :       12

*CHANNEL    :  2 OF  2

 

             TUE    WED    THU    FRI    SAT    SUN    MON    7-DAY

DATE    11/05/10     11     12     13     14     15     16   AVERAGE

 

START HOUR

 

    0          5      2      7      9     13      9     16       9

    1          2      3      2      3      8     10     13       6

    2          0      0      2      6      2      5     11       4

    3          0      0      1      3      2      6      6       3

    4          0      0      0      4      4      4      3       2

    5         12     11     10     14      6      2      5       9

    6         77     61     61     48      2      1     27      40

    7        223    193    195    153      8      5     72     121

    8        244    259    206    144     15      8     81     137

    9        137    136    124     90     38     17     39      83

   10         70     65     63     40     41     17     31      47

   11         58     78     55     37     44     35     28      48

   12         62     77     66     42     41     55     19      52

   13         62     59     47     50     44     63     27      50

   14         93     81     78     64     41     69     30      65

   15        167    151    135    127     34     53     51     103

   16        229    261    225    142     32     57     93     148

   17        215    209    159    107     32     50     71     120

   18        178    178    120     70     29     47     84     101

   19        124    121     83     44     20     38     77      72

   20        132     90     81     39     11     51     54      65

   21         63     64     65     27      9     19     45      42

   22         31     33     29     12      7      5     24      20

   23         18     12     13     10      3      1     10      10

 

TOTALS

 

12HR 7-19   1738   1747   1473   1066    399    476    626    1075

16HR 6-22   2134   2083   1763   1224    441    585    829    1294

18HR 6-24   2183   2128   1805   1246    451    591    863    1324

24HR 0-24   2202   2144   1827   1285    486    627    917    1355


 

 

 

 





































*LOCATION   : ............................................................

*SITE NUMBER: 11721809

*FILE NUMBER:        1

*INTERVAL   :   15 MIN

*BATTERY    :    6.1 V

*RESTARTS   :        0

*CONFIG     :       12

*CHANNEL    :  2 OF  2

 

             TUE    WED    THU    FRI    SAT    SUN    MON    7-DAY

DATE    11/05/17     18     19     20     21     22     23   AVERAGE

 

START HOUR

 

    0         10      3      6      9     16     21      6      10

    1          1      2      5      3      5     15      2       5

    2          2      0      1      1      3      5      2       2

    3          1      0      1      0      8      3      1       2

    4          2      1      2      0      2     11      1       3

    5          9      8     10      8      3      5     10       8

    6         52     43     47     43      5      5     63      37

    7        153    166    140    157      4      3    148     110

    8        182    182    176    167     36     15    200     137

    9         88     96     86    101     55     26     99      79

   10         45     49     49     66     61     45     30      49

   11         37     50     34     70     86     86     10      53

   12         47     34     20     65     87    113     16      55

   13         35     33     35     54     96    126     15      56

   14         49     69     30     97    101    129     25      71

   15         87    113     80    153     92    105     73     100

   16        171    188    148    178     97    111    152     149

   17        148    166    114    161     73     88    143     128

   18        113    117     78    104     83     56    106      94

   19        111    102     57     80     40     97     75      80

   20         77     89     44     55     36     78     67      64

   21         42     59     35     43     26     38     42      41

   22         17     35     21     25     22     15     18      22

   23         10      9      9     19     13      9      9      11

 

TOTALS

 

12HR 7-19   1155   1263    990   1373    871    903   1017    1082

16HR 6-22   1437   1556   1173   1594    978   1121   1264    1303

18HR 6-24   1464   1600   1203   1638   1013   1145   1291    1336

24HR 0-24   1489   1614   1228   1659   1050   1205   1313    1365


 

 

 

 




























*LOCATION   : ............................................................

*SITE NUMBER: 11721809

*FILE NUMBER:        1

*INTERVAL   :   15 MIN

*BATTERY    :    6.1 V

*RESTARTS   :        0

*CONFIG     :       12

*CHANNEL    :  2 OF  2

 

             TUE    WED    THU    FRI    SAT    SUN    MON    7-DAY

DATE    11/05/24     25     26     27     28     29     30   AVERAGE

 

START HOUR

 

    0          3      2      4     11      7     13      0       6

    1          2      1      5      1      3     18      1       4

    2          1      1      0      2      4      8      1       2

    3          1      2      4      0      4      5      0       2

    4          0      0      2      0      3      9      0       2

    5          9      7      7     10      4      3      8       7

    6         68     62     58     39      4      2     35      38

    7        201    194    191    134     10      9    119     123

    8        208    187    180    160     15     13    157     131

    9        114    101     95     88     28     15     55      71

   10         59     60     62     32     31     39     24      44

   11         59     56     63     32     40     46     20      45

   12         63     39     39     44     59     76     27      50

   13         58     49     53     52     49     60     30      50

   14         62     63     74     66     41     49     42      57

   15        145    112    128    114     58     60      -       -

   16        216    184    209    138     53     51      -       -

   17        206    163    183     89     67     41      -       -

   18        148    111    148     42     64     49      -       -

   19        128    114    102     41     43     31      -       -

   20         91     72     92     25     45     28      -       -

   21         54     77     54     18     19      7      -       -

   22         28     25     31     24     17      9      -       -

   23         14     12     11      9     14      5      -       -

 

TOTALS

 

12HR 7-19   1539   1319   1425    991    515    508      -       -

16HR 6-22   1880   1644   1731   1114    626    576      -       -

18HR 6-24   1922   1681   1773   1147    657    590      -       -

24HR 0-24   1938   1694   1795   1171    682    646      -       -
