*LOCATION	: ..	........	.......	.......	.......	.......	.......	...............
*SITE NUMB	ER: 10	703606						
*FILE NUMB	ER:	1						
*INTERVAL	:	15 MIN						
*BATTERY	:	6.2 V						
*RESTARTS	:	0						
*CONFIG	:	0						
*CHANNEL	:  1	OF  1						

	WED	THU	FRI	SAT	SUN	MON	TUE	7-DAY
DATE    08	/09/03	4	5	6	7	8	9	AVERAGE

START HOUR								

0	-	5	4	17	5	7	3	-
1	-	2	2	8	1	2	1	-
2	-	4	4	6	11	1	1	-
3	-	3	1	9	3	2	3	-
4	-	6	2	3	4	1	1	-
5	-	4	9	5	5	7	7	-
6	-	23	48	10	7	42	49	-
7	-	87	131	15	7	167	118	-
8	-	190	200	27	26	262	132	-
9	-	101	110	38	20	122	68	-
10	69	42	75	53	33	82	49	58
11	56	56	65	68	38	52	36	53
12	53	78	69	72	52	85	36	64
13	46	81	71	85	52	58	34	61
14	65	79	123	105	49	106	44	82
15	116	136	159	85	55	146	75	110
16	178	185	189	66	56	225	129	147
17	157	179	169	69	56	191	91	130
18	93	124	85	31	50	102	62	78
19	57	100	74	22	47	68	44	59
20	54	70	75	10	43	39	20	44
21	29	39	65	10	22	24	14	29
22	17	15	39	6	13	3	16	16
23	10	13	33	8	6	3	3	11
	1000							
TOTALS								

12HR 7-19	-	1338	1446	714	494	1598	874	-
16HR 6-22	-	1570	1708	766	613	1771	1001	-
18HR 6-24	-	1598	1780	780	632	1777	1020	-
24HR 0-24	-	1622	1802	828	661	1797	1036	-
								



*LOCATION	: ..	........	.......	.......	.......	.......	.......	...............
*SITE NUMB	ER: 10	703606						
*FILE NUMB	ER:	1						
*INTERVAL	:	15 MIN						
*BATTERY	:	6.2 V						
*RESTARTS	:	0						
*CONFIG	:	0						
*CHANNEL	:  1	OF  1						

	WED	THU	FRI	SAT	SUN	MON	TUE	7-DAY
DATE    08	/09/10	11	12	13	14	15	16	AVERAGE

START HOUR								

0	6	10	9	12	10	3	4	8
1	1	3	6	5	6	3	2	4
2	0	2	1	5	8	1	1	3
3	0	3	7	3	16	5	6	6
4	1	6	1	5	1	2	3	3
5	7	7	5	9	1	5	7	6
6	32	52	34	9	7	49	46	33
7	114	145	136	14	9	136	146	100
8	153	225	187	22	8	223	199	145
9	82	119	122	31	16	142	114	89
10	59	60	80	49	27	71	72	60
11	52	69	66	57	44	47	47	55
12	88	72	51	65	63	60	55	65
13	62	56	65	81	53	65	68	64
14	68	79	89	69	55	64	66	70
15	140	153	157	67	44	123	121	115
16	212	201	192	53	44	219	202	160
17	152	166	111	48	52	176	165	124
18	96	119	79	47	35	105	116	85
19	96	70	53	32	33	73	64	60
20	50	60	37	28	16	45	45	40
21	19	29	22	16	16	22	28	22
22	30	15	26	15	6	15	14	17
23	11	5	10	15	7	5	7	9

TOTALS								

12HR 7-19	1278	1464	1335	603	450	1431	1371	1133
16HR 6-22	1475	1675	1481	688	522	1620	1554	1288
18HR 6-24	1516	1695	1517	718	535	1640	1575	1314
24HR 0-24	1531	1726	1546	757	577	1659	1598	1342
								



*LOCATION	: ..	........	.......	.......	.......	.......	.......	...............
*SITE NUMB	ER: 10	703606						
*FILE NUMB	ER:	1						
*INTERVAL	:	15 MIN						
*BATTERY	:	6.2 V						
*RESTARTS	:	0						
*CONFIG	:	0						
*CHANNEL	:  1	OF  1						

	WED	THU	FRI	SAT	SUN	MON	TUE	7-DAY
DATE    08	/09/17	18	19	20	21	22	23	AVERAGE

START HOUR								

0	3	3	4	6	8	3	6	5
1	1	5	2	9	8	3	0	4
2	0	0	1	4	5	0	2	2
3	3	2	3	4	7	0	1	3
4	3	0	4	7	8	1	4	4
5	3	6	7	2	2	7	8	5
6	48	38	37	10	4	42	46	32
7	110	107	109	10	12	147	167	95
8	153	175	186	27	19	246	246	150
9	78	98	91	31	20	139	141	85
10	43	59	72	24	33	92	70	56
11	43	56	66	33	42	55	83	54
12	58	58	44	39	52	78	88	60
13	50	60	64	52	96	81	80	69
14	67	75	72	67	81	91	98	79
15	99	119	128	56	79	164	155	114
16	148	161	151	51	84	266	206	152
17	134	145	111	50	67	206	196	130
18	89	90	88	48	61	153	162	99
19	68	62	44	30	39	104	92	63
20	37	31	30	23	27	69	70	41
21	17	15	16	17	22	32	33	22
22	9	13	14	15	11	22	22	15
23	5	7	7	13	14	10	12	10

TOTALS								

12HR 7-19	1072	1203	1182	488	646	1718	1692	1143
16HR 6-22	1242	1349	1309	568	738	1965	1933	1301
18HR 6-24	1256	1369	1330	596	763	1997	1967	1325
24HR 0-24	1269	1385	1351	628	801	2011	1988	1348
								



*LOCATION	: ..	........	.......	.......	.......	.......	.......	...............
*SITE NUMB	ER: 10	703606						
*FILE NUMB	ER:	1						
*INTERVAL	:	15 MIN						
*BATTERY	:	6.2 V						
*RESTARTS	:	0						
*CONFIG	:	0						
*CHANNEL	:  1	OF  1						

	WED	THU	FRI	SAT	SUN	MON	TUE	7-DAY
DATE    08	/09/24	25	26	27	28	29	30	AVERAGE

START HOUR								

0	11	10	10	8	10	3	1	8
1	0	6	2	7	7	2	1	4
2	3	1	4	6	5	1	0	3
3	2	4	2	3	3	1	3	3
4	1	2	3	2	6	1	1	2
5	8	9	8	3	3	6	8	6
6	46	35	26	10	3	39	40	28
7	147	130	129	19	6	137	139	101
8	239	215	192	17	10	215	222	159
9	127	120	120	34	6	132	112	93
10	83	88	85	42	25	69	70	66
11	69	73	56	53	42	54	73	60
12	78	78	90	60	59	57	72	71
13	73	71	66	67	44	48	66	62
14	100	100	80	64	31	84	78	77
15	162	140	130	64	50	140	146	119
16	236	193	168	62	57	234	196	164
17	182	182	121	48	52	188	174	135
18	157	124	77	54	43	124	133	102
19	86	82	67	31	26	84	83	66
20	56	48	37	27	20	50	60	43
21	34	40	28	11	8	27	29	25
22	22	23	20	19	8	15	13	17
23	12	18	28	12	4	9	7	13

TOTALS								

12HR 7-19	1653	1514	1314	584	425	1482	1481	1208
16HR 6-22	1875	1719	1472	663	482	1682	1693	1369
18HR 6-24	1909	1760	1520	694	494	1706	1713	1399
24HR 0-24	1934	1792	1549	723	528	1720	1727	1425
								



*LOCATION	: ..	........	.......	.......	.......	.......	.......	...............
*SITE NUMB	ER: 10	703606						
*FILE NUMB	ER:	1						
*INTERVAL	:	15 MIN						
*BATTERY	:	6.2 V						
*RESTARTS	:	0						
*CONFIG	:	0						
*CHANNEL	:  1	OF  1						

	WED	THU	FRI	SAT	SUN	MON	TUE	7-DAY
DATE    08	/10/01	2	3	4	5	6	7	AVERAGE

START HOUR								

0	3	7	-	-	-	-	-	-
1	4	0	-	-	-	-	-	-
2	1	1	-	-	-	-	-	-
3	1	2	-	-	-	-	-	-
4	3	3	-	-	-	-	-	-
5	9	7	-	-	-	-	-	-
6	31	18	-	-	-	-	-	-
7	125	68	-	-	-	-	-	-
8	181	99	-	-	-	-	-	-
9	96	48	-	-	-	-	-	-
10	56	30	-	-	-	-	-	-
11	45	29	-	-	-	-	-	-
12	43	25	-	-	-	-	-	-
13	52	30	-	-	-	-	-	-
14	53	-	-	-	-	-	-	-
15	111	-	-	-	-	-	-	-
16	173	-	-	-	-	-	-	-
17	121	-	-	-	-	-	-	-
18	116	-	-	-	-	-	-	-
19	59	-	-	-	-	-	-	-
20	40	-	-	-	-	-	-	-
21	33	-	-	-	-	-	-	-
22	21							
23	11							
	1388							
		367						
