 
 
 
*LOCATION   : ............................................................
*SITE NUMBER: 10803614
*FILE NUMBER:        2
*INTERVAL   :   15 MIN
*BATTERY    :    6.1 V
*RESTARTS   :        0
*CONFIG     :        0
*CHANNEL    :  1 OF  1
 
             FRI    SAT    SUN    MON    TUE    WED    THU    7-DAY
DATE    08/09/05     06     07     08     09     10     11   AVERAGE
 
START HOUR
 
    0          -     14      6      5      2      2     24       -
    1          -     17      6      4      0      0      0       -
    2          -     17      0      1      2      0    110       -
    3          -      7      4      1      0      2    477       -
    4          -      0      2      2      5      5      0       -
    5          -      3      2      8     11     11      0       -
    6          -      5      2     51     39     90      0       -
    7          -     17      6    142     81    256      0       -
    8          -     20     13    202    104    326      0       -
    9          -     34     17    120     63    170      0       -
   10         65     53     59     49     39     81      0      49
   11         66     69     58     64     33    127      0      60
   12         66     89     80     53     20    126      0      62
   13         75    110     84     64     29    376      0     105
   14         95     87     74     69     32    178      0      76
   15        161     85     63    118     45    354      0     118
   16        191     82     62    180     91    447      0     150
   17        137     69     74    148     72    500      0     143
   18         24     31     58    103     64    366      0      92
   19         12     16     44     56     42    304      0      68
   20          0     14     38     49     36    199      0      48
   21          0      6     29     27     25    158      0      35
   22          0     10     17      6      9     89      0      19
   23          5      7      6      4      6     21      0       7
 
TOTALS
 
12HR 7-19      -    746    648   1312    673   3307      0       -
16HR 6-22      -    787    761   1495    815   4058      0       -
18HR 6-24      -    804    784   1505    830   4168      0       -
24HR 0-24      -    862    804   1526    850   4188    611       -
 
 
 
 
*LOCATION   : ............................................................
*SITE NUMBER: 10803614
*FILE NUMBER:        2
*INTERVAL   :   15 MIN
*BATTERY    :    6.1 V
*RESTARTS   :        0
*CONFIG     :        0
*CHANNEL    :  1 OF  1
 
             FRI    SAT    SUN    MON    TUE    WED    THU    7-DAY
DATE    08/09/12     13     14     15     16     17     18   AVERAGE
 
START HOUR
 
    0          0      0      0      0      0      0      0       0
    1          0      0      0      0      0      0      0       0
    2          0      0      0      0      0      0      0       0
    3          0      0      0      0      0      0      0       0
    4          0      0      0      0      0      0      0       0
    5          0      0      0      0      0      0      0       0
    6          0      0      0      0      0      0      0       0
    7          0      0      0      0      0      0      0       0
    8          0      0      0      0      0      0      0       0
    9          0      0      0      0      0      0      0       0
   10          0      0      0      0      0      0      0       0
   11          0      0      0      0      0      0      0       0
   12          0      0      0      0      0      0      0       0
   13          0      0      0      0      0      0      0       0
   14          0      0      0      0      0      0      0       0
   15          0      0      0      0      0      0      0       0
   16          0      0      0      0      0      0      0       0
   17          0      0      0      0      0      0      0       0
   18          0      0      0      0      0      0      0       0
   19          0      0      0      0      0      0      0       0
   20          0      0      0      0      0      0      0       0
   21          0      0      0      0      0      0      0       0
   22          0      0      0      0      0      0      0       0
   23          0      0      0      0      0      0      0       0
 
TOTALS
 
12HR 7-19      0      0      0      0      0      0      0       0
16HR 6-22      0      0      0      0      0      0      0       0
18HR 6-24      0      0      0      0      0      0      0       0
24HR 0-24      0      0      0      0      0      0      0       0
 
 
 
 
*LOCATION   : ............................................................
*SITE NUMBER: 10803614
*FILE NUMBER:        2
*INTERVAL   :   15 MIN
*BATTERY    :    6.1 V
*RESTARTS   :        0
*CONFIG     :        0
*CHANNEL    :  1 OF  1
 
             FRI    SAT    SUN    MON    TUE    WED    THU    7-DAY
DATE    08/09/19     20     21     22     23     24     25   AVERAGE
 
START HOUR
 
    0          0      0      0      0      0      0      0       0
    1          0      0      0      0      0      0      0       0
    2          0      0      0      0      0      0      0       0
    3          0      0      0      0      0      0      0       0
    4          0      0      0      0      0      0      0       0
    5          0      0      0      0      0      0      0       0
    6          0      0      0      0      0      0      0       0
    7          0      0      0      0      0      0      0       0
    8          0      0      0      0      0      0      0       0
    9          0      0      0      0      0      0      0       0
   10          0      0      0      0      0      0      0       0
   11          0      0      0      0      0      0      0       0
   12          0      0      0      0      0      0      0       0
   13          0      0      0      0      0      0      0       0
   14          0      0      0      0      0      0      0       0
   15          0      0      0      0      0      0      0       0
   16          0      0      0      0      0      0      0       0
   17          0      0      0      0      0      0      0       0
   18          0      0      0      0      0      0      0       0
   19          0      0      0      0      0      0      0       0
   20          0      0      0      0      0      0      0       0
   21          0      0      0      0      0      0      0       0
   22          0      0      0      0      0      0      0       0
   23          0      0      0      0      0      0      0       0
 
TOTALS
 
12HR 7-19      0      0      0      0      0      0      0       0
16HR 6-22      0      0      0      0      0      0      0       0
18HR 6-24      0      0      0      0      0      0      0       0
24HR 0-24      0      0      0      0      0      0      0       0
 
 
 
 
*LOCATION   : ............................................................
*SITE NUMBER: 10803614
*FILE NUMBER:        2
*INTERVAL   :   15 MIN
*BATTERY    :    6.1 V
*RESTARTS   :        0
*CONFIG     :        0
*CHANNEL    :  1 OF  1
 
             FRI    SAT    SUN    MON    TUE    WED    THU    7-DAY
DATE    08/09/26     27     28     29     30     01     02   AVERAGE
 
START HOUR
 
    0          0      0      0      0      0      0      0       0
    1          0      0      0      0      0      0      0       0
    2          0      0      0      0      0      0      0       0
    3          0      0      0      0      0      0      0       0
    4          0      0      0      0      0      0      0       0
    5          0      0      0      0      0      0      0       0
    6          0      0      0      0      0      0      0       0
    7          0      0      0      0      0      0      0       0
    8          0      0      0      0      0      0      0       0
    9          0      0      0      0      0      0      0       0
   10          0      0      0      0      0      0      -       -
   11          0      0      0      0      0      0      -       -
   12          0      0      0      0      0      0      -       -
   13          0      0      0      0      0      0      -       -
   14          0      0      0      0      0      0      -       -
   15          0      0      0      0      0      0      -       -
   16          0      0      0      0      0      0      -       -
   17          0      0      0      0      0      0      -       -
   18          0      0      0      0      0      0      -       -
   19          0      0      0      0      0      0      -       -
   20          0      0      0      0      0      0      -       -
   21          0      0      0      0      0      0      -       -
   22          0      0      0      0      0      0      -       -
   23          0      0      0      0      0      0      -       -
 
TOTALS
 
12HR 7-19      0      0      0      0      0      0      -       -
16HR 6-22      0      0      0      0      0      0      -       -
18HR 6-24      0