 
 
 
*LOCATION   : ............................................................
*SITE NUMBER: 11603601
*FILE NUMBER:        4
*INTERVAL   :   15 MIN
*BATTERY    :    6.1 V
*RESTARTS   :        0
*CONFIG     :        0
*CHANNEL    :  1 OF  1
 
             WED    THU    FRI    SAT    SUN    MON    TUE    7-DAY
DATE    08/09/03     04     05     06     07     08     09   AVERAGE
 
START HOUR
 
    0          -      2      3      6      4      0      1       -
    1          -      0      1      4      0      1      2       -
    2          -      2      6      4      2      1      2       -
    3          -      1      1      1      1      1      1       -
    4          -      3      0      0      0      4      2       -
    5          -     12     16      0      2     11     14       -
    6          -     22     39     12      4     43     32       -
    7          -     56     86      8      3     88     69       -
    8          -     68     70     34      6     90     43       -
    9          -     54     39     57     12     51     28       -
   10          -     35     49     63     23     55     25       -
   11         37     36     50     69     24     40     30      41
   12         58     48     40     96     29     54     17      49
   13         56     50     68    108     32     56     31      57
   14         60     67     96    109     38     81     42      70
   15         82    107    126     83     40    120     59      88
   16         88    115    104     67     38    109     56      82
   17         92    104     92     77     34     87     45      76
   18         62     85     70     33     37     75     33      56
   19         36     86     57     12     24     54     26      42
   20         46     48     39      9     16     27     23      30
   21         21     19     11      9     11     18      7      14
   22         13     15     12      5      6      6      4       9
   23          2      2     12      0      2      1      3       3
 
TOTALS
 
12HR 7-19      -    825    890    804    316    906    478       -
16HR 6-22      -   1000   1036    846    371   1048    566       -
18HR 6-24      -   1017   1060    851    379   1055    573       -
24HR 0-24      -   1037   1087    866    388   1073    595       -
 
 
 
 
*LOCATION   : ............................................................
*SITE NUMBER: 11603601
*FILE NUMBER:        4
*INTERVAL   :   15 MIN
*BATTERY    :    6.1 V
*RESTARTS   :        0
*CONFIG     :        0
*CHANNEL    :  1 OF  1
 
             WED    THU    FRI    SAT    SUN    MON    TUE    7-DAY
DATE    08/09/10     11     12     13     14     15     16   AVERAGE
 
START HOUR
 
    0          0      6      2      4      0      0      0       2
    1          1      2      3      1      6      0      1       2
    2          1      1      2      1      1      5      1       2
    3          1      1      1      7      2      1      1       2
    4          1      0      1      1      2      2      1       1
    5         16     14     15      3      4     11     10      10
    6         27     31     38      6      5     35     35      25
    7         54     92     57     13      7     80     82      55
    8         56     78     73     20      2     90     83      57
    9         29     43     40     41     33     56     48      41
   10         37     27     39     65     64     39     41      45
   11         35     48     49     86     99     47     43      58
   12         45     63     49     79    116     48     50      64
   13         51     57     75     61     95     54     42      62
   14         50     75     88     84    100     65     67      76
   15         60     73    102     80     65     80     92      79
   16         99    111     77     69     45    112    103      88
   17         93     95     82     76     35     83     74      77
   18         75     57     63     35     20    100     76      61
   19         82     79     69     25     14     63     72      58
   20         61     59     39     15     12     43     42      39
   21         18     19     16      7      8     20     13      14
   22         12      7      4      4      0      8     12       7
   23          4      7      2      7      1      0      2       3
 
TOTALS
 
12HR 7-19    684    819    794    709    681    854    801     763
16HR 6-22    872   1007    956    762    720   1015    963     899
18HR 6-24    888   1021    962    773    721   1023    977     909
24HR 0-24    908   1045    986    790    736   1042    991     928
 
 
 
 
*LOCATION   : ............................................................
*SITE NUMBER: 11603601
*FILE NUMBER:        4
*INTERVAL   :   15 MIN
*BATTERY    :    6.1 V
*RESTARTS   :        0
*CONFIG     :        0
*CHANNEL    :  1 OF  1
 
             WED    THU    FRI    SAT    SUN    MON    TUE    7-DAY
DATE    08/09/17     18     19     20     21     22     23   AVERAGE
 
START HOUR
 
    0          0      1      2      2      1      2      2       1
    1          2      1      0      2      1      3      0       1
    2          1      1      2      3      5      1      2       2
    3          1      1      1      3      2      1      1       1
    4          0      1      4      0      1      4      1       2
    5         10     12     17      3      1      9     10       9
    6         32     33     31      6      8     38     40      27
    7         73     71     69     10      4     78     77      55
    8         82     64     71     17      5     94     89      60
    9         37     48     41     35     15     50     52      40
   10         28     47     39     51     14     57     69      44
   11         29     45     49     73     33     35     58      46
   12         47     30     72     68     37     45     55      51
   13         37     33     69     92     47     71     68      60
   14         63     70     79     71     40     73     48      63
   15         72     91    100     86     47    111     91      85
   16         95     91    108     85     47    144    132     100
   17         72    112     80     77     22     91    104      80
   18         65     67     74     31     37     96     86      65
   19         49     56     63     25     32     74     74      53
   20         32     31     26     10     20     41     32      27
   21         14     14     13      8      8     12     20      13
   22          7      8      4      4      5     12     12       7
   23          1      1      6      3      2      4      5       3
 
TOTALS
 
12HR 7-19    700    769    851    696    348    945    929     748
16HR 6-22    827    903    984    745    416   1110   1095     869
18HR 6-24    835    912    994    752    423   1126   1112     879
24HR 0-24    849    929   1020    765    434   1146   1128     896
 
 
 
 
*LOCATION   : ............................................................
*SITE NUMBER: 11603601
*FILE NUMBER:        4
*INTERVAL   :   15 MIN
*BATTERY    :    6.1 V
*RESTARTS   :        0
*CONFIG     :        0
*CHANNEL    :  1 OF  1
 
             WED    THU    FRI    SAT    SUN    MON    TUE    7-DAY
DATE    08/09/24     25     26     27     28     29     30   AVERAGE
 
START HOUR
 
    0          2      0      0      1      3      0      0       1
    1          2      0      2      4      2      0      0       1
    2          1      2      4      2      3      1      1       2
    3          0      0      1      2      3      2      1       1
    4          2      0      1      2      0      3      1       1
    5         12     12     12      4      3     16     17      11
    6         32     41     40      5      4     30     38      27
    7         88     85     66     11      6     73     74      58
    8         80     83     72     33      9     94     77      64
    9         44     61     35     46      8     53     38      41
   10         33     71     53     45     19     52     50      46
   11         57     55     73     78     33     55     50      57
   12         57     50     60     76     41     59     46      56
   13         55     58     68     95     41     69     55      63
   14         72     82     86     62     43     75     57      68
   15        111    107     95     89     44     86    104      91
   16        148    112     91     87     30    110    124     100
   17        101    116    103     77     46     82     80      86
   18         99     55     71     42     30     87     78      66
   19         60     52     47      7     25     57     61      44
   20         43     21     34     10     17     39     26      27
   21          6     15     23     13      9     17     13      14
   22          7      9     13      9      7      3      6       8
   23          2      0      2      0      1      4      4       2
 
TOTALS
 
12HR 7-19    945    935    873    741    350    895    833     796
16HR 6-22   1086   1064   1017    776    405   1038    971     908
18HR 6-24   1095   1073   1032    785    413   1045    981     918
24HR 0-24   1114   1087   1052    800    427   1067   1001     935
 
 
 
 
*LOCATION   : ............................................................
*SITE NUMBER: 11603601
*FILE NUMBER:        4
*INTERVAL   :   15 MIN
*BATTERY    :    6.1 V
*RESTARTS   :        0
*CONFIG     :        0
*CHANNEL    :  1 OF  1
 
             WED    THU    FRI    SAT    SUN    MON    TUE    7-DAY
DATE    08/10/01     02     03     04     05     06     07   AVERAGE
 
START HOUR
 
    0          2      1      1      1      2      1      -       -
    1          1      1      1      1      1      0      -       -
    2          4      0      1      3      3      5      -       -
    3          1      0      1      1      2      2      -       -
    4          4      1      2      3      1      1      -       -
    5         13     11     13      1      1      8      -       -
    6         28     19     21      9      6     20      -       -
    7         64     29     47      4      1     51      -       -
    8         56     31     52     26      7     55      -       -
    9         39     24     44     27     11     47      -       -
   10         25     31     46     34     21     35      -       -
   11         50     30     53     53     14     47      -       -
   12         28     15     34     47     23     41      -       -
   13         40     23     43     66     36     33      -       -
   14         46     46     87     62     32     73      -       -
   15         68     52     63     64     44      -      -       -
   16         98     64     66     80     31      -      -       -
   17         56     67     50     65     45      -      -       -
   18         72     41     59     27     35      -      -       -
   19         53     26     28     11     11      -      -       -
   20         22     10     14     11      9      -      -       -
   21         16     11     11      2      8      -      -       -
   22          