 
 
 
*LOCATION   : ............................................................
*SITE NUMBER: 12103615
*FILE NUMBER:        1
*INTERVAL   :   15 MIN
*BATTERY    :    6.5 V
*RESTARTS   :        0
*CONFIG     :       12
*CHANNEL    :  1 OF  2
 
             MON    TUE    WED    THU    FRI    SAT    SUN    7-DAY
DATE    08/09/01     02     03     04     05     06     07   AVERAGE
 
START HOUR
 
    0          -      3      0     14      6      5      3       -
    1          -      5      2      0      4      0      4       -
    2          -      4      2      0      2      2      1       -
    3          -      0      0      2      0      4      1       -
    4          -      6      0      1      1      3      1       -
    5          -     13     13     13     12      7      4       -
    6          -     63     51     23     58      6      4       -
    7          -     87     62     37     77     10      7       -
    8          -     56     44     35     58     20     16       -
    9          -     21     41     30     44     39     47       -
   10          -     35     21     21     34     48     52       -
   11         55     19     26     20     35     85     59      43
   12         46     39     25     34     34    110     57      49
   13         58      8     32     29     48     94     70      48
   14         63     36     35     48     60    100     71      59
   15         79     47     70     59     96    103     74      75
   16        128     65     72     90    101     87     48      84
   17         79     31     77     86     75     37     72      65
   18         93     36     51     64     64     33     45      55
   19         38     19     30     45     53     17     40      35
   20         38     12     20     48     54      8     22      29
   21         21      6     15     31      8      9      7      14
   22          3      5      6     12      9      1      0       5
   23          8      2      7      4      3      1      7       5
 
TOTALS
 
12HR 7-19      -    480    556    553    726    766    618       -
16HR 6-22      -    580    672    700    899    806    691       -
18HR 6-24      -    587    685    716    911    808    698       -
24HR 0-24      -    618    702    746    936    829    712       -
 
 
 
 
*LOCATION   : ............................................................
*SITE NUMBER: 12103615
*FILE NUMBER:        1
*INTERVAL   :   15 MIN
*BATTERY    :    6.5 V
*RESTARTS   :        0
*CONFIG     :       12
*CHANNEL    :  1 OF  2
 
             MON    TUE    WED    THU    FRI    SAT    SUN    7-DAY
DATE    08/09/08     09     10     11     12     13     14   AVERAGE
 
START HOUR
 
    0          1      3      2      2      2      3      4       2
    1          2      1      7      2      2      0      1       2
    2          3      2      2      1      1      1      4       2
    3          0      0      0      1      0      1      1       0
    4          5      2      3      2      1      0      0       2
    5         18     15      7      9      8      4      3       9
    6         58     47     26     48     39      9      7      33
    7         92     44     53     71     74      4      2      49
    8         74     28     45     62     34      4      8      36
    9         47     17     20     36     35     20     21      28
   10         27     14     16     23     36     22     38      25
   11         33     11     25     47     37     42     68      38
   12         45     11     22     61     37     71     67      45
   13         47     15     37     37     51     49     64      43
   14         69     24     44     46     51     93     64      56
   15         74     29     43     65     62     82     69      61
   16         82     44     62     83     68     63     43      64
   17         71     18     50     62     46     56     43      49
   18         76     34     53     69     40     40     31      49
   19         27     25     36     60     34     29     31      35
   20         30      9     25     31     14     23     15      21
   21         19      1     19     23     11     10      7      13
   22          4      5     14     13      9      5      0       7
   23          4      2      7      8      9      3      4       5
 
TOTALS
 
12HR 7-19    737    289    470    662    571    546    518     542
16HR 6-22    871    371    576    824    669    617    578     644
18HR 6-24    879    378    597    845    687    625    582     656
24HR 0-24    908    401    618    862    701    634    595     674
 
 
 
 
*LOCATION   : ............................................................
*SITE NUMBER: 12103615
*FILE NUMBER:        1
*INTERVAL   :   15 MIN
*BATTERY    :    6.5 V
*RESTARTS   :        0
*CONFIG     :       12
*CHANNEL    :  1 OF  2
 
             MON    TUE    WED    THU    FRI    SAT    SUN    7-DAY
DATE    08/09/15     16     17     18     19     20     21   AVERAGE
 
START HOUR
 
    0          0      2      1      5      1      6      4       3
    1          0      1      0      0      2      0     11       2
    2          1      0      3      1      3      1      1       1
    3          0      1      1      1      0      0      2       1
    4          3      2      1      2      0      0      2       1
    5         12     13     15     15     12      4      4      11
    6         56     54     39     43     46      2      3      35
    7         63     66     50     61     57      4      2      43
    8         47     43     35     40     48      7     14      33
    9         31     24     17     27     27      9     39      25
   10         36     21     16     25     41     22     93      36
   11         41     39     15     18     29     25    149      45
   12         29     38     23     31     39     35    177      53
   13         34     27     33     30     48     47    183      57
   14         40     54     33     38     39     59    160      60
   15         62     61     57     54     74     48    119      68
   16         99     85     59     68     51     58    122      77
   17         57     71     49     71     49     40     91      61
   18         61     48     34     54     44     42     50      48
   19         41     54     28     36     21     36     58      39
   20         33     26     17     34     12     25     28      25
   21         21     15      7     21      4     15     16      14
   22          8      7      7      1      2      7      5       5
   23          5      2      3      3      2     11      2       4
 
TOTALS
 
12HR 7-19    600    577    421    517    546    396   1199     608
16HR 6-22    751    726    512    651    629    474   1304     721
18HR 6-24    764    735    522    655    633    492   1311     730
24HR 0-24    780    754    543    679    651    503   1335     749
 
 
 
 
*LOCATION   : ............................................................
*SITE NUMBER: 12103615
*FILE NUMBER:        1
*INTERVAL   :   15 MIN
*BATTERY    :    6.5 V
*RESTARTS   :        0
*CONFIG     :       12
*CHANNEL    :  1 OF  2
 
             MON    TUE    WED    THU    FRI    SAT    SUN    7-DAY
DATE    08/09/22     23     24     25     26     27     28   AVERAGE
 
START HOUR
 
    0          0      1      0      1      2      2      3       1
    1          3      1      1      3      1      3      1       2
    2          0      2      1      1      5      0      3       2
    3          0      0      0      0      3      1      2       1
    4          2      0      2      1      3      2      5       2
    5         13     17     15     14     16      3      2      11
    6         49     62     44     56     37      5      6      37
    7         77     86     71     69     66      8      2      54
    8         51     77     72     52     50     13      5      46
    9         49     41     26     39     30     13     13      30
   10         32     42     37     29     23     48     20      33
   11         46     70     50     33     29     55     71      51
   12         29     52     50     44     30     49     64      45
   13         38     55     51     49     55     64    108      60
   14         51     60     52     73     52     72     77      62
   15         75    104     96     80     80     59     75      81
   16         89    106     97    113     76     60     67      87
   17        100    102     98     93     50     67     77      84
   18         84     59     74     64     44     36     52      59
   19         64     57     56     49     41     24     34      46
   20         36     28     43     38     20     19     22      29
   21         17      9     27     20     16      6      8      15
   22         10      6     10      5      7      4      4       7
   23          2      1     16      7      6      2      1       5
 
TOTALS
 
12HR 7-19    721    854    774    738    585    544    631     692
16HR 6-22    887   1010    944    901    699    598    701     820
18HR 6-24    899   1017    970    913    712    604    706     832
24HR 0-24    917   1038    989    933    742    615    722     851
 
 
 
 
*LOCATION   : ............................................................
*SITE NUMBER: 12103615
*FILE NUMBER:        1
*INTERVAL   :   15 MIN
*BATTERY    :    6.5 V
*RESTARTS   :        0
*CONFIG     :       12
*CHANNEL    :  1 OF  2
 
             MON    TUE    WED    THU    FRI    SAT    SUN    7-DAY
DATE    08/09/29     30     01     02     03     04     05   AVERAGE
 
START HOUR
 
    0          0      1      2      3      1      -      -       -
    1          2      4      3      5      1      -      -       -
    2          0      0      0      4      2      -      -       -
    3          0      2      0      0      0      -      -       -
    4          4      2      3      4      1      -      -       -
    5         13     19     10      8      7      -      -       -
    6         39     54     41     29     28      -      -       -
    7         72     85     44     22     43      -      -       -
    8         61     34     46     16     24      -      -       -
    9         43     35     25     13     18      -      -       -
   10         38     40     14     11     23      -      -       -
   11         25     46     32     27     19      -      -       -
   12         42     49     24     11     18      -      -       -
   13         62     45     20     16      -      -      -       -
   14         54     66     16     15      -      -      -       -
   15         78     74     51     24      -      -      -       -
   16         89    103     62     36      -      -      -       -
   17         70     63     37     27      -      -      -       -
   18         72     64     31     26      -      -      -       -
   19         49     50     21     13      -      -      -       -
   20         32     29     12      7      -      -      -       -
   21          5     24     21      6      -      -      -       -
   22         10      7      3      3      -      -      -       -
   23          6      3     11      2      -      -      -       -
 
TOTALS
 
12HR 7-19    706    704    402    244      -      -      -       -
16HR 6-22    831    861    497    299      -      -      -       -
18HR 6-24    847    871    511    304      -      -      -       -
24HR 0-24    866    899    529    328      -      -      -       -
 
 
 
 
*LOCATION   : ............................................................
*SITE NUMBER: 12103615
*FILE NUMBER:        1
*INTERVAL   :   15 MIN
*BATTERY    :    6.5 V
*RESTARTS   :        0
*CONFIG     :       12
*CHANNEL    :  2 OF  2
 
             MON    TUE    WED    THU    FRI    SAT    SUN    7-DAY
DATE    08/09/01     02     03     04     05     06     07   AVERAGE
 
START HOUR
 
    0          -      2      2      1      2     11      5       -
    1          -      1      0      0      0      1      1       -
    2          -      0      3      1      4      2      1       -
    3          -      0      0      3      0      4      5       -
    4          -      3      3      3      0      1      0       -
    5          -     28     15      9     18      0      3       -
    6          -     49     30     14     29     12      1       -
    7          -     75     72     52     64     14     12       -
    8          -     57     52     43     67     33     15       -
    9          -     33     24     33     19     56     46       -
   10          -     34     24     26     31     67     54       -
   11         44     23     38     27     26     93     45      42
   12         45     11     28     38     50    112     90      53
   13         52     17     35     30     43    110     63      50
   14         53     29     46     44     60     92     52      54
   15         81     55     58     66     94     94     63      73
   16        114     56     80     87     97     99     52      84
   17         96     33     61     89     67     66     54      67
   18         63     35     65     88     69     59     60      63
   19         83     29     50     90     51     30     34      52
   20         63     32     44     54     52     42     39      47
   21         30      8     28     36     15      8     15      20
   22         17     12      5     20      7      0      5       9
   23          2      4      4     17     19      1      3       7
 
TOTALS
 
12HR 7-19      -    458    583    623    687    895    606       -
16HR 6-22      -    576    735    817    834    987    695       -
18HR 6-24      -    592    744    854    860    988    703       -
24HR 0-24      -    626    767    871    884   1007    718       -
 
 
 
 
*LOCATION   : ............................................................
*SITE NUMBER: 12103615
*FILE NUMBER:        1
*INTERVAL   :   15 MIN
*BATTERY    :    6.5 V
*RESTARTS   :        0
*CONFIG     :       12
*CHANNEL    :  2 OF  2
 
             MON    TUE    WED    THU    FRI    SAT    SUN    7-DAY
DATE    08/09/08     09     10     11     12     13     14   AVERAGE
 
START HOUR
 
    0          0      4      0      2      2      0     12       3
    1          2      1      3      0      2      0      0       1
    2          0      0      0      1      0      0      0       0
    3          0      2      0      1      0      3      0       1
    4          1      2      0      3      0      3      1       1
    5         24     14     18     30     31      1      4      17
    6         32     33     26     34     30      6      5      24
    7         91     70     39     76     71     11      9      52
    8         81     28     49     53     55     24     17      44
    9         49     18     24     49     48     34     21      35
   10         27     16     10     40     47     42     50      33
   11         50     17     25     37     41     38     47      36
   12         45      9     38     41     44     52     51      40
   13         61     21     28     36     52     69     66      48
   14         80     15     44     68     58     52     51      53
   15         82     59     81     87     87     56     78      76
   16         96     40     95     85     73     76     36      72
   17         89     26     71     82     67     60     47      63
   18         86     17     61     72     40     40     41      51
   19         54     17     44     45     25     28     35      35
   20         41     23     35     39     25     22     38      32
   21         17     23     32     34      7     15     22      21
   22          5      2     10      6     13     10      0       7
   23          6      0      5      0      5      7      6       4
 
TOTALS
 
12HR 7-19    837    336    565    726    683    554    514     602
16HR 6-22    981    432    702    878    770    625    614     715
18HR 6-24    992    434    717    884    788    642    620     725
24HR 0-24   1019    457    738    921    823    649    637     749
 
 
 
 
*LOCATION   : ............................................................
*SITE NUMBER: 12103615
*FILE NUMBER:        1
*INTERVAL   :   15 MIN
*BATTERY    :    6.5 V
*RESTARTS   :        0
*CONFIG     :       12
*CHANNEL    :  2 OF  2
 
             MON    TUE    WED    THU    FRI    SAT    SUN    7-DAY
DATE    08/09/15     16     17     18     19     20     21   AVERAGE
 
START HOUR
 
    0          2      0      0      0      0      0      0       0
    1          1      0      0      0      0      0      0       0
    2          1      0      0      0      0      0      0       0
    3          0      0      0      0      0      0      0       0
    4          3      0      0      0      0      0      0       0
    5         29      0      0      0      0      0      0       4
    6         40      0      0      0      0      0      0       6
    7         68      0      0      0      0      0      0      10
    8         70      0      0      0      0      0      0      10
    9         40      0      0      0      0      0      0       6
   10         11      0      0      0      0      0      0       2
   11         31      0      0      0      0      0      0       4
   12         36      0      0      0      0      0      0       5
   13         52      0      0      0      0      0      0       7
   14         69      0      0      0      0      0      0      10
   15         53      0      0      0      0      0      0       8
   16          0      0      0      0      0      0      0       0
   17          0      0      0      0      0      0      0       0
   18          0      0      0      0      0      0      0       0
   19          0      0      0      0      0      0      0       0
   20          0      0      0      0      0      0      0       0
   21          0      0      0      0      0      0      0       0
   22          0      0      0      0      0      0      0       0
   23          0      0      0      0      0      0      0       0
 
TOTALS
 
12HR 7-19    430      0      0      0      0      0      0      61
16HR 6-22    470      0      0      0      0      0      0      67
18HR 6-24    470      0      0      0      0      0      0      67
24HR 0-24    506      0      0      0      0      0      0      72
 
 
 
 
*LOCATION   : ............................................................
*SITE NUMBER: 12103615
*FILE NUMBER:        1
*INTERVAL   :   15 MIN
*BATTERY    :    6.5 V
*RESTARTS   :        0
*CONFIG     :       12
*CHANNEL    :  2 OF  2
 
             MON    TUE    WED    THU    FRI    SAT    SUN    7-DAY
DATE    08/09/22     23     24     25     26     27     28   AVERAGE
 
START HOUR
 
    0          0      0      0      0      0      0      0       0
    1          0      0      0      0      0      0      0       0
    2          0      0      0      0      0      0      0       0
    3          0      0      0      0      0      0      0       0
    4          0      0      0      0      0      0      0       0
    5          0      0      0      0      0      0      0       0
    6          0      0      0      0      0      0      0       0
    7          0      0      0      0      0      0      0       0
    8          0      0      0      0      0      0      0       0
    9          0      0      0      0      0      0      0       0
   10          0      0      0      0      0      0      0       0
   11          0      0      0      0      0      0      0       0
   12          0      0      0      0      0      0      0       0
   13          0      0      0      0      0      0      0       0
   14          0      0      0      0      0      0      0       0
   15          0      0      0      0      0      0      0       0
   16          0      0      0      0      0      0      0       0
   17          0      0      0      0      0      0      0       0
   18          0      0      0      0      0      0      0       0
   19          0      0      0      0      0      0      0       0
   20          0      0      0      0      0      0      0       0
   21          0      0      0      0      0      0      0       0
   22          0      0      0      0      0      0      0       0
   23          0      0      0      0      0      0      0       0
 
TOTALS
 
12HR 7-19      0      0      0      0      0      0      0       0
16HR 6-22      0      0      0      0      0      0      0       0
18HR 6-24      0      0      0      0      0      0      0       0
24HR 0-24      0      0      0      0      0      0      0       0
 
 
 
 
*LOCATION   : ............................................................
*SITE NUMBER: 12103615
*FILE NUMBER:        1
*INTERVAL   :   15 MIN
*BATTERY    :    6.5 V
*RESTARTS   :        0
*CONFIG     :       12
*CHANNEL    :  2 OF  2
 
             MON    TUE    WED    THU    FRI    SAT    SUN    7-DAY
DATE    08/09/29     30     01     02     03     04     05   AVERAGE
 
START HOUR
 
    0          0      0      0      0      0      -      -       -
    1          0      0      0      0      0      -      -       -
    2          0      0      0      0      0      -      -       -
    3          0      0      0      0      0      -      -       -
    4          0      0      0      0      0      -      -       -
    5          0      0      0      0      0      -      -       -
    6          0      0      0      0      0      -      -       -
    7          0      0      0      0      0      -      -       -
    8          0      0      0      0      0      -      -       -
    9          0      0      0      0      0      -      -       -
   10          0      0      0      0      0      -      -       -
   11          0      0      0      0      0      -      -       -
   12          0      0      0      0      0      -      -       -
   13          0      0      0      0      -      -      -       -
   14          0      0      0      0      -      -      -       -
   15          0      0      0      0      -      -      -       -
   16          0      0      0      0      -      -      -       -
   17          0      0      0      0      -      -      -       -
   18          0      0      0      0      -      -      -       -
   19          0      0      0      0      -      -      -       -
   20          0      0      0      0      -      -      -       -
   21          0      0      0      0      -      -      -       -
   22          0      0      0      0      -      -      -       -
   23          0      0      0      0      -      -      -       -
 
TOTALS
 
12HR 7-19      0      0      0      0      -      -      -       -
16HR 6-22      0      0      0      0      -      -      -       -
18HR 6-24      0      0      0      0      -      -      -       -
24HR 0-24      0      0      0      0      -      -      -       -
 
