
 
 
*LOCATION   : ............................................................
*SITE NUMBER: 10701902
*FILE NUMBER:        1
*INTERVAL   :   15 MIN
*BATTERY    :    5.9 V
*RESTARTS   :        0
*CONFIG     :        0
*CHANNEL    :  1 OF  1
 
             MON    TUE    WED    THU    FRI    SAT    SUN    7-DAY
DATE    04/05/03     04     05     06     07     08     09   AVERAGE
 
START HOUR
 
    0          -      2      4     11      9     16     15       -
    1          -      0      4      7      7     14     15       -
    2          -      3      2      1      2     20      9       -
    3          -      3      1      1      5     19      9       -
    4          -      1      1      4      3     13      5       -
    5          -     10      9     16     12      6      1       -
    6          -     60     69     68     52      7      7       -
    7          -    175    193    216    178     16     14       -
    8          -    258    262    255    240     34     26       -
    9          -    125    120    163    139     57     40       -
   10          -     56     94    109    106     77     60       -
   11         91     47    105    107     94     90     89      89
   12        105     61     84    112    105    124    124     102
   13        101     61     98     91    139    117    133     106
   14        107     65    124    122    139    129    128     116
   15        202    152    209    202    233    132    116     178
   16        308    230    293    337    268    139    103     240
   17        234    202    224    221    186    105    121     185
   18        132    120    182    144    146    111    107     135
   19         95     80    132     94     99     73    106      97
   20         87     82    117    100     94     62     81      89
   21         48     40     62     87     67     47     48      57
   22         12     23     30     32     43     40     18      28
   23         10     13     18     17     35     36     11      20
 
TOTALS
 
12HR 7-19      -   1552   1988   2079   1973   1131   1061       -
16HR 6-22      -   1814   2368   2428   2285   1320   1303       -
18HR 6-24      -   1850   2416   2477   2363   1396   1332       -
24HR 0-24      -   1869   2437   2517   2401   1484   1386       -

 
 
 
 











*LOCATION   : ............................................................
*SITE NUMBER: 10701902
*FILE NUMBER:        1
*INTERVAL   :   15 MIN
*BATTERY    :    5.9 V
*RESTARTS   :        0
*CONFIG     :        0
*CHANNEL    :  1 OF  1
 
             MON    TUE    WED    THU    FRI    SAT    SUN    7-DAY
DATE    04/05/10     11     12     13     14     15     16   AVERAGE
 
START HOUR
 
    0         11      2      6     12      4     17      6       8
    1          4      8      8      8     11      2      7       7
    2          0      2      4      2      6      4     11       4
    3          2      0      0      4      1      3     10       3
    4          5      1      0      3      2      4      7       3
    5         15     10     18     11     10      4      6      11
    6         57     53     56     54     39      6      5      39
    7        208    162    161    155    129      7     10     119
    8        280    222    220    205    182     27     11     164
    9        170    118    143    125    140     55     33     112
   10         99     64    101     92     59     71     61      78
   11        110     66     70     79     73     70     82      79
   12         90     75     97     83     77     93    104      88
   13        102     84     84     66     71    117     99      89
   14        133     94    109     77    119     90    119     106
   15        183    141    152    146    140     68     85     131
   16        219    216    232    214    186     73     84     175
   17        211    217    177    160    106     67     73     144
   18        138    136    120    110     92     50     70     102
   19        127    100     97     98     48     34     49      79
   20        109     91     72     59     50     26     54      66
   21         51     47     43     57     26     17     31      39
   22         18     20     20     28     18     19     24      21
   23         11     15     23     25      8     12     13      15
 
TOTALS
 
12HR 7-19   1943   1595   1666   1512   1374    788    831    1387
16HR 6-22   2287   1886   1934   1780   1537    871    970    1609
18HR 6-24   2316   1921   1977   1833   1563    902   1007    1646
24HR 0-24   2353   1944   2013   1873   1597    936   1054    1681

 
 
 
 
*LOCATION   : ............................................................
*SITE NUMBER: 10701902
*FILE NUMBER:        1
*INTERVAL   :   15 MIN
*BATTERY    :    5.9 V
*RESTARTS   :        0
*CONFIG     :        0
*CHANNEL    :  1 OF  1
 
             MON    TUE    WED    THU    FRI    SAT    SUN    7-DAY
DATE    04/05/17     18     19     20     21     22     23   AVERAGE
 
START HOUR
 
    0          5      5      6      6      6     11      7       7
    1          2      2      2      5      6      6     14       5
    2          2      4      1     11      3      9      7       5
    3          1      2      1      4      1      3     15       4
    4          4      2      2      2      3      2      6       3
    5         10      9      9      2      9      5      3       7
    6         71     50     46      7     35      7      3      31
    7        199     96    125      8    102      9      5      78
    8        262     74    140     14    141     23      9      95
    9        154     81     66     23     88     39     17      67
   10         83     44     66     42     72     55     19      54
   11         97     34     57     52     72     60     64      62
   12         92     14     68     65     91     98     48      68
   13         85     26     63     64     82    107     82      73
   14        115     33     71     52     83    126     68      78
   15        156     80    125     83    120     96     80     106
   16        266     92    172     83    157     76     69     131
   17        226     96    121     60    126     52     51     105
   18        168     72     62     54     84     68     68      82
   19        124     73     38     56     77     26     46      63
   20        117     48     26     42     51     21     60      52
   21         50     37     20     24     46     26     21      32
   22         20     15     17     18     27     20     17      19
   23         13     16     14     10     10     16      8      12
 
TOTALS
 
12HR 7-19   1903    742   1136    600   1218    809    580     998
16HR 6-22   2265    950   1266    729   1427    889    710    1177
18HR 6-24   2298    981   1297    757   1464    925    735    1208
24HR 0-24   2322   1005   1318    787   1492    961    787    1239

 
 
 
 












*LOCATION   : ............................................................
*SITE NUMBER: 10701902
*FILE NUMBER:        1
*INTERVAL   :   15 MIN
*BATTERY    :    5.9 V
*RESTARTS   :        0
*CONFIG     :        0
*CHANNEL    :  1 OF  1
 
             MON    TUE    WED    THU    FRI    SAT    SUN    7-DAY
DATE    04/05/24     25     26     27     28     29     30   AVERAGE
 
START HOUR
 
    0          5      9     12     11     11     14      6      10
    1          0      5      5     11      7      7      5       6
    2          1      2      2      4      1      7      8       4
    3          6      0      2      1      3      5      9       4
    4          2      1      3      0      5      5      7       3
    5         13     12     15     16     15      7      4      12
    6         67     69     80     62     57      8      7      50
    7        188    212    209    192    170      3      5     140
    8        232    252    259    230    230      7      6     174
    9        143    137    150    133     97     10     12      97
   10         85     96     81     73     87     13     40      68
   11         89     80     98     76     99     12     62      74
   12         83    101     87     80     89     12     81      76
   13         91    118     96     76     76     31     36      75
   14        108    106    104    111    110     40     45      89
   15        158    185    199    192    171     45     43     142
   16        265    291    311    266    231     58     45     210
   17        215    222    225    226    176     35     64     166
   18        184    194    186    139    119     33     61     131
   19        113    149    138    109     82     34     40      95
   20         94    112     97     78     65     25     34      72
   21         62     54     58     51     47     33     23      47
   22         30     34     44     36     16     14     10      26
   23         16     18     26     20     17      8      3      15
 
TOTALS
 
12HR 7-19   1841   1994   2005   1794   1655    299    500    1441
16HR 6-22   2177   2378   2378   2094   1906    399    604    1705
18HR 6-24   2223   2430   2448   2150   1939    421    617    1747
24HR 0-24   2250   2459   2487   2193   1981    466    656    1785

 
 
 
 







*LOCATION   : ............................................................
*SITE NUMBER: 10701902
*FILE NUMBER:        1
*INTERVAL   :   15 MIN
*BATTERY    :    5.9 V
*RESTARTS   :        0
*CONFIG     :        0
*CHANNEL    :  1 OF  1
 
             MON    TUE    WED    THU    FRI    SAT    SUN    7-DAY
DATE    04/05/31     01     02     03     04     05     06   AVERAGE
 
START HOUR
 
    0          0      7      -      -      -      -      -       -
    1          0      1      -      -      -      -      -       -
    2          2      0      -      -      -      -      -       -
    3          0      0      -      -      -      -      -       -
    4          2      2      -      -      -      -      -       -
    5          9     14      -      -      -      -      -       -
    6         59     64      -      -      -      -      -       -
    7        174    196      -      -      -      -      -       -
    8        224    247      -      -      -      -      -       -
    9         97      -      -      -      -      -      -       -
   10         61      -      -      -      -      -      -       -
   11         61      -      -      -      -      -      -       -
   12         63      -      -      -      -      -      -       -
   13        108      -      -      -      -      -      -       -
   14         81      -      -      -      -      -      -       -
   15        159      -      -      -      -      -      -       -
   16        255      -      -      -      -      -      -       -
   17        131      -      -      -      -      -      -       -
   18        131      -      -      -      -      -      -       -
   19         99      -      -      -      -      -      -       -
   20         44      -      -      -      -      -      -       -
   21         47      -      -      -      -      -      -       -
   22         
