 
 
 
*LOCATION   : ............................................................
*SITE NUMBER: 11501928
*FILE NUMBER:        2
*INTERVAL   :   15 MIN
*BATTERY    :    5.8 V
*RESTARTS   :        0
*CONFIG     :       12
*CHANNEL    :  1 OF  2
 
             TUE    WED    THU    FRI    SAT    SUN    MON    7-DAY
DATE    04/05/04     05     06     07     08     09     10   AVERAGE
 
START HOUR
 
    0          -      4     14      9     36     20      6       -
    1          -      4     10      9     19     22     12       -
    2          -      1      2      6     13     13      2       -
    3          -      2      2      2     10     14      0       -
    4          -      3      3      4      3     10      3       -
    5          -     10      8     13      4      2     14       -
    6          -     51     55     51     12      6     67       -
    7          -    129    146    134     21      9    165       -
    8          -    231    232    253     35     19    267       -
    9        116    132    147    144     55     45    127     109
   10         69     88    110    110     70     50    115      87
   11         56     94    113    133    151     90    108     106
   12         69     84    117    121    121    123    105     106
   13         60    104    120    137    161    136    117     119
   14         82    117    140    153    141    146    105     126
   15        126    172    210    204    132    107    191     163
   16        196    234    289    262    119     89    234     203
   17        160    200    193    199     99    103    183     162
   18         86    153    108    142     96     89    128     115
   19         66    124     79     96     71     95     93      89
   20         73     80    105     76     75     73     92      82
   21         44     67     80     62     44     41     52      56
   22         24     28     55     35     46     34     33      36
   23         17     25     32     42     44     18     14      27
 
TOTALS
 
12HR 7-19      -   1738   1925   1992   1201   1006   1845       -
16HR 6-22      -   2060   2244   2277   1403   1221   2149       -
18HR 6-24      -   2113   2331   2354   1493   1273   2196       -
24HR 0-24      -   2137   2370   2397   1578   1354   2233       -

 
 
 
 








*LOCATION   : ............................................................
*SITE NUMBER: 11501928
*FILE NUMBER:        2
*INTERVAL   :   15 MIN
*BATTERY    :    5.8 V
*RESTARTS   :        0
*CONFIG     :       12
*CHANNEL    :  1 OF  2
 
             TUE    WED    THU    FRI    SAT    SUN    MON    7-DAY
DATE    04/05/11     12     13     14     15     16     17   AVERAGE
 
START HOUR
 
    0         13      9      6     14     16      9      5      10
    1          3      2      8      6     18     11      6       8
    2          1      2      2      9     13     14      1       6
    3          0      1      4      1      4     17      2       4
    4          0      1      8      3      3      6      3       3
    5         11      9     13      7      2      4     11       8
    6         50     47     43     44      7      3     54      35
    7        114    122    120    102      8     12    145      89
    8        199    217    176    174     24     16    239     149
    9        131    149    114    115     39     27    158     105
   10         81     84    102     86     51     44    102      79
   11         87     97     84     81     79     62     78      81
   12         83     67     77     81     78     56     80      75
   13         76     85     89     95     81     91     94      87
   14         95     74     96     76     83     86    102      87
   15        146    157    136    148     65     73    181     129
   16        218    192    166    185     70     61    250     163
   17        166    167    165    110     64     61    216     136
   18        113    125    102     77     36     40    144      91
   19         83     89     56     49     38     52    117      69
   20         71     66     54     35     26     54     79      55
   21         49     44     46     22     22     23     61      38
   22         29     30     22     19     20     25     21      24
   23         22     17     15     14     16     16     19      17
 
TOTALS
 
12HR 7-19   1509   1536   1427   1330    678    629   1789    1271
16HR 6-22   1762   1782   1626   1480    771    761   2100    1469
18HR 6-24   1813   1829   1663   1513    807    802   2140    1510
24HR 0-24   1841   1853   1704   1553    863    863   2168    1549

 
 
 







*LOCATION   : ............................................................
*SITE NUMBER: 11501928
*FILE NUMBER:        2
*INTERVAL   :   15 MIN
*BATTERY    :    5.8 V
*RESTARTS   :        0
*CONFIG     :       12
*CHANNEL    :  1 OF  2
 
             TUE    WED    THU    FRI    SAT    SUN    MON    7-DAY
DATE    04/05/18     19     20     21     22     23     24   AVERAGE
 
START HOUR
 
    0         13      8      5      5     22     14      2      10
    1          6      3      9     11      7      8      3       7
    2          1      2      5      2      5      4      2       3
    3          0      3      5      0      5      8      3       3
    4          4      1      2      2      4      3      1       2
    5         16      8      0     12      7      0     15       8
    6         36     29      7     36      5      8     59      26
    7         57    102      9     72      4      2    131      54
    8         71    143     15    135     17     14    211      87
    9         51    101     32     86     30     13    148      66
   10         69     68     28     67     40     25     88      55
   11         47     85     50     86     66     40     70      63
   12         34     95     52     85     87     51     89      70
   13         28    106     69     87     94     70    102      79
   14         40     97     66     77     87     71    104      77
   15         64    129     58    110     47     64    143      88
   16         94    149     60    150     46     62    256     117
   17         87    118     58    121     36     57    190      95
   18         66     57     64     67     42     52    151      71
   19         42     30     55     46     30     60    103      52
   20         44     34     47     55     26     52     90      50
   21         36     36     29     37     20     19     49      32
   22         14     14     24     28     15     17     20      19
   23          8     15     17     19     11     11     17      14
 
TOTALS
 
12HR 7-19    708   1250    561   1143    596    521   1683     923
16HR 6-22    866   1379    699   1317    677    660   1984    1083
18HR 6-24    888   1408    740   1364    703    688   2021    1116
24HR 0-24    928   1433    766   1396    753    725   2047    1150

 
 
 
 








*LOCATION   : ............................................................
*SITE NUMBER: 11501928
*FILE NUMBER:        2
*INTERVAL   :   15 MIN
*BATTERY    :    5.8 V
*RESTARTS   :        0
*CONFIG     :       12
*CHANNEL    :  1 OF  2
 
             TUE    WED    THU    FRI    SAT    SUN    MON    7-DAY
DATE    04/05/25     26     27     28     29     30     31   AVERAGE
 
START HOUR
 
    0          7     11     18     22     26     18      6      15
    1          5      5     12     10     16      9      1       8
    2          1      3      4      7     13     10      0       5
    3          1      0      0      4      8      4      2       3
    4          2      4      1      4      1      6      7       4
    5         11     13     12     15      4      2     11      10
    6         52     57     47     46      6      2     53      38
    7        129    147    123    124      9      8    141      97
    8        243    261    224    215      9      5    183     163
    9        137    137    145    153     14     18    134     105
   10         90    104     95    109     12     40     79      76
   11        111     97     87     98      6     64     65      75
   12        112    112     78    116     15     76    103      87
   13        113    118     97     90     32     34    106      84
   14        110    108    112     98     43     68    101      91
   15        187    179    166    148     47     48    152     132
   16        241    260    210    211     47     43    241     179
   17        209    259    186    172     44     83    139     156
   18        166    165    121     94     38     54     99     105
   19        100    143     89     55     35     50     74      78
   20         69     82     74     39     30     44     40      54
   21         67     55     48     53     31     22     41      45
   22         40     47     38     20     14     21     21      29
   23         26     33     20     15     11      9     13      18
 
TOTALS
 
12HR 7-19   1848   1947   1644   1628    316    541   1543    1352
16HR 6-22   2136   2284   1902   1821    418    659   1751    1567
18HR 6-24   2202   2364   1960   1856    443    689   1785    1614
24HR 0-24   2229   2400   2007   1918    511    738   1812    1659

 
 
 
 












*LOCATION   : ............................................................
*SITE NUMBER: 11501928
*FILE NUMBER:        2
*INTERVAL   :   15 MIN
*BATTERY    :    5.8 V
*RESTARTS   :        0
*CONFIG     :       12
*CHANNEL    :  1 OF  2
 
             TUE    WED    THU    FRI    SAT    SUN    MON    7-DAY
DATE    04/06/01     02     03     04     05     06     07   AVERAGE
 
START HOUR
 
    0         11      -      -      -      -      -      -       -
    1          4      -      -      -      -      -      -       -
    2          5      -      -      -      -      -      -       -
    3          2      -      -      -      -      -      -       -
    4          1      -      -      -      -      -      -       -
    5         12      -      -      -      -      -      -       -
    6         71      -      -      -      -      -      -       -
    7        149      -      -      -      -      -      -       -
    8        262      -      -      -      -      -      -       -
    9        171      -      -      -      -      -      -       -
   10        120      -      -      -      -      -      -       -
   11          -      -      -      -      -      -      -       -
   12          -      -      -      -      -      -      -       -
   13          -      -      -      -      -      -      -       -
   14          -      -      -      -      -      -      -       -
   15          -      -      -      -      -      -      -       -
   16          -      -      -      -      -      -      -       -
   17          -      -      -      -      -      -      -       -
   18          -      -      -      -      -      -      -       -
   19          -      -      -      -      -      -      -       -
   20          -      -      -      -      -      -      -       -
   21          -      -      -      -      -      -      -       -
   22          -      -      -      -      -      -      -       -
   23          -      -      -      -      -      -      -       -
 
TOTALS
 
12HR 7-19      -      -      -      -      -      -      -       -
16HR 6-22      -      -      -      -      -      -      -       -
18HR 6-24      -      -      -      -      -      -      -       -
24HR 0-24      -      -      -      -      -      -      -       -

 
 
 

