 
 
 
*LOCATION   : ............................................................
*SITE NUMBER: 10304925
*FILE NUMBER:        5
*INTERVAL   :   15 MIN
*BATTERY    :    6.8 V
*RESTARTS   :        0
*CONFIG     :        0
*CHANNEL    :  1 OF  1
 
             MON    TUE    WED    THU    FRI    SAT    SUN    7-DAY
DATE    08/12/01     02     03     04     05     06     07   AVERAGE
 
START HOUR
 
    0          -      1      0      2      3      4      1       -
    1          -      0      3      1      2      1      2       -
    2          -      0      0      1      0      2      1       -
    3          -      0      0      1      0      2      1       -
    4          -      0      0      0      2      1      2       -
    5          -      6      6      4      4      2      1       -
    6          -     19     23     16     12      1      1       -
    7          -     46     39     44     24      2      0       -
    8          -     36     34     35     28      5      3       -
    9          -     19     17     13     19      3      2       -
   10          -     13     12      9     10     11      9       -
   11          -      6     10     12     18      9      8       -
   12          2     14      6      8      8     16     18      10
   13          4      8      3      2     10     17      9       8
   14         12     24     10     11     25     19      9      16
   15         18     32     28     28     22     11      4      20
   16         34     34     41     38     28      6      7      27
   17         17     29     25     27     22      9      7      19
   18         12     23     12     15      8      4      6      11
   19         12      9      8      6      9      4      6       8
   20          8     10     12     11     12      3      2       8
   21          8      4      6      6      1      1      5       4
   22          2      2      0      2      3      4      2       2
   23          0      0      1      0      3      2      3       1
 
TOTALS
 
12HR 7-19      -    284    237    242    222    112     82       -
16HR 6-22      -    326    286    281    256    121     96       -
18HR 6-24      -    328    287    283    262    127    101       -
24HR 0-24      -    335    296    292    273    139    109       -
 
 
 
 
*LOCATION   : ............................................................
*SITE NUMBER: 10304925
*FILE NUMBER:        5
*INTERVAL   :   15 MIN
*BATTERY    :    6.8 V
*RESTARTS   :        0
*CONFIG     :        0
*CHANNEL    :  1 OF  1
 
             MON    TUE    WED    THU    FRI    SAT    SUN    7-DAY
DATE    08/12/08     09     10     11     12     13     14   AVERAGE
 
START HOUR
 
    0          1      1      0      0      0      6      5       2
    1          1      4      0      0      0      1      0       1
    2          0      0      2      0      0      1      0       0
    3          0      0      0      2      0      3      2       1
    4          1      0      0      0      1      2      0       1
    5          7      4      3      5      6      3      1       4
    6         17     15      8      5     10      2      4       9
    7         53     46     25     24     27      4      4      26
    8         31     28     22     23     26      3      0      19
    9         18      8     17     16     12      6      3      11
   10          8     11      3      7      5      9      5       7
   11          8      2      4      4      7     17     20       9
   12          9     11      6      3      8     11     11       8
   13          8      5      7      2     11     18     18      10
   14         12      9      9      7     13     19     21      13
   15         29     17     17     17     20     14     21      19
   16         33     32     25     20     22      7      9      21
   17         22     22      9     16     24      8      4      15
   18         19      9     12     13      4      4      7      10
   19         22      7      5      4      8      8      3       8
   20          7      9      1      5      2      4      8       5
   21         12      2      6      6      1      8      6       6
   22          3      2      2      2      4      1      2       2
   23          1      1      1      1      1      1      2       1
 
TOTALS
 
12HR 7-19    250    200    156    152    179    120    123     169
16HR 6-22    308    233    176    172    200    142    144     196
18HR 6-24    312    236    179    175    205    144    148     200
24HR 0-24    322    245    184    182    212    160    156     209
 
 
 
 
*LOCATION   : ............................................................
*SITE NUMBER: 10304925
*FILE NUMBER:        5
*INTERVAL   :   15 MIN
*BATTERY    :    6.8 V
*RESTARTS   :        0
*CONFIG     :        0
*CHANNEL    :  1 OF  1
 
             MON    TUE    WED    THU    FRI    SAT    SUN    7-DAY
DATE    08/12/15     16     17     18     19     20     21   AVERAGE
 
START HOUR
 
    0          0      0      5      2      4      2      3       2
    1          0      1      2      2      0      0      1       1
    2          1      1      0      0      0      1      0       0
    3          0      0      0      0      0      0      0       0
    4          0      0      1      0      2      0      0       0
    5          8      7      4      2      8      0      1       4
    6         23     22     21     14     16      3      1      14
    7         45     31     36     27     22      4      2      24
    8         38     35     31     19     27      2      0      22
    9         19     18     13     15     10      6      3      12
   10         13      9      9      5      8      5     10       8
   11          9     10      8      9      8      5      8       8
   12         13     10      6      6      6      3     10       8
   13         14      9      8      6      9      8     15      10
   14         10     12     13      9     18      5      2      10
   15         34     21     21     13     19     10      4      17
   16         40     35     34     23     25      3      2      23
   17         25     26     15      9     15      1      5      14
   18         17     21     13     12      8      1      5      11
   19         10     15     12      7     11      3      2       9
   20         10     10     10      5      2      5      3       6
   21          7      8      6      6      4      5      1       5
   22          9      2      0      0      2      0      3       2
   23          2      1      2      0      0      0      0       1
 
TOTALS
 
12HR 7-19    277    237    207    153    175     53     66     167
16HR 6-22    327    292    256    185    208     69     73     201
18HR 6-24    338    295    258    185    210     69     76     204
24HR 0-24    347    304    270    191    224     72     81     213
 
 
 
 
*LOCATION   : ............................................................
*SITE NUMBER: 10304925
*FILE NUMBER:        5
*INTERVAL   :   15 MIN
*BATTERY    :    6.8 V
*RESTARTS   :        0
*CONFIG     :        0
*CHANNEL    :  1 OF  1
 
             MON    TUE    WED    THU    FRI    SAT    SUN    7-DAY
DATE    08/12/22     23     24     25     26     27     28   AVERAGE
 
START HOUR
 
    0          2      2      0      1      1      2      2       1
    1          1      0      0      1      0      1      0       0
    2          0      0      0      0      0      0      0       0
    3          0      0      4      0      1      0      0       1
    4          0      0      0      0      0      1      0       0
    5          0      0      0      0      0      0      1       0
    6          6     10      0      1      3      1      0       3
    7         14     14      0      1      1      2      2       5
    8         13      6      0      0      4      2      0       4
    9          6      6      1      1      3      3      2       3
   10          3      5      0      3      6      5      5       4
   11          9      3      3      2      7      8      7       6
   12         11      7      4      8     12     10     12       9
   13         13      7      6     10      9      9      9       9
   14         10     11      6      9     14      5     12      10
   15         21     11      6      1      1     10      5       8
   16         15     12      4      3      4     10     10       8
   17         16      3      1      0      7      2      1       4
   18          7      2      2      0      0      1      1       2
   19          9      2      3      1      2      1      6       3
   20          5      1      1      1      4      1      2       2
   21          6      2      4      2      5      3      1       3
   22          3      2      2      0      0      1      3       2
   23          0      0      2      2      1      1      1       1
 
TOTALS
 
12HR 7-19    138     87     33     38     68     67     66      71
16HR 6-22    164    102     41     43     82     73     75      83
18HR 6-24    167    104     45     45     83     75     79      85
24HR 0-24    170    106     49     47     85     79     82      88
 
 
 
 
*LOCATION   : ............................................................
*SITE NUMBER: 10304925
*FILE NUMBER:        5
*INTERVAL   :   15 MIN
*BATTERY    :    6.8 V
*RESTARTS   :        0
*CONFIG     :        0
*CHANNEL    :  1 OF  1
 
             MON    TUE    WED    THU    FRI    SAT    SUN    7-DAY
DATE    08/12/29     30     31     01     02     03     04   AVERAGE
 
START HOUR
 
    0          0      0      1      1      0      1      0       0
    1          0      0      1      2      0      0      1       1
    2          0      0      0      1      0      0      0       0
    3          1      0      0      2      0      0      0       0
    4          0      0      0      2      1      0      0       0
    5          0      0      1      1      1      0      0       0
    6          8     10      6      0      6      0      0       4
    7         22     20     19      1      9      0      2      10
    8         17     18     10      2     10      0      2       8
    9          5     13     12      2      3      3      1       6
   10          4      9      4      4      4      4      3       5
   11          8      9      7      6      6      3      3       6
   12         13      8     12      4     10      2      7       8
   13         12      1     11      4      6      1      4       6
   14         13     12     13      5      8      7      3       9
   15         16     12     15      6     12      0      2       9
   16         26     27      7      8     11      1      1      12
   17          9     17      7      3      7      5      7       8
   18          3      7      6      1      8      3      5       5
   19          5     12      6      1      2      0      3       4
   20          6      4      1      2      3      1      1       3
   21          6      7      2      3      3      1      1       3
   22          0      3      1      3      0      0      1       1
   23          1      0      0      0      1      0      0       0
 
TOTALS
 
12HR 7-19    148    153    123     46     94     29     40      90
16HR 6-22    173    186    138     52    108     31     45     105
18HR 6-24    174    189    139     55    109     31     46     106
24HR 0-24    175    189    142     64    111     32     47     109
 
 
 
 
*LOCATION   : ............................................................
*SITE NUMBER: 10304925
*FILE NUMBER:        5
*INTERVAL   :   15 MIN
*BATTERY    :    6.8 V
*RESTARTS   :        0
*CONFIG     :        0
*CHANNEL    :  1 OF  1
 
             MON    TUE    WED    THU    FRI    SAT    SUN    7-DAY
DATE    09/01/05     06     07     08     09     10     11   AVERAGE
 
START HOUR
 
    0          0      -      -      -      -      -      -       -
    1          0      -      -      -      -      -      -       -
    2          0      -      -      -      -      -      -       -
    3          0      -      -      -      -      -      -       -
    4          0      -      -      -      -      -      -       -
    5          3      -      -      -      -      -      -       -
    6          5      -      -      -      -      -      -       -
    7         13      -      -      -      -      -      -       -
    8         15      -      -      -      -      -      -       -
    9          3      -      -      -      -      -      -       -
   10          -      -      -      -      -      -      -       -
   11          -      -      -      -      -      -      -       -
   12          -      -      -      -      -      -      -       -
   13          -      -      -      -      -      -      -       -
   14          -      -      -      -      -      -      -       -
   15          -      -      -      -      -      -      -       -
   16          -      -      -      -      -      -      -       -
   17          -      -      -      -      -      -      -       -
   18          -      -      -      -      -      -      -       -
   19          -      -      -      -      -      -      -       -
   20          -      -      -      -      -      -      -       -
   21          -      -      -      -      -      -      -       -
   22          -      -      -      -      -      -      -       -
   23          -      -      -      -      -      -      -       -
 
TOTALS
 
12HR 7-19      -      -      -      -      -      -      -       -
16HR 6-22      -      -      -      -      -      -      -       -
18HR 6-24      -      -      -      -      -      -      -       -
24HR 0-24      -      -      -      -      -      -      -       -
 
