 
 
 
*LOCATION   : ............................................................
*SITE NUMBER: 10704906
*FILE NUMBER:        2
*INTERVAL   :   15 MIN
*BATTERY    :    6.3 V
*RESTARTS   :        0
*CONFIG     :        0
*CHANNEL    :  1 OF  1
 
             MON    TUE    WED    THU    FRI    SAT    SUN    7-DAY
DATE    08/12/01     02     03     04     05     06     07   AVERAGE
 
START HOUR
 
    0          -      0      2      1      3      1      2       -
    1          -      1      1      1      0      1      2       -
    2          -      2      0      0      0      0      3       -
    3          -      0      1      2      0      4      2       -
    4          -      0      0      1      0      3      2       -
    5          -      6      3      3      6      4      1       -
    6          -     22     15     12     17      3      4       -
    7          -     46     38     45     32      5      3       -
    8          -     63     58     59     56      3      1       -
    9          -     55     43     43     38      9      6       -
   10          -     24     25     20     25     13     10       -
   11          8     16     13     27     21     10     11      15
   12         16     19     16     10     38     16      7      17
   13         23     17     16     16     38     26     18      22
   14         18     28     29     22     29     24     16      24
   15         25     46     45     50     34     20     15      34
   16         65     70     63     53     64     12     11      48
   17         45     40     45     43     33     12      9      32
   18         29     34     37     25     26     10      7      24
   19         14     18     22     11     11     10      7      13
   20         15     15     18     14     11     17     12      15
   21         12      8      7     12     13      6      6       9
   22          1      4      8      4      6      3      4       4
   23          3      2      2      4      9      3      7       4
 
TOTALS
 
12HR 7-19      -    458    428    413    434    160    114       -
16HR 6-22      -    521    490    462    486    196    143       -
18HR 6-24      -    527    500    470    501    202    154       -
24HR 0-24      -    536    507    478    510    215    166       -
 
 
 
 
*LOCATION   : ............................................................
*SITE NUMBER: 10704906
*FILE NUMBER:        2
*INTERVAL   :   15 MIN
*BATTERY    :    6.3 V
*RESTARTS   :        0
*CONFIG     :        0
*CHANNEL    :  1 OF  1
 
             MON    TUE    WED    THU    FRI    SAT    SUN    7-DAY
DATE    08/12/08     09     10     11     12     13     14   AVERAGE
 
START HOUR
 
    0          1      3      0      1      2      3      4       2
    1          0      1      1      1      0      3      3       1
    2          1      3      0      2      1      3      1       2
    3          0      1      0      0      2      2      2       1
    4          0      0      0      1      2      3      2       1
    5          3      4      3      3      6      3      0       3
    6         17     11      8      9     11      2      6       9
    7         52     39     29     19     25      2      4      24
    8         47     42     37     34     33      4      5      29
    9         43     31     25     30     26     17      5      25
   10         19     13     15     15     10     13     11      14
   11         15     12     10     15     18     25     17      16
   12         21     20     12     14     11     18      7      15
   13         26     22     12     16     12     15     28      19
   14         27     17      8     17     16     16     31      19
   15         30     22     26     23     26      8     15      21
   16         65     41     46     39     36     15     20      37
   17         46     33     28     27     33     15     13      28
   18         39     37     18     25     24     12      7      23
   19         17     14     13     14      8      4      2      10
   20         14     13     10      8      9      6      9      10
   21          5      4      5      9      4      6      3       5
   22          5      4      1      5      5     10      2       5
   23          2      1      1      2      6      2      4       3
 
TOTALS
 
12HR 7-19    430    329    266    274    270    160    163     270
16HR 6-22    483    371    302    314    302    178    183     305
18HR 6-24    490    376    304    321    313    190    189     312
24HR 0-24    495    388    308    329    326    207    201     322
 
 
 
 
*LOCATION   : ............................................................
*SITE NUMBER: 10704906
*FILE NUMBER:        2
*INTERVAL   :   15 MIN
*BATTERY    :    6.3 V
*RESTARTS   :        0
*CONFIG     :        0
*CHANNEL    :  1 OF  1
 
             MON    TUE    WED    THU    FRI    SAT    SUN    7-DAY
DATE    08/12/15     16     17     18     19     20     21   AVERAGE
 
START HOUR
 
    0          1      4      2      0      4      4      3       3
    1          0      2      1      2      2      5      0       2
    2          0      1      3      0      0      3      2       1
    3          2      0      0      0      1      0      2       1
    4          0      1      0      1      3      2      1       1
    5          7      5      6      9      7      2      1       5
    6         13     16     20     14      8      4      3      11
    7         42     39     34     21     22      1      1      23
    8         59     66     55     36     32      6      5      37
    9         40     38     33     23     29      8      2      25
   10         22     21     24      9     20      4      7      15
   11         15     14     19     17     11     12      9      14
   12         15     18     23     11     18     15     13      16
   13         15     20     27     17     33     22     21      22
   14         22     26     26     18     30     16     25      23
   15         45     42     25     35     37      6     14      29
   16         63     57     52     37     45     11      9      39
   17         42     44     43     36     31      5     16      31
   18         33     40     29     24     29     13      4      25
   19         18     15     15     18     11      5      7      13
   20         13     18      7      8      4      4      3       8
   21         14     11      8      8      8      2      7       8
   22          4      7      3      2      6      5      2       4
   23          3      5      5      5      2      1      0       3
 
TOTALS
 
12HR 7-19    413    425    390    284    337    119    126     299
16HR 6-22    471    485    440    332    368    134    146     339
18HR 6-24    478    497    448    339    376    140    148     347
24HR 0-24    488    510    460    351    393    156    157     359
 
 
 
 
*LOCATION   : ............................................................
*SITE NUMBER: 10704906
*FILE NUMBER:        2
*INTERVAL   :   15 MIN
*BATTERY    :    6.3 V
*RESTARTS   :        0
*CONFIG     :        0
*CHANNEL    :  1 OF  1
 
             MON    TUE    WED    THU    FRI    SAT    SUN    7-DAY
DATE    08/12/22     23     24     25     26     27     28   AVERAGE
 
START HOUR
 
    0          2      1      0      1      0      1      2       1
    1          1      1      1      3      2      1      0       1
    2          1      1      0      0      0      0      2       1
    3          0      2      1      0      0      1      1       1
    4          1      1      2      1      0      1      0       1
    5          3      2      0      0      1      1      1       1
    6         11     10      4      0      4      4      4       5
    7         18     21      2      2      0      1      5       7
    8         24     21      6      0      3      3      0       8
    9         21     12      5      4      4     11      3       9
   10         18     12      6      5      4      8      0       8
   11          9      8      6      8      3     14      7       8
   12         11     19      5      5      5     15      9      10
   13         22     11      9      8     11     17     17      14
   14         19     14      6      2      7     18     15      12
   15         18     23      4      5      8     18     14      13
   16         30     17      4      5      8     10     12      12
   17         21     12      1      0      3      7      9       8
   18         22      4      1      1      5      9     10       7
   19          8      5      2      4      5      6      9       6
   20          8      2      0      2      5      3      6       4
   21          6      4      1      1      7      2      8       4
   22          5      2      0      0      2      0      3       2
   23          0      0      2      3      2      4      2       2
 
TOTALS
 
12HR 7-19    233    174     55     45     61    131    101     114
16HR 6-22    266    195     62     52     82    146    128     133
18HR 6-24    271    197     64     55     86    150    133     137
24HR 0-24    279    205     68     60     89    155    139     142
 
 
 
 
*LOCATION   : ............................................................
*SITE NUMBER: 10704906
*FILE NUMBER:        2
*INTERVAL   :   15 MIN
*BATTERY    :    6.3 V
*RESTARTS   :        0
*CONFIG     :        0
*CHANNEL    :  1 OF  1
 
             MON    TUE    WED    THU    FRI    SAT    SUN    7-DAY
DATE    08/12/29     30     31     01     02     03     04   AVERAGE
 
START HOUR
 
    0          1      3      0      9      0      0      1       2
    1          0      1      1      3      0      2      0       1
    2          1      1      0      2      0      0      0       1
    3          1      0      0      1      0      0      2       1
    4          0      0      0      0      1      0      1       0
    5          3      3      2      1      3      3      0       2
    6         10     10      9      2      7      6      4       7
    7         23     31     24      4     13      1      4      14
    8         38     31     21      0     25      4      6      18
    9         21     24     13      0      9     21      3      13
   10         11     16     12      3     11      7      0       9
   11         13     15      9      7     13      5     12      11
   12         21     10     17      8     14     11      8      13
   13         23     15     25      7      9      7     12      14
   14         24     17     26     15     16     16     18      19
   15         24     32     40     12     17      7     15      21
   16         47     39     15      9     25      5      9      21
   17         29     27     14      2     11     11     10      15
   18         17     14     10      2      6      3      7       8
   19          9      9      5      4      5      2      3       5
   20          7      7      4      3      4      3      0       4
   21          6     11      4      2      5      2      0       4
   22          4      2      0      3      3      2      2       2
   23          3      4      9      0      1      2      1       3
 
TOTALS
 
12HR 7-19    291    271    226     69    169     98    104     175
16HR 6-22    323    308    248     80    190    111    111     196
18HR 6-24    330    314    257     83    194    115    114     201
24HR 0-24    336    322    260     99    198    120    118     208
 
 
 
 
*LOCATION   : ............................................................
*SITE NUMBER: 10704906
*FILE NUMBER:        2
*INTERVAL   :   15 MIN
*BATTERY    :    6.3 V
*RESTARTS   :        0
*CONFIG     :        0
*CHANNEL    :  1 OF  1
 
             MON    TUE    WED    THU    FRI    SAT    SUN    7-DAY
DATE    09/01/05     06     07     08     09     10     11   AVERAGE
 
START HOUR
 
    0          1      -      -      -      -      -      -       -
    1          1      -      -      -      -      -      -       -
    2          0      -      -      -      -      -      -       -
    3          0      -      -      -      -      -      -       -
    4          0      -      -      -      -      -      -       -
    5          1      -      -      -      -      -      -       -
    6         10      -      -      -      -      -      -       -
    7         21      -      -      -      -      -      -       -
    8         85      -      -      -      -      -      -       -
    9         23      -      -      -      -      -      -       -
   10          -      -      -      -      -      -      -       -
   11          -      -      -      -      -      -      -       -
   12          -      -      -      -      -      -      -       -
   13          -      -      -      -      -      -      -       -
   14          -      -      -      -      -      -      -       -
   15          -      -      -      -      -      -      -       -
   16          -      -      -      -      -      -      -       -
   17          -      -      -      -      -      -      -       -
   18          -      -      -      -      -      -      -       -
   19          -      -      -      -      -      -      -       -
   20          -      -      -      -      -      -      -       -
   21          -      -      -      -      -      -      -       -
   22          -      -      -      -      -      -      -       -
   23          -      -      -      -      -      -      -       -
 
TOTALS
 
12HR 7-19      -      -      -      -      -      -      -       -
16HR 6-22      -      -      -      -      -      -      -       -
18HR 6-24      -      -      -      -      -      -      -       -
24HR 0-24      -      -      -      -      -      -      -       -
 
