 
 
 
*LOCATION   : ............................................................
*SITE NUMBER: 10304901
*FILE NUMBER:        4
*INTERVAL   :   15 MIN
*BATTERY    :    6.1 V
*RESTARTS   :        0
*CONFIG     :       12
*CHANNEL    :  1 OF  2
 
             MON    TUE    WED    THU    FRI    SAT    SUN    7-DAY
DATE    04/11/29     30     01     02     03     04     05   AVERAGE
 
START HOUR
 
    0          -      2      0      0      0      1      0       -
    1          -      0      2      1      0      0      0       -
    2          -      0      0      0      0      0      1       -
    3          -      1      0      1      1      1      1       -
    4          -      0      0      0      0      0      0       -
    5          -      2      3      3      5      0      0       -
    6          -      8      7      7      6      0      0       -
    7          -     16     12     13     11      3      0       -
    8          -     14      7     10     10      1      1       -
    9          -      2      5      9      5      1      0       -
   10          -      3      0      1      1      2      2       -
   11          -      7      3      2      3      3      4       -
   12          0      3      5      2      3      0      1       2
   13          0      5      0      1      4      3      4       2
   14          1      4      4      4      3      4      1       3
   15          8      1      6      4      3      1      6       4
   16          4      4      4      7      3      3      1       4
   17          4      5      2      2      4      0      1       3
   18          2      0      2      0      0      2      2       1
   19          1      3      2      2      0      1      4       2
   20          1      3      4      1      2      1      0       2
   21          0      1      2      0      1      1      0       1
   22          1      0      1      0      2      0      0       1
   23          0      0      0      0      1      1      0       0
 
TOTALS
 
12HR 7-19      -     64     50     55     50     23     23       -
16HR 6-22      -     79     65     65     59     26     27       -
18HR 6-24      -     79     66     65     62     27     27       -
24HR 0-24      -     84     71     70     68     29     29       -
 
 
 
 
*LOCATION   : ............................................................
*SITE NUMBER: 10304901
*FILE NUMBER:        4
*INTERVAL   :   15 MIN
*BATTERY    :    6.1 V
*RESTARTS   :        0
*CONFIG     :       12
*CHANNEL    :  1 OF  2
 
             MON    TUE    WED    THU    FRI    SAT    SUN    7-DAY
DATE    04/12/06     07     08     09     10     11     12   AVERAGE
 
START HOUR
 
    0          0      1      0      0      0      0      1       0
    1          0      0      0      0      0      1      0       0
    2          0      0      0      0      0      0      1       0
    3          0      1      1      0      0      2      2       1
    4          1      0      0      1      2      0      0       1
    5          0      3      4      1      2      1      0       2
    6          0      8      9      7     11      2      0       5
    7          0     16     15     15     20      1      0      10
    8          2     14     11     15     15      3      1       9
    9          1      7      9      4      4      4      1       4
   10          4      6      5      6      4      3      2       4
   11          3      2     10      8      4      3      3       5
   12          4      4      6      3     10      4      9       6
   13          4      3      4      3      3     11      3       4
   14          1      4      4      5      3      4      9       4
   15          8      3      4      6      7      2      9       6
   16          0      5      5      4      6      4      2       4
   17          1      3      3      3      2      1      2       2
   18          5      2      1      3      1      1      5       3
   19          0      3      2      1      3      1      2       2
   20          1      4      5      0      2      1      1       2
   21          0      0      2      1      3      1      1       1
   22          0      0      0      1      0      2      1       1
   23          2      0      1      0      1      1      0       1
 
TOTALS
 
12HR 7-19     33     69     77     75     79     41     46      60
16HR 6-22     34     84     95     84     98     46     50      70
18HR 6-24     36     84     96     85     99     49     51      71
24HR 0-24     37     89    101     87    103     53     55      75
 
 
 
 
*LOCATION   : ............................................................
*SITE NUMBER: 10304901
*FILE NUMBER:        4
*INTERVAL   :   15 MIN
*BATTERY    :    6.1 V
*RESTARTS   :        0
*CONFIG     :       12
*CHANNEL    :  1 OF  2
 
             MON    TUE    WED    THU    FRI    SAT    SUN    7-DAY
DATE    04/12/13     14     15     16     17     18     19   AVERAGE
 
START HOUR
 
    0          0      0      1      3      0      0      0       1
    1          0      0      0      0      0      1      1       0
    2          0      2      0      0      0      0      0       0
    3          1      1      1      2      0      0      0       1
    4          0      0      0      0      0      0      1       0
    5          6      2      4      2      4      0      0       3
    6         13     12      7      8      7      0      3       7
    7         21     23     11     18     12      0      2      12
    8         19     16     10     20     10      0      2      11
    9          7      4      6      8      2      0      1       4
   10          5      4      5      9      6      6      0       5
   11          6      6      3      3      4      0      2       3
   12          7      7      2      6      4      3      3       5
   13          0      4      2      4      1      7      3       3
   14          4      1      3      6      5      6      3       4
   15          0      4      3      6      4      1      2       3
   16          7      6      5      5      4      1      1       4
   17          3      2      4      0      2      0      1       2
   18          1      4      3      1      1      1      0       2
   19          4      3      1      2      2      1      2       2
   20          0      1      1      2      0      0      1       1
   21          2      2      1      2      2      2      2       2
   22          0      0      0      1      0      1      0       0
   23          2      0      0      0      1      0      0       0
 
TOTALS
 
12HR 7-19     80     81     57     86     55     25     20      58
16HR 6-22     99     99     67    100     66     28     28      70
18HR 6-24    101     99     67    101     67     29     28      70
24HR 0-24    108    104     73    108     71     30     30      75
 
 
 
 
*LOCATION   : ............................................................
*SITE NUMBER: 10304901
*FILE NUMBER:        4
*INTERVAL   :   15 MIN
*BATTERY    :    6.1 V
*RESTARTS   :        0
*CONFIG     :       12
*CHANNEL    :  1 OF  2
 
             MON    TUE    WED    THU    FRI    SAT    SUN    7-DAY
DATE    04/12/20     21     22     23     24     25     26   AVERAGE
 
START HOUR
 
    0          0      0      0      0      0      0      0       0
    1          0      0      0      0      1      0      0       0
    2          1      0      0      0      0      0      0       0
    3          0      0      0      0      0      0      0       0
    4          0      0      0      0      0      0      0       0
    5          2      4      2      1      1      0      0       1
    6          8      7      5      4      0      0      0       3
    7         17     12      9      6      0      3      2       7
    8          6     10      5      5      0      1      2       4
    9          6      4      5      3      2      1      8       4
   10          2      1      4      2      0      0      0       1
   11          3      2      3      3      3      2      1       2
   12          4      3      1      5      2      2      3       3
   13          2      1      1      2      0      2      0       1
   14          0      1      2      2      0      0      1       1
   15          2      1      4      4      0      1      1       2
   16          4      3      1      1      0      2      1       2
   17          3      3      0      0      3      0      3       2
   18          1      1      0      0      0      0      1       0
   19          6      2      1      1      0      0      0       1
   20          0      2      2      0      0      1      0       1
   21          0      1      1      1      0      0      1       1
   22          0      0      0      0      1      0      1       0
   23          0      0      0      0      0      0      0       0
 
TOTALS
 
12HR 7-19     50     42     35     33     10     14     23      30
16HR 6-22     64     54     44     39     10     15     24      36
18HR 6-24     64     54     44     39     11     15     25      36
24HR 0-24     67     58     46     40     13     15     25      38
 
 
 
 
*LOCATION   : ............................................................
*SITE NUMBER: 10304901
*FILE NUMBER:        4
*INTERVAL   :   15 MIN
*BATTERY    :    6.1 V
*RESTARTS   :        0
*CONFIG     :       12
*CHANNEL    :  1 OF  2
 
             MON    TUE    WED    THU    FRI    SAT    SUN    7-DAY
DATE    04/12/27     28     29     30     31     01     02   AVERAGE
 
START HOUR
 
    0          1      2      0      1      0      -      -       -
    1          0      0      0      0      0      -      -       -
    2          0      1      0      0      0      -      -       -
    3          0      0      0      0      0      -      -       -
    4          0      0      1      0      0      -      -       -
    5          5      3      3      2      1      -      -       -
    6          9      7      6      7      5      -      -       -
    7         14      9     13      9     11      -      -       -
    8          7      7      9      5      4      -      -       -
    9          6      6      4      1      1      -      -       -
   10          3      1      2      1      2      -      -       -
   11          3      2      1      0      -      -      -       -
   12          1      3      3      1      -      -      -       -
   13          1      5      1      0      -      -      -       -
   14          1      6      3      2      -      -      -       -
   15          4      2      1      0      -      -      -       -
   16          3      5      4      2      -      -      -       -
   17          1      0      2      0      -      -      -       -
   18          0      1      3      0      -      -      -       -
   19          0      2      0      0      -      -      -       -
   20          0      0      2      1      -      -      -       -
   21          0      2      1      0      -      -      -       -
   22          0      0      1      0      -      -      -       -
   23          0      0      0      0      -      -      -       -
 
TOTALS
 
12HR 7-19     44     47     46     21      -      -      -       -
16HR 6-22     53     58     55     29      -      -      -       -
18HR 6-24     53     58     56     29      -      -      -       -
24HR 0-24     59     64     60     32      -      -      -       -
 
 
 
 
*LOCATION   : ............................................................
*SITE NUMBER: 10304901
*FILE NUMBER:        4
*INTERVAL   :   15 MIN
*BATTERY    :    6.1 V
*RESTARTS   :        0
*CONFIG     :       12
*CHANNEL    :  2 OF  2
 
             MON    TUE    WED    THU    FRI    SAT    SUN    7-DAY
DATE    04/11/29     30     01     02     03     04     05   AVERAGE
 
START HOUR
 
    0          -      0      0      0      1      1      1       -
    1          -      0      0      0      0      0      0       -
    2          -      0      1      0      0      1      3       -
    3          -      0      0      0      0      0      0       -
    4          -      0      0      0      0      0      0       -
    5          -      1      1      1      1      0      0       -
    6          -      3      1      2      3      0      0       -
    7          -      5      6      6      5      1      0       -
    8          -      5      2      2      0      0      1       -
    9          -      0      2      2      1      0      0       -
   10          -      1      1      1      2      2      2       -
   11          -      2      1      1      2      4      3       -
   12          2      0      2      1      0      1      2       1
   13          1      3      0      2      2      3      1       2
   14          2      2      3      4      8      1      2       3
   15         14      8      9      6      8      1      2       7
   16          7     13      6     14     10      2      2       8
   17          5     13     10      9      9      2      0       7
   18          3      3      3      5      2      0      1       2
   19          1      2      1      1      2      0      1       1
   20          2      3      2      4      1      0      1       2
   21          1      0      2      1      6      1      1       2
   22          1      1      2      1      0      0      1       1
   23          1      0      1      0      1      1      0       1
 
TOTALS
 
12HR 7-19      -     55     45     53     49     17     16       -
16HR 6-22      -     63     51     61     61     18     19       -
18HR 6-24      -     64     54     62     62     19     20       -
24HR 0-24      -     65     56     63     64     21     24       -
 
 
 
 
*LOCATION   : ............................................................
*SITE NUMBER: 10304901
*FILE NUMBER:        4
*INTERVAL   :   15 MIN
*BATTERY    :    6.1 V
*RESTARTS   :        0
*CONFIG     :       12
*CHANNEL    :  2 OF  2
 
             MON    TUE    WED    THU    FRI    SAT    SUN    7-DAY
DATE    04/12/06     07     08     09     10     11     12   AVERAGE
 
START HOUR
 
    0          0      0      0      2      0      0      0       0
    1          1      1      0      0      1      1      0       1
    2          2      0      0      0      0      2      4       1
    3          0      1      0      0      0      2      1       1
    4          0      1      0      0      0      0      0       0
    5          0      2      2      2      1      0      0       1
    6          0      4      3      1      3      0      1       2
    7          0      6      3      4      2      0      0       2
    8          0      2      3      3      6      1      0       2
    9          3      1      1      2      0      4      2       2
   10          2      0      4      4      1      1      3       2
   11          0      1      1      3      4      5      1       2
   12          2      3      9      6      6      7      3       5
   13          1      2      4      4      3      4      6       3
   14          1      5      1      1     10      3      4       4
   15          2      3     11     10      9      6      5       7
   16          1     16     14     13     21      2      4      10
   17          4     14     16     13     11      1      1       9
   18          0      9     11      8      3      2      5       5
   19          0      4      6      4      2      1      1       3
   20          0      1      1      4      0      0      4       1
   21          0      3      3      2      1      1      2       2
   22          2      0      1      0      3      2      2       1
   23          0      0      0      0      0      0      0       0
 
TOTALS
 
12HR 7-19     16     62     78     71     76     36     34      53
16HR 6-22     16     74     91     82     82     38     42      61
18HR 6-24     18     74     92     82     85     40     44      62
24HR 0-24     21     79     94     86     87     45     49      66
 
 
 
 
*LOCATION   : ............................................................
*SITE NUMBER: 10304901
*FILE NUMBER:        4
*INTERVAL   :   15 MIN
*BATTERY    :    6.1 V
*RESTARTS   :        0
*CONFIG     :       12
*CHANNEL    :  2 OF  2
 
             MON    TUE    WED    THU    FRI    SAT    SUN    7-DAY
DATE    04/12/13     14     15     16     17     18     19   AVERAGE
 
START HOUR
 
    0          0      0      0      1      1      0      0       0
    1          0      0      0      0      2      3      2       1
    2          2      0      1      0      0      1      1       1
    3          0      0      0      0      0      2      2       1
    4          0      0      0      0      0      0      0       0
    5          2      1      2      2      1      0      1       1
    6          4      3      3      3      3      0      0       2
    7          4      7      3      2      3      0      0       3
    8          4      6      3      3      3      2      1       3
    9          3      1      1      0      3      2      2       2
   10          3      0      2      4      1      5      1       2
   11          0      1      1      5      4      2      2       2
   12          5      1      2      4      5      4      0       3
   13          3      2      0      9      2      1      1       3
   14          6      2      5      7      3      8      3       5
   15         12     10      3      9      5      0      2       6
   16         20     12     15     13     10      1      2      10
   17         13     21      8     13      6      1      2       9
   18          8      8      7      6      2      3      0       5
   19          2      5      3      6      2      0      0       3
   20          1      1      4      4      2      1      0       2
   21          5      2      2      1      1      2      1       2
   22          1      2      1      2      1      0      1       1
   23          1      0      1      0      0      0      0       0
 
TOTALS
 
12HR 7-19     81     71     50     75     47     29     16      53
16HR 6-22     93     82     62     89     55     32     17      61
18HR 6-24     95     84     64     91     56     32     18      63
24HR 0-24     99     85     67     94     60     38     24      67
 
 
 
 
*LOCATION   : ............................................................
*SITE NUMBER: 10304901
*FILE NUMBER:        4
*INTERVAL   :   15 MIN
*BATTERY    :    6.1 V
*RESTARTS   :        0
*CONFIG     :       12
*CHANNEL    :  2 OF  2
 
             MON    TUE    WED    THU    FRI    SAT    SUN    7-DAY
DATE    04/12/20     21     22     23     24     25     26   AVERAGE
 
START HOUR
 
    0          0      0      0      0      0      0      0       0
    1          0      0      0      1      0      3      0       1
    2          0      0      2      0      0      0      0       0
    3          0      0      0      0      0      0      0       0
    4          0      0      0      0      0      0      0       0
    5          3      2      1      0      0      0      0       1
    6          1      1      1      0      0      2      0       1
    7          3      4      4      3      0      0      0       2
    8          2      0      3      0      4      1      0       1
    9          2      4      2      2      0      0      3       2
   10          0      1      2      2      0      0      2       1
   11          1      0      1      1      2      1      0       1
   12          0      3      0      2      1      1      2       1
   13          3      1      2      2      0      2      1       2
   14          3      3      2      5      1      2      1       2
   15         10      6      6      8      3      2      0       5
   16         11      9     15      7      2      0      1       6
   17         12      9      4      4      0      0      2       4
   18          6      3      1      0      0      0      0       1
   19          4      4      0      2      0      0      0       1
   20          1      4      0      0      0      0      0       1
   21          2      1      1      1      0      2      1       1
   22          1      1      0      0      0      0      0       0
   23          0      0      0      0      0      0      0       0
 
TOTALS
 
12HR 7-19     53     43     42     36     13      9     12      30
16HR 6-22     61     53     44     39     13     13     13      34
18HR 6-24     62     54     44     39     13     13     13      34
24HR 0-24     65     56     47     40     13     16     13      36
 
 
 
 
*LOCATION   : ............................................................
*SITE NUMBER: 10304901
*FILE NUMBER:        4
*INTERVAL   :   15 MIN
*BATTERY    :    6.1 V
*RESTARTS   :        0
*CONFIG     :       12
*CHANNEL    :  2 OF  2
 
             MON    TUE    WED    THU    FRI    SAT    SUN    7-DAY
DATE    04/12/27     28     29     30     31     01     02   AVERAGE
 
START HOUR
 
    0          0      0      0      0      0      -      -       -
    1          0      0      1      1      0      -      -       -
    2          3      0      1      0      0      -      -       -
    3          2      0      0      0      0      -      -       -
    4          0      0      0      0      0      -      -       -
    5          0      2      1      1      0      -      -       -
    6          0      2      2      1      0      -      -       -
    7          3      4      3      3      4      -      -       -
    8          0      1      3      1      1      -      -       -
    9          1      1      2      3      1      -      -       -
   10          1      3      1      0      2      -      -       -
   11          2      1      2      1      -      -      -       -
   12          1      2      3      1      -      -      -       -
   13          1      1      3      2      -      -      -       -
   14          1      4      4      0      -      -      -       -
   15         15      7      1      5      -      -      -       -
   16          8      7     13     10      -      -      -       -
   17          9      6      6      3      -      -      -       -
   18          5      1      2      1      -      -      -       -
   19          0      1      3      2      -      -      -       -
   20          4      5      2      2      -      -      -       -
   21          0      0      0      1      -      -      -       -
   22          1      1      2      0      -      -      -       -
   23          0      0      2      0      -      -      -       -
 
TOTALS
 
12HR 7-19     47     38     43     30      -      -      -       -
16HR 6-22     51     46     50     36      -      -      -       -
18HR 6-24     52     47     54     36      -      -      -       -
24HR 0-24     57     49     57     38      -      -      -       -
 
