 
 
 
*LOCATION   : ............................................................
*SITE NUMBER: 11504928
*FILE NUMBER:        1
*INTERVAL   :   15 MIN
*BATTERY    :    6.4 V
*RESTARTS   :        0
*CONFIG     :       12
*CHANNEL    :  1 OF  2
 
             MON    TUE    WED    THU    FRI    SAT    SUN    7-DAY
DATE    04/11/29     30     01     02     03     04     05   AVERAGE
 
START HOUR
 
    0          -      4      0      2      1      5      1       -
    1          -      1      1      3      2      0      3       -
    2          -      0      1      0      2      0      2       -
    3          -      0      4      1      0      2      0       -
    4          -      1      0      0      0      0      1       -
    5          -      3      2      2      1      0      1       -
    6          -     12     10     10      7      0      1       -
    7          -      8     13     15      9      6      1       -
    8          -     18     21     25     18      2      0       -
    9          -     23     15     25     17      3      1       -
   10          -     12     20     20     16      8      4       -
   11          -     18     27     12     15      5      5       -
   12          -     15     15     17     22      2      6       -
   13          8     13     17     19     13      7     12      13
   14         21     13     18     19     13      8      8      14
   15         20     27     21     24     25      8      4      18
   16         25     17     24     27     21      8      1      18
   17         18     21     22     21     10      4      7      15
   18         12     15      9     20     17      5      5      12
   19          8      8      5      7      4      2      1       5
   20          3      4      4      8      7      4      2       5
   21          5      6     10      3      5      1      3       5
   22          3      3      4      2      2      2      3       3
   23          4      3      4      2      0      0      0       2
 
TOTALS
 
12HR 7-19      -    200    222    244    196     66     54       -
16HR 6-22      -    230    251    272    219     73     61       -
18HR 6-24      -    236    259    276    221     75     64       -
24HR 0-24      -    245    267    284    227     82     72       -

 
 
 
 






















*LOCATION   : ............................................................
*SITE NUMBER: 11504928
*FILE NUMBER:        1
*INTERVAL   :   15 MIN
*BATTERY    :    6.4 V
*RESTARTS   :        0
*CONFIG     :       12
*CHANNEL    :  1 OF  2
 
             MON    TUE    WED    THU    FRI    SAT    SUN    7-DAY
DATE    04/12/06     07     08     09     10     11     12   AVERAGE
 
START HOUR
 
    0          0      2      0      2      1      6      4       2
    1          0      0      0      3      2      3      0       1
    2          1      0      1      2      1      3      1       1
    3          0      1      0      1      3      4      1       1
    4          0      0      0      1      0      1      2       1
    5          1      4      4      3      4      5      0       3
    6          1     13     12     10      5      1      3       6
    7          0     15     17     14      7      3      0       8
    8          2     32     32     17     28      2      1      16
    9          3     20     25     14     17      9      7      14
   10          3     17     21     20     21     11      1      13
   11          7     20     12     22     11     24     11      15
   12          5     13     15     21     18      9     17      14
   13         15     18     12     18     18     14     18      16
   14          8     24     18     18     24     19     18      18
   15          8     24     32     25     29     16     10      21
   16          4     28     28     33     44      7      8      22
   17         13     34     28     17     29     14     13      21
   18         10     21     17     26     13      4      3      13
   19          3     13     12     12     14      7     10      10
   20          4      5     11      9     15      6      8       8
   21          3      4      6      9     13      5      1       6
   22          6      7      6      8     11      3      0       6
   23          2      1      2      3      1      3      2       2
 
TOTALS
 
12HR 7-19     78    266    257    245    259    132    107     192
16HR 6-22     89    301    298    285    306    151    129     223
18HR 6-24     97    309    306    296    318    157    131     231
24HR 0-24     99    316    311    308    329    179    139     240

 
 
 
 















*LOCATION   : ............................................................
*SITE NUMBER: 11504928
*FILE NUMBER:        1
*INTERVAL   :   15 MIN
*BATTERY    :    6.4 V
*RESTARTS   :        0
*CONFIG     :       12
*CHANNEL    :  1 OF  2
 
             MON    TUE    WED    THU    FRI    SAT    SUN    7-DAY
DATE    04/12/13     14     15     16     17     18     19   AVERAGE
 
START HOUR
 
    0          0      1      1      3      2      3      0       1
    1          2      4      1      2      1      2      2       2
    2          0      2      2      1      1      2      2       1
    3          1      0      0      2      1      0      1       1
    4          1      1      0      0      0      2      0       1
    5          2      1      0      2      3      0      0       1
    6         11      9     10      8      3      1      0       6
    7         12     12      7     12     15      3      0       9
    8         26     34     32     34     22      0      1      21
    9         10     13     14     19     19      4      3      12
   10         14     26     12     24     20      7      3      15
   11          9     15     15     19     22     10      6      14
   12         12      9     16     17     25     14      6      14
   13         21     12      6     19     13     21      7      14
   14         21     16     19     22     17     12      3      16
   15         34     37     20     24     27     13      8      23
   16         24     30     18     27     30      9      6      21
   17         32     21     27     20     18      4      6      18
   18         24     19     12     18     19      6      5      15
   19         10      9     14     16      7      6      3       9
   20         10      9     12     12      8      7      5       9
   21         14      2      8     16      3      2      3       7
   22          4      8      4     13      2      2      1       5
   23          6      0      4      9      1      3      1       3
 
TOTALS
 
12HR 7-19    239    244    198    255    247    103     54     191
16HR 6-22    284    273    242    307    268    119     65     223
18HR 6-24    294    281    250    329    271    124     67     231
24HR 0-24    300    290    254    339    279    133     72     238

 
 
 
 















*LOCATION   : ............................................................
*SITE NUMBER: 11504928
*FILE NUMBER:        1
*INTERVAL   :   15 MIN
*BATTERY    :    6.4 V
*RESTARTS   :        0
*CONFIG     :       12
*CHANNEL    :  1 OF  2
 
             MON    TUE    WED    THU    FRI    SAT    SUN    7-DAY
DATE    04/12/20     21     22     23     24     25     26   AVERAGE
 
START HOUR
 
    0          0      1      2      2      3      0      0       1
    1          0      1      1      0      1      0      0       0
    2          0      2      1      0      0      1      0       1
    3          4      1      0      2      1      0      1       1
    4          1      1      0      1      0      0      0       0
    5          4      1      2      0      1      0      0       1
    6          4      2      4      2      0      0      0       2
    7         13     13     10      3      4      0      2       6
    8         17     11     11      7      2      1      0       7
    9         11     11     11      9      2      2      1       7
   10          3     10     11      3      3      2      2       5
   11          3     12      7      6      8      1      2       6
   12          6     14     11      8      2      0      3       6
   13         14     10     14      9      0      0      4       7
   14         12     14     12     16      0      3      3       9
   15         27     18     12     17      3      0      2      11
   16         21     29     14      5      0      2      2      10
   17         10     15     18      7      3      1      4       8
   18          8     11      9      4      0      1      4       5
   19          7      6      6      4      0      0      2       4
   20          6      8      4      2      0      2      1       3
   21          4      1      4      1      1      1      0       2
   22          3      4      3      0      0      0      1       2
   23          1      0      0      1      1      2      4       1
 
TOTALS
 
12HR 7-19    145    168    140     94     27     13     29      88
16HR 6-22    166    185    158    103     28     16     32      98
18HR 6-24    170    189    161    104     29     18     37     101
24HR 0-24    179    196    167    109     35     19     38     106

 
 
 
 















*LOCATION   : ............................................................
*SITE NUMBER: 11504928
*FILE NUMBER:        1
*INTERVAL   :   15 MIN
*BATTERY    :    6.4 V
*RESTARTS   :        0
*CONFIG     :       12
*CHANNEL    :  1 OF  2
 
             MON    TUE    WED    THU    FRI    SAT    SUN    7-DAY
DATE    04/12/27     28     29     30     31     01     02   AVERAGE
 
START HOUR
 
    0          0      1      0      1      1      -      -       -
    1          2      1      0      3      1      -      -       -
    2          1      0      2      1      1      -      -       -
    3          0      0      0      0      0      -      -       -
    4          0      1      1      0      0      -      -       -
    5          1      1      3      2      1      -      -       -
    6          4     10      7      8      4      -      -       -
    7          7      5      4      4      3      -      -       -
    8         12     16     15      8     17      -      -       -
    9          8     12      8     12      6      -      -       -
   10          6     10      7     11      -      -      -       -
   11          9      1      7      8      -      -      -       -
   12          4      8      8      8      -      -      -       -
   13          8      4      5      4      -      -      -       -
   14          4      5      8      6      -      -      -       -
   15         11     15     13      6      -      -      -       -
   16         22     19     11     14      -      -      -       -
   17          9     12     17     11      -      -      -       -
   18          3      7      5      8      -      -      -       -
   19          2      9      5      5      -      -      -       -
   20          4      3      4      1      -      -      -       -
   21          1      4      2      1      -      -      -       -
   22          2      1      1      1      -      -      -       -
   23          1      2      5      3      -      -      -       -
 
TOTALS
 
12HR 7-19    103    114    108    100      -      -      -       -
16HR 6-22    114    140    126    115      -      -      -       -
18HR 6-24    117    143    132    119      -      -      -       -
24HR 0-24    121    147    138    126      -      -      -       -

 
 

