 
 
 
*LOCATION   : ............................................................
*SITE NUMBER: 11202413
*FILE NUMBER:        9
*INTERVAL   :   15 MIN
*BATTERY    :    6.4 V
*RESTARTS   :        0
*CONFIG     :        0
*CHANNEL    :  1 OF  1
 
             THU    FRI    SAT    SUN    MON    TUE    WED    7-DAY
DATE    09/05/28     29     30     31     01     02     03   AVERAGE
 
START HOUR
 
    0          -      4      4      4      1      8      0       -
    1          -      0      3      6      2      5      1       -
    2          -      0      1      0      0      2      0       -
    3          -      0      0      1      0      0      1       -
    4          -      1      1      3      2      2      2       -
    5          -     16      4      2     21     20     16       -
    6          -     74     12     13     89     81     56       -
    7          -    112     18     12    149    140     90       -
    8          -     84     24     23    100    111     49       -
    9          -     41     39     53     57     53     25       -
   10          -     40     73    126     69     38     36       -
   11          -     67    127    181     89     46     39       -
   12          -     85    114    219     79     67     38       -
   13          -     70    138    222    109     73     32       -
   14         67    102    147    192    124     75     49     108
   15        104    152    116    233    156    140     93     142
   16        123    151    124    153    218    145    112     147
   17         81    120    106    175    172    125     65     121
   18         70     76     98    169    218     78     75     112
   19         71     69     55    134    169    107     51      94
   20         43     65     45     77    129     73     27      66
   21         29     39     39     51     92     37     15      43
   22          7     25      8     26     30     24      7      18
   23         10     15      4      5     13      5      5       8
 
TOTALS
 
12HR 7-19      -   1100   1124   1758   1540   1091    703       -
16HR 6-22      -   1347   1275   2033   2019   1389    852       -
18HR 6-24      -   1387   1287   2064   2062   1418    864       -
24HR 0-24      -   1408   1300   2080   2088   1455    884       -
 
 
 
 
*LOCATION   : ............................................................
*SITE NUMBER: 11202413
*FILE NUMBER:        9
*INTERVAL   :   15 MIN
*BATTERY    :    6.4 V
*RESTARTS   :        0
*CONFIG     :        0
*CHANNEL    :  1 OF  1
 
             THU    FRI    SAT    SUN    MON    TUE    WED    7-DAY
DATE    09/06/04     05     06     07     08     09     10   AVERAGE
 
START HOUR
 
    0          2      0      2      4      5      4      4       3
    1          0      0      2      0      3      0      0       1
    2          0      0      0      2      0      0      0       0
    3          0      0      0      1      3      1      0       1
    4          2      1      1      1      2      3      4       2
    5          4      5      3      3     16     14     15       9
    6         46     32      7      3     65     59     48      37
    7         46     35      4      9    103     86     79      52
    8         23     40      9      7     85     69     53      41
    9          9     10     18     21     55     26     39      25
   10          7     16     30     59     46     18     27      29
   11          1     13     31     86     49     38     36      36
   12          4     24     39     88     64     40     49      44
   13         13     25     46    111     48     37     43      46
   14         20     42     61     88     62     37     53      52
   15         27     43     50     97    114     67     96      71
   16         37     51     58     93    151     74    107      82
   17         30     40     41     98    161     67     93      76
   18         22     37     42     81    122     52    104      66
   19          8     26     32     70     84     40     93      50
   20         11     23     16     42     75     36     71      39
   21          8     11     29     28     51     23     44      28
   22          3      8     11     16     21      5     10      11
   23          2      6      8      4     11      5     13       7
 
TOTALS
 
12HR 7-19    239    376    429    838   1060    611    779     619
16HR 6-22    312    468    513    981   1335    769   1035     773
18HR 6-24    317    482    532   1001   1367    779   1058     791
24HR 0-24    325    488    540   1012   1396    801   1081     806
 
 
 
 
*LOCATION   : ............................................................
*SITE NUMBER: 11202413
*FILE NUMBER:        9
*INTERVAL   :   15 MIN
*BATTERY    :    6.4 V
*RESTARTS   :        0
*CONFIG     :        0
*CHANNEL    :  1 OF  1
 
             THU    FRI    SAT    SUN    MON    TUE    WED    7-DAY
DATE    09/06/11     12     13     14     15     16     17   AVERAGE
 
START HOUR
 
    0          4      5      6      3      2      -      -       -
    1          2      3      1      0      0      -      -       -
    2          2      4      1      0      1      -      -       -
    3          1      3      1      1      0      -      -       -
    4          4      1      0      3      4      -      -       -
    5         14     12      1      3      3      -      -       -
    6         66     68      9      5     51      -      -       -
    7         90    114     12      8     55      -      -       -
    8         80     76     17      3     56      -      -       -
    9         37     42     35     15     30      -      -       -
   10         35     44     32     36     18      -      -       -
   11         44     45     47     45      -      -      -       -
   12         40     59     58     53      -      -      -       -
   13         45     78     76     61      -      -      -       -
   14         80     81     91     62      -      -      -       -
   15        111    111     93     65      -      -      -       -
   16        120    105    106     75      -      -      -       -
   17        108     99    118     87      -      -      -       -
   18        115     65     76    106      -      -      -       -
   19        117     70     75     61      -      -      -       -
   20         79     27     41     48      -      -      -       -
   21         54     27      6     31      -      -      -       -
   22         20     12     11     13      -      -      -       -
   23          8      7      4      6      -      -      -       -
 
TOTALS
 
12HR 7-19    905    919    761    616      -      -      -       -
16HR 6-22   1221   1111    892    761      -      -      -       -
18HR 6-24   1249   1130    907    780      -      -      -       -
24HR 0-24   1276   1158    917    790      -      -      -       -
 
