 
 
 
*LOCATION   : ............................................................
*SITE NUMBER: 11802419
*FILE NUMBER:        4
*INTERVAL   :   15 MIN
*BATTERY    :    6.4 V
*RESTARTS   :        0
*CONFIG     :        1
*CHANNEL    :  1 OF  1
 
             THU    FRI    SAT    SUN    MON    TUE    WED    7-DAY
DATE    09/05/28     29     30     31     01     02     03   AVERAGE
 
START HOUR
 
    0          -      1      3     12      8      3      5       -
    1          -      0      0      0      4      2      0       -
    2          -      1      0      2      1      0      2       -
    3          -      0      0      6      1      1      1       -
    4          -      1      0      0      5      6      2       -
    5          -     12      4      3     17     16      9       -
    6          -     69     12     12     92     98     64       -
    7          -    100     24     14    130    131     66       -
    8          -     53     32     34     69     68     33       -
    9          -     45     45     58     53     48     14       -
   10          -     55     57    104     61     48     23       -
   11          -     63     66    140     72     68     43       -
   12          -     71     97    153     84     65     81       -
   13          -     71    104    211     91     60     49       -
   14         63     80    100    171     83     71     71      91
   15         92    120     78    168    158    122     71     116
   16        109    115     87    146    174    153     83     124
   17         87     94     81    151    144    117     75     107
   18         65     71     74    137    141     92     41      89
   19         58     83     66    106    119     77     40      78
   20         46     63     51     75    100     61     29      61
   21         34     37     28     48     62     24     10      35
   22         11     18     14     16     26     12      7      15
   23          4      5     11      8     15      7      3       8
 
TOTALS
 
12HR 7-19      -    938    845   1487   1260   1043    650       -
16HR 6-22      -   1190   1002   1728   1633   1303    793       -
18HR 6-24      -   1213   1027   1752   1674   1322    803       -
24HR 0-24      -   1228   1034   1775   1710   1350    822       -
 
 
 
 
*LOCATION   : ............................................................
*SITE NUMBER: 11802419
*FILE NUMBER:        4
*INTERVAL   :   15 MIN
*BATTERY    :    6.4 V
*RESTARTS   :        0
*CONFIG     :        1
*CHANNEL    :  1 OF  1
 
             THU    FRI    SAT    SUN    MON    TUE    WED    7-DAY
DATE    09/06/04     05     06     07     08     09     10   AVERAGE
 
START HOUR
 
    0          2      0      5      5      5      5      2       3
    1          2      0      1      1      2      0      1       1
    2          1      0      2      0      0      2      0       1
    3          0      0      0      0      1      1      0       0
    4          0      0      0      4      1      0      2       1
    5          3      2      2      1     15     19     17       8
    6         44     25     11      5     75     54     45      37
    7         44     32      8     15    107     91     69      52
    8         31     21     10     18     69     35     38      32
    9          7     12     24     45     45     28     32      28
   10          4     15     34     66     47     32     36      33
   11         10     18     42     69     48     32     38      37
   12         10     14     42     78     74     38     54      44
   13         17     31     47     76     60     39     48      45
   14         20     28     41     87     72     43     62      50
   15         34     33     42     85    130     57     75      65
   16         34     33     45     87    143     87     82      73
   17         25     34     44     77    101     68     75      61
   18         15     29     32     74    102     36     92      54
   19         12     26     38     70     88     43     79      51
   20          7     14     30     45     63     20     57      34
   21          7     14     22     28     32     26     35      23
   22          6      9     13     13     12     16     11      11
   23          2      4      3      3      7      5      5       4
 
TOTALS
 
12HR 7-19    251    300    411    777    998    586    701     575
16HR 6-22    321    379    512    925   1256    729    917     720
18HR 6-24    329    392    528    941   1275    750    933     735
24HR 0-24    337    394    538    952   1299    777    955     750
 
 
 
 
*LOCATION   : ............................................................
*SITE NUMBER: 11802419
*FILE NUMBER:        4
*INTERVAL   :   15 MIN
*BATTERY    :    6.4 V
*RESTARTS   :        0
*CONFIG     :        1
*CHANNEL    :  1 OF  1
 
             THU    FRI    SAT    SUN    MON    TUE    WED    7-DAY
DATE    09/06/11     12     13     14     15     16     17   AVERAGE
 
START HOUR
 
    0          2      3      6      5      2      -      -       -
    1          1      4      4      4      0      -      -       -
    2          0      1      4      3      0      -      -       -
    3          1      1      7      0      1      -      -       -
    4          1      0      3      3      3      -      -       -
    5         13     11      5      3     10      -      -       -
    6         62     66     11      1     45      -      -       -
    7         97    109     11     10     65      -      -       -
    8         48     41     15      8     35      -      -       -
    9         31     36     21     25     15      -      -       -
   10         45     58     42     33      -      -      -       -
   11         41     49     38     32      -      -      -       -
   12         47     50     69     51      -      -      -       -
   13         62     69     72     42      -      -      -       -
   14         86     91     63     58      -      -      -       -
   15         95    111     81     51      -      -      -       -
   16        109    106     81     54      -      -      -       -
   17         88     90     62     51      -      -      -       -
   18         79     45     62     91      -      -      -       -
   19         87     70     61     55      -      -      -       -
   20         61     31     52     39      -      -      -       -
   21         38     22     14     28      -      -      -       -
   22         15     27      6      8      -      -      -       -
   23         20      5      8      7      -      -      -       -
 
TOTALS
 
12HR 7-19    828    855    617    506      -      -      -       -
16HR 6-22   1076   1044    755    629      -      -      -       -
18HR 6-24   1111   1076    769    644      -      -      -       -
24HR 0-24   1129   1096    798    662      -      -      -       -
 
