
 
 
*LOCATION   : ............................................................
*SITE NUMBER: 12102215
*FILE NUMBER:       10
*INTERVAL   :   15 MIN
*BATTERY    :    6.5 V
*RESTARTS   :        0
*CONFIG     :       12
*CHANNEL    :  2 OF  2
 
             TUE    WED    THU    FRI    SAT    SUN    MON    7-DAY
DATE    09/05/26     27     28     29     30     31     01   AVERAGE
 
START HOUR
 
    0          -      4      5      7      4     11     13       -
    1          -      1      3      3      9     15      5       -
    2          -      2      4      1      4      1      2       -
    3          -      1      2      0      3      2      1       -
    4          -      2      5      3      1      3      5       -
    5          -     31     31     39     12     11     35       -
    6          -     78     87     82     13     14    109       -
    7          -     74    114    101     13     17    136       -
    8          -     48     82     86     36     32    104       -
    9          -     45     40     38     48     66     94       -
   10          -     43     30     43     62    110     69       -
   11         65     49     44     59    104    182     89      85
   12         82     23     57     77    142    226     92     100
   13         67     21     46     88    167    234    119     106
   14         79     38     84    106    168    237    114     118
   15        142     72    103    148    133    274    172     149
   16        152     68     93    114    109    203    177     131
   17        149     69    127    122     93    195    189     135
   18        120     49     93    122     91    119    190     112
   19        100     16     86     78     92    103    171      92
   20         96     30     68     65     60     81    122      75
   21         38     25     31     33     35     83     87      47
   22         23     16     19     22     21     20     31      22
   23         12      2      3     10     14     13     13      10
 
TOTALS
 
12HR 7-19      -    599    913   1104   1166   1895   1545       -
16HR 6-22      -    748   1185   1362   1366   2176   2034       -
18HR 6-24      -    766   1207   1394   1401   2209   2078       -
24HR 0-24      -    807   1257   1447   1434   2252   2139       -













 
 
 
 
*LOCATION   : ............................................................
*SITE NUMBER: 12102215
*FILE NUMBER:       10
*INTERVAL   :   15 MIN
*BATTERY    :    6.5 V
*RESTARTS   :        0
*CONFIG     :       12
*CHANNEL    :  2 OF  2
 
             TUE    WED    THU    FRI    SAT    SUN    MON    7-DAY
DATE    09/06/02     03     04     05     06     07     08   AVERAGE
 
START HOUR
 
    0         10      3      4      3      2      8     11       6
    1          6      3      0      0      3      0      2       2
    2          4      1      0      0      0      2      6       2
    3          2      7      1      2      2      0      4       3
    4          2      4      3      0      4      2      3       3
    5         35     29     22     13      3      6     26      19
    6        117     68     28     31     10     13     93      51
    7        144     81     46     43      8      3    101      61
    8         98     55     20     24     16     30     55      43
    9         63     29     12     12     19     40     41      31
   10         50     31      3     16     33     49     71      36
   11         80     41      8     13     67     86     57      50
   12         87     33     12     24     46     93    106      57
   13         82     43     12     26     34     83     83      52
   14         94     67     18     35     38    104    105      66
   15        149    113     40     45     61     84    135      90
   16        139    106     33     41     55     72    179      89
   17        152     92     29     33     43     72    153      82
   18        118     46     12     39     42     87    127      67
   19        107     39     10     20     22     66     98      52
   20         72     19      5     20     19     39     59      33
   21         45     14     10      9     16     27     57      25
   22         11     12      1      4     14     19     16      11
   23         10      1      0      5      6      6      7       5
 
TOTALS
 
12HR 7-19   1256    737    245    351    462    803   1213     724
16HR 6-22   1597    877    298    431    529    948   1520     886
18HR 6-24   1618    890    299    440    549    973   1543     902
24HR 0-24   1677    937    329    458    563    991   1595     936

 
 
 
 
*LOCATION   : ............................................................
*SITE NUMBER: 12102215
*FILE NUMBER:       10
*INTERVAL   :   15 MIN
*BATTERY    :    6.5 V
*RESTARTS   :        0
*CONFIG     :       12
*CHANNEL    :  2 OF  2
 
             TUE    WED    THU    FRI    SAT    SUN    MON    7-DAY
DATE    09/06/09     10     11     12     13     14     15   AVERAGE
 
START HOUR
 
    0          7      4     13     11     11      6      8       9
    1          0      3      7      6      2      1      6       4
    2          2      3      7      3      5      5      1       4
    3          1      3      2      0      4      5      1       2
    4          0      0      1      3      1      1      0       1
    5         25     21     24     30     13      2     14      18
    6         62     44     89     73     16     10     32      47
    7         73     72    103     82      5     14     44      56
    8         38     38     53     65     12      5     30      34
    9         27     33     29     43     32     18     25      30
   10         21     29     35     48     25     37     16      30
   11         34     42     51     66     41     66      -       -
   12         41     38     65     91     86     85      -       -
   13         56     80     59     69    108     71      -       -
   14         44     64     99    103    108     69      -       -
   15         69    109    124    120    118     70      -       -
   16         75    102    124    130     89     83      -       -
   17         67     96    154     97    101     97      -       -
   18         56    106    124     88     80     91      -       -
   19         18     57    100     74     78     62      -       -
   20         27     54     90     42     41     32      -       -
   21         35     52     57     54     10     28      -       -
   22         17     13     26     19      6     14      -       -
   23          4     13     16     23     13      7      -       -
 
TOTALS
 
12HR 7-19    601    809   1020   1002    805    706      -       -
16HR 6-22    743   1016   1356   1245    950    838      -       -
18HR 6-24    764   1042   1398   1287    969    859      -       -
24HR 0-24    799   1076   1452   1340   1005    879      -       -

 

