 

 

 

*LOCATION   : ............................................................

*SITE NUMBER: 10202507

*FILE NUMBER:        7

*INTERVAL   :   15 MIN

*BATTERY    :    6.0 V

*RESTARTS   :        0

*CONFIG     :        0

*CHANNEL    :  1 OF  1

 

             WED    THU    FRI    SAT    SUN    MON    TUE    7-DAY

DATE    11/06/22     23     24     25     26     27     28   AVERAGE

 

START HOUR

 

    0          -     13      5     24      9      5     18       -

    1          -      3      2     11      4      3      4       -

    2          -      2      0      5      5      2      2       -

    3          -      5      2      2      0      3      2       -

    4          -      3      1      2      2      5      1       -

    5          -     16      5      0      2     27     18       -

    6          -    106     19      7     14    133    172       -

    7          -    221     15      3      8    309    408       -

    8          -    213     15      5     16    270    339       -

    9          -    101     26      5     29    125    170       -

   10          -     62     52     15     69     76    109       -

   11          -     51     43     20     91     69     86       -

   12          -     74     66     42     78     70    118       -

   13          -     68     61     53    120     69    104       -

   14          -     90     68     51     93    118    129       -

   15        216    150     63     75     91    217    264     154

   16        388    152     49     50     93    339    400     210

   17        276     87     63     66    108    307    333     177

   18        165     51     62     51     98    214    265     129

   19        118     30     57     48     76    171    233     105

   20        105     20     56     42     67    149    157      85

   21         96     18     40     22     42    114    103      62

   22         36      8     42     17     24     40     51      31

   23         19      7     43     11     18     16     20      19

 

TOTALS

 

12HR 7-19      -   1320    583    436    894   2183   2725       -

16HR 6-22      -   1494    755    555   1093   2750   3390       -

18HR 6-24      -   1509    840    583   1135   2806   3461       -

24HR 0-24      -   1551    855    627   1157   2851   3506       -


 

 

 

 






































*LOCATION   : ............................................................

*SITE NUMBER: 10202507

*FILE NUMBER:        7

*INTERVAL   :   15 MIN

*BATTERY    :    6.0 V

*RESTARTS   :        0

*CONFIG     :        0

*CHANNEL    :  1 OF  1

 

             WED    THU    FRI    SAT    SUN    MON    TUE    7-DAY

DATE    11/06/29     30     01     02     03     04     05   AVERAGE

 

START HOUR

 

    0         10      0      0      0      0      0      0       1

    1          7      0      0      0      0      0      0       1

    2          1      0      0      0      0      0      0       0

    3          4      0      0      0      0      0      0       1

    4          3      0      0      0      0      0      0       0

    5         22      0      0      0      0      0      0       3

    6        163      0      0      0      0      0      0      23

    7        333      0      0      0      0      0      0      48

    8        350      0      0      0      0      0      0      50

    9        140      0      0      0      0      0      0      20

   10         95      0      0      0      0      0      0      14

   11         69      0      0      0      0      0      0      10

   12         82      0      0      0      0      0      0      12

   13         93      0      0      0      0      0      0      13

   14        127      0      0     32      0      0      0      23

   15        262      0      0    181      0      0      0      63

   16        371      0      0    287      0      0      0      94

   17        327      0      0    513      0      0      0     120

   18        229      0      0    592      0      0      0     117

   19        162      0      2    926      0      0      0     156

   20        151      0      0    347      0      0      0      71

   21        104      0      0    459      0      0      0      80

   22         85      0      0     26      0      0      0      16

   23         16      0      0      0      0      0      0       2

 

TOTALS

 

12HR 7-19   2478      0      0   1605      0      0      0     583

16HR 6-22   3058      0      2   3337      0      0      0     914

18HR 6-24   3159      0      2   3363      0      0      0     932

24HR 0-24   3206      0      2   3363      0      0      0     939


 

 

 

 


































*LOCATION   : ............................................................

*SITE NUMBER: 10202507

*FILE NUMBER:        7

*INTERVAL   :   15 MIN

*BATTERY    :    6.0 V

*RESTARTS   :        0

*CONFIG     :        0

*CHANNEL    :  1 OF  1

 

             WED    THU    FRI    SAT    SUN    MON    TUE    7-DAY

DATE    11/07/06     07     08     09     10     11     12   AVERAGE

 

START HOUR

 

    0          0      0      0      0      0      0      0       0

    1          0      0      0      0      0      0      0       0

    2          0      0      0      0      0      0      0       0

    3          0      0      0      0      0      0      0       0

    4          0      0      0      0      0      0      0       0

    5          0      0      0      0      0      0      0       0

    6          0      0      0      0      0      0      0       0

    7          0      0      0      0      0      0      0       0

    8          0      0      0      0      0      0      0       0

    9          0      0      0      0      0      0      0       0

   10          0      0      0      0      0      0      0       0

   11          0      0      0      0      0      0      0       0

   12          0      0      0      0      0      0      0       0

   13          0      0      0      0      0      0      0       0

   14          0      0      0      0      0      0      0       0

   15          0      0      0      0      0      0      0       0

   16          0      0      0      0      0      0      0       0

   17          0      0      0      0      0      0      0       0

   18          0      0      4      0      0      0      0       1

   19          0      0     20      0      0      0      0       3

   20          0      0     21      0      0      0      0       3

   21          0      0      2      0      0      0      0       0

   22          0      0      0      0      0      0      0       0

   23          0      0      0      0      0      0      0       0

 

TOTALS

 

12HR 7-19      0      0      4      0      0      0      0       1

16HR 6-22      0      0     47      0      0      0      0       7

18HR 6-24      0      0     47      0      0      0      0       7

24HR 0-24      0      0     47      0      0      0      0       7


 

 

 

 






























*LOCATION   : ............................................................

*SITE NUMBER: 10202507

*FILE NUMBER:        7

*INTERVAL   :   15 MIN

*BATTERY    :    6.0 V

*RESTARTS   :        0

*CONFIG     :        0

*CHANNEL    :  1 OF  1

 

             WED    THU    FRI    SAT    SUN    MON    TUE    7-DAY

DATE    11/07/13     14     15     16     17     18     19   AVERAGE

 

START HOUR

 

    0          0      0      0      0      0      0      0       0

    1          0      0      0      0      0      0      0       0

    2          0      0      0      0      0      0      0       0

    3          0      0      0      0      0      0      0       0

    4          0      0      0      0      0      0      0       0

    5          0      0      0      0      0      0      0       0

    6          0      0      0      0      0      0      0       0

    7          0      0      0      0      0      0      0       0

    8          0      0      0      0      0      0      0       0

    9          0      0      0      0      0      0      0       0

   10          0      0      0      0      0      0      0       0

   11          0      0      0      0      0      0      0       0

   12          0      0      0      0      0      0      0       0

   13          0      0      0      0      0      0      0       0

   14          0      0      0      0      0      0      0       0

   15          0      0      0      0      0      0      0       0

   16          0      0      0      0      0      0      0       0

   17          0      0      0      0      0      0      0       0

   18          0      0      0      0      0      0      0       0

   19          0      0      0      0      0      0      0       0

   20          0      0      0      0      0      0      0       0

   21          0      0      0      0      0      0      0       0

   22          0      0      0      0      0      0      0       0

   23          0      0      0      0      0      0      0       0

 

TOTALS

 

12HR 7-19      0      0      0      0      0      0      0       0

16HR 6-22      0      0      0      0      0      0      0       0

18HR 6-24      0      0      0      0      0      0      0       0

24HR 0-24      0      0      0      0      0      0      0       0


 

 

 

 


































*LOCATION   : ............................................................

*SITE NUMBER: 10202507

*FILE NUMBER:        7

*INTERVAL   :   15 MIN

*BATTERY    :    6.0 V

*RESTARTS   :        0

*CONFIG     :        0

*CHANNEL    :  1 OF  1

 

             WED    THU    FRI    SAT    SUN    MON    TUE    7-DAY

DATE    11/07/20     21     22     23     24     25     26   AVERAGE

 

START HOUR

 

    0          0      0      0      0      0      0      0       0

    1          0      0      0      0      0      0      0       0

    2          0      0      0      0      0      0      0       0

    3          0      0      0      0      0      0      0       0

    4          0      0      0      0      0      0      0       0

    5          0      0      0      0      0      0      0       0

    6          0      0      0      0      0      0      0       0

    7          0      0      0      0      0      0      0       0

    8          0      0      0      0      0      0      0       0

    9          0      0      0      0      0      0      0       0

   10          0      0      0      0      0      0      0       0

   11          0      0      0      0      0      0      0       0

   12          0      0      0      0      0      0      0       0

   13          0      0      0      0      0      0      0       0

   14          0      0      0      0      0      0      0       0

   15          0      0      3      0      0      0      0       0

   16          0      0     55      0      0      0      0       8

   17          0      0     83      0      0      0      0      12

   18          0      0    194      0      0      0      0      28

   19          0      0    550      0      0      0      0      79

   20          0      0    629      0      0      0      0      90

   21          0      0    183      0      0      0      0      26

   22          0      0      0      0      0      0      0       0

   23          0      0      0      0      0      0      0       0

 

TOTALS

 

12HR 7-19      0      0    335      0      0      0      0      48

16HR 6-22      0      0   1697      0      0      0      0     242

18HR 6-24      0      0   1697      0      0      0      0     242

24HR 0-24      0      0   1697      0      0      0      0     242


 

 

 

 

































*LOCATION   : ............................................................

*SITE NUMBER: 10202507

*FILE NUMBER:        7

*INTERVAL   :   15 MIN

*BATTERY    :    6.0 V

*RESTARTS   :        0

*CONFIG     :        0

*CHANNEL    :  1 OF  1

 

             WED    THU    FRI    SAT    SUN    MON    TUE    7-DAY

DATE    11/07/27     28     29     30     31     01     02   AVERAGE

 

START HOUR

 

    0          0      0      0      0      0      0      -       -

    1          0      0      0      0      0      0      -       -

    2          0      0      0      0      0      0      -       -

    3          0      0      0      0      0      0      -       -

    4          0      0      0      0      0      0      -       -

    5          0      0      0      0      0      0      -       -

    6          0      0      0      0      0      0      -       -

    7          0      0      0      0      0      0      -       -

    8          0      0      0      0      0      0      -       -

    9          0      0      0      0      0      0      -       -

   10          0      0      0      0      0      0      -       -

   11          0      0      0      0      0      0      -       -

   12          0      0      0      0      0      0      -       -

   13          0      0      0      0      0      0      -       -

   14          0      0      0      0      0      -      -       -

   15          0      0      0      0      0      -      -       -

   16          0      0      0      0      0      -      -       -

   17          0      0      0      0      0      -      -       -

   18          0      0      0      0      0      -      -       -

   19          7      0      0      0      0      -      -       -

   20         33      0      0      0      0      -      -       -

   21          1      0      0      0      0      -      -       -

   22          0      0      0      0      0      -      -       -

   23          0      0      0      0      0      -      -       -

 

TOTALS

 

12HR 7-19      0      0      0      0      0      -      -       -

16HR 6-22     41      0      0      0      0      -      -       -

18HR 6-24     41      0      0      0      0      -      -       -

24HR 0-24     41      0      0      0      0      -      -       -
