*LOCATION	: ..	.......	.......	.......	.......	.......	.......	........	........
									
*SITE NUMB	ER: 11	702510							
									
*FILE NUMB	ER:	2							
									
*INTERVAL	:	15 MIN							
									
*BATTERY	:	6.4 V							
									
*RESTARTS	:	0							
									
*CONFIG	:	0							
									
*CHANNEL	:  1	OF  1							
									
									
									
	MON	TUE	WED	THU	FRI	SAT	SUN	7-DA	Y
									
DATE    11	/06/20	21	22	23	24	25	26	AVERA	GE
									
									
									
START HOUR									
									
									
									
0	-	14	9	22	5	15	10	-	
									
1	-	11	8	10	2	13	3	-	
									
2	-	1	2	10	1	17	3	-	
									
3	-	2	2	5	0	8	6	-	
									
4	-	3	4	6	3	10	4	-	
									
5	-	13	11	13	9	3	5	-	
									
6	-	89	98	59	9	5	6	-	
									
7	-	194	201	116	14	6	10	-	
									
8	-	264	286	174	19	3	15	-	
									
9	-	134	153	116	69	9	29	-	
									
10	-	87	108	60	49	11	58	-	
									
11	90	92	118	69	65	26	103	80	
									
12	103	105	147	90	70	33	125	96	
									
13	85	105	111	52	57	55	145	87	
									
14	112	115	128	78	93	78	147	107	
									
15	184	157	169	114	58	67	158	130	
									
16	265	264	294	152	67	71	111	175	
									
17	293	249	262	99	67	70	154	171	
									
18	209	173	216	67	57	58	112	127	
									
19	177	175	174	40	43	59	105	110	
									
20	139	125	140	25	43	33	61	81	
									
21	84	83	103	22	29	25	43	56	
									
22	37	38	53	9	29	20	26	30	
									
23	21	18	39	8	29	17	38	24	
									
	1799								
	110								
TOTALS	1909								
									
									
									
12HR 7-19	-	1939	2193	1187	685	487	1167	-	
									
16HR 6-22	-	2411	2708	1333	809	609	1382	-	
									
18HR 6-24	-	2467	2800	1350	867	646	1446	-	
									
24HR 0-24	-	2511	2836	1416	887	712	1477	-	
									
									
									
									
									
									
									
									
									
									
									
									
									
									
									
									
									
									
									
									
									
									
									
									
									
									
									
									
									
									
									
									
									
									
									
									
									
									
									
									
									
									
									
									
									
									
									
									
									
*LOCATION	: ..	.......	.......	.......	.......	.......	.......	........	........
									
*SITE NUMB	ER: 11	702510							
									
*FILE NUMB	ER:	2							
									
*INTERVAL	:	15 MIN							
									
*BATTERY	:	6.4 V							
									
*RESTARTS	:	0							
									
*CONFIG	:	0							
									
*CHANNEL	:  1	OF  1							
									
									
									
	MON	TUE	WED	THU	FRI	SAT	SUN	7-DA	Y
									
DATE    11	/06/27	28	29	30	1	2	3	AVERA	GE
									
									
									
START HOUR									
									
									
									
0	16	12	20	19	31	40	39	25	
									
1	9	7	17	11	10	28	32	16	
									
2	2	0	8	10	9	21	29	11	
									
3	3	1	1	3	8	23	27	9	
									
4	3	2	7	8	4	13	18	8	
									
5	14	17	25	17	16	12	10	16	
									
6	62	88	100	93	84	9	16	65	
									
7	186	221	226	232	172	24	16	154	
									
8	289	320	304	300	253	44	28	220	
									
9	159	178	204	185	148	105	70	150	
									
10	124	141	135	123	106	93	95	117	
									
11	118	137	145	119	134	145	114	130	
									
12	126	141	149	132	126	199	143	145	
									
13	132	168	156	158	140	199	145	157	
									
14	141	187	141	154	192	195	179	170	
									
15	179	244	222	247	235	187	184	214	
									
16	284	360	370	357	269	166	178	283	
									
17	332	349	380	330	232	169	155	278	
									
18	253	277	257	265	190	162	135	220	
									
19	241	284	241	231	173	144	124	205	
									
20	177	178	187	194	117	104	80	148	
									
21	123	139	131	136	98	92	74	113	
									
22	63	67	90	71	56	74	40	66	
									
23	34	40	41	37	45	66	22	41	
									
									
									
TOTALS									
									
									
									
12HR 7-19	2323	2723	2689	2602	2197	1688	1442	2238	
									
16HR 6-22	2926	3412	3348	3256	2669	2037	1736	2769	
									
18HR 6-24	3023	3519	3479	3364	2770	2177	1798	2876	
									
24HR 0-24	3070	3558	3557	3432	2848	2314	1953	2962	
									
									
									
									
									
									
									
									
									
									
									
									
									
									
									
									
									
									
									
									
									
									
									
									
									
									
									
									
									
									
									
									
									
									
									
									
									
									
*LOCATION	: ..	.......	.......	.......	.......	.......	.......	........	........
									
*SITE NUMB	ER: 11	702510							
									
*FILE NUMB	ER:	2							
									
*INTERVAL	:	15 MIN							
									
*BATTERY	:	6.4 V							
									
*RESTARTS	:	0							
									
*CONFIG	:	0							
									
*CHANNEL	:  1	OF  1							
									
									
									
	MON	TUE	WED	THU	FRI	SAT	SUN	7-DA	Y
									
DATE    11	/07/04	5	6	7	8	9	10	AVERA	GE
									
									
									
START HOUR									
									
									
									
0	13	10	12	27	26	33	25	21	
									
1	8	3	5	27	12	21	28	15	
									
2	5	1	6	11	11	20	19	10	
									
3	2	2	3	5	8	13	8	6	
									
4	4	2	4	9	4	20	19	9	
									
5	15	13	10	16	14	8	5	12	
									
6	64	69	67	73	48	17	10	50	
									
7	144	159	165	161	140	33	13	116	
									
8	205	206	220	227	207	40	19	161	
									
9	172	150	161	165	143	76	46	130	
									
10	70	99	127	123	134	105	76	105	
									
11	86	93	159	126	150	133	130	125	
									
12	75	98	148	162	153	159	153	135	
									
13	109	116	155	135	159	167	172	145	
									
14	124	120	152	161	172	181	188	157	
									
15	151	174	216	204	218	203	173	191	
									
16	249	296	313	326	264	158	173	254	
									
17	213	284	296	320	213	154	146	232	
									
18	192	235	297	251	178	106	119	197	
									
19	132	197	218	215	154	138	119	168	
									
20	109	142	185	176	117	86	101	131	
									
21	76	105	157	118	104	75	77	102	
									
22	37	46	109	78	85	72	46	68	
									
23	32	32	48	54	59	48	19	42	
									
									
									
TOTALS									
									
									
									
12HR 7-19	1790	2030	2409	2361	2131	1515	1408	1949	
									
16HR 6-22	2171	2543	3036	2943	2554	1831	1715	2399	
									
18HR 6-24	2240	2621	3193	3075	2698	1951	1780	2508	
									
24HR 0-24	2287	2652	3233	3170	2773	2066	1884	2581	
									
									
									
									
									
									
									
									
									
									
									
									
									
									
									
									
									
									
									
									
									
									
									
									
									
									
									
									
									
									
									
									
									
									
									
									
									
									
									
									
									
									
									
*LOCATION	: ..	.......	.......	.......	.......	.......	.......	........	........
									
*SITE NUMB	ER: 11	702510							
									
*FILE NUMB	ER:	2							
									
*INTERVAL	:	15 MIN							
									
*BATTERY	:	6.4 V							
									
*RESTARTS	:	0							
									
*CONFIG	:	0							
									
*CHANNEL	:  1	OF  1							
									
									
									
	MON	TUE	WED	THU	FRI	SAT	SUN	7-DA	Y
									
DATE    11	/07/11	12	13	14	15	16	17	AVERA	GE
									
									
									
START HOUR									
									
									
									
0	16	22	12	21	15	6	26	17	
									
1	11	7	9	16	16	10	21	13	
									
2	5	3	10	5	8	3	11	6	
									
3	2	1	5	9	10	5	21	8	
									
4	2	2	2	8	1	7	12	5	
									
5	11	8	12	15	9	9	6	10	
									
6	59	19	61	59	27	6	8	34	
									
7	143	40	134	144	48	9	11	76	
									
8	195	91	211	185	66	20	19	112	
									
9	162	77	133	190	58	46	33	100	
									
10	123	37	120	106	24	64	46	74	
									
11	108	42	110	155	27	69	80	84	
									
12	126	40	146	141	35	119	150	108	
									
13	132	78	112	133	40	106	103	101	
									
14	154	75	132	191	43	117	127	120	
									
15	220	116	182	222	66	129	116	150	
									
16	269	112	242	267	83	123	118	173	
									
17	263	164	258	239	59	114	133	176	
									
18	211	150	174	242	59	81	123	149	
									
19	172	134	159	188	57	80	99	127	
									
20	114	100	125	135	42	68	105	98	
									
21	73	109	78	102	27	43	60	70	
									
22	45	45	49	52	16	39	27	39	
									
23	35	29	47	29	15	34	26	31	
									
									
									
TOTALS									
									
									
									
12HR 7-19	2106	1022	1954	2215	608	997	1059	1423	
									
16HR 6-22	2524	1384	2377	2699	761	1194	1331	1753	
									
18HR 6-24	2604	1458	2473	2780	792	1267	1384	1823	
									
24HR 0-24	2651	1501	2523	2854	851	1307	1481	1881	
									
									
									
									
									
									
									
									
									
									
									
									
									
									
									
									
									
									
									
									
									
									
									
									
									
									
									
									
									
									
									
									
									
									
									
									
									
									
									
*LOCATION	: ..	.......	.......	.......	.......	.......	.......	........	........
									
*SITE NUMB	ER: 11	702510							
									
*FILE NUMB	ER:	2							
									
*INTERVAL	:	15 MIN							
									
*BATTERY	:	6.4 V							
									
*RESTARTS	:	0							
									
*CONFIG	:	0							
									
*CHANNEL	:  1	OF  1							
									
									
									
	MON	TUE	WED	THU	FRI	SAT	SUN	7-DA	Y
									
DATE    11	/07/18	19	20	21	22	23	24	AVERA	GE
									
									
									
START HOUR									
									
									
									
0	8	15	15	33	25	41	26	23	
									
1	3	8	13	13	19	34	21	16	
									
2	9	9	5	3	12	25	14	11	
									
3	3	6	3	10	4	19	12	8	
									
4	4	5	2	3	5	10	11	6	
									
5	17	16	10	16	19	7	9	13	
									
6	47	41	50	47	48	11	12	37	
									
7	108	110	128	102	120	22	11	86	
									
8	147	139	167	140	113	22	28	108	
									
9	114	97	153	118	108	59	79	104	
									
10	159	80	154	117	102	53	54	103	
									
11	110	67	137	132	165	86	88	112	
									
12	144	64	156	139	142	154	112	130	
									
13	143	55	162	150	199	145	188	149	
									
14	146	80	142	143	179	177	137	143	
									
15	224	129	222	209	216	134	123	180	
									
16	270	177	280	258	258	74	148	209	
									
17	257	181	231	239	189	88	116	186	
									
18	237	143	204	209	165	93	126	168	
									
19	180	121	165	169	152	91	115	142	
									
20	127	121	149	140	110	71	80	114	
									
21	98	104	80	123	77	55	65	86	
									
22	59	58	46	74	76	40	34	55	
									
23	42	47	29	43	68	35	20	41	
									
									
									
TOTALS									
									
									
									
12HR 7-19	2059	1322	2136	1956	1956	1107	1210	1678	
									
16HR 6-22	2511	1709	2580	2435	2343	1335	1482	2056	
									
18HR 6-24	2612	1814	2655	2552	2487	1410	1536	2152	
									
24HR 0-24	2656	1873	2703	2630	2571	1546	1629	2230	
									
									
									
									
									
									
									
									
									
									
									
									
									
									
									
									
									
									
									
									
									
									
									
									
									
									
									
									
									
									
									
									
									
									
									
									
									
									
									
*LOCATION	: ..	.......	.......	.......	.......	.......	.......	........	........
									
*SITE NUMB	ER: 11	702510							
									
*FILE NUMB	ER:	2							
									
*INTERVAL	:	15 MIN							
									
*BATTERY	:	6.4 V							
									
*RESTARTS	:	0							
									
*CONFIG	:	0							
									
*CHANNEL	:  1	OF  1							
									
									
									
	MON	TUE	WED	THU	FRI	SAT	SUN	7-DA	Y
									
DATE    11	/07/25	26	27	28	29	30	31	AVERA	GE
									
									
									
START HOUR									
									
									
									
0	14	14	31	25	52	24	24	26	
									
1	12	8	5	19	8	17	23	13	
									
2	11	6	4	18	6	15	17	11	
									
3	6	6	2	9	8	11	25	10	
									
4	4	2	5	9	5	6	17	7	
									
5	14	20	19	14	9	6	12	13	
									
6	50	73	69	50	37	12	10	43	
									
7	126	137	132	121	91	23	9	91	
									
8	195	214	184	158	125	37	27	134	
									
9	115	121	145	104	117	53	52	101	
									
10	104	105	120	61	101	83	65	91	
									
11	125	151	106	45	110	116	98	107	
									
12	151	176	119	22	152	136	112	124	
									
13	167	169	160	48	142	156	155	142	
									
14	162	165	169	54	154	166	169	148	
									
15	210	230	197	126	170	161	172	181	
									
16	302	314	279	198	161	113	159	218	
									
17	272	293	289	208	147	156	215	226	
									
18	228	206	223	141	122	102	164	169	
									
19	174	193	165	126	100	80	129	138	
									
20	129	129	155	99	76	83	91	109	
									
21	98	107	115	61	55	51	65	79	
									
22	48	56	85	42	44	52	55	55	
									
23	36	42	47	18	24	30	32	33	
									
									
									
TOTALS									
									
									
									
12HR 7-19	2157	2281	2123	1286	1592	1302	1397	1734	
									
16HR 6-22	2608	2783	2627	1622	1860	1528	1692	2103	
									
18HR 6-24	2692	2881	2759	1682	1928	1610	1779	2190	
									
24HR 0-24	2753	2937	2825	1776	2016	1689	1897	2270	
									
									
									
									
									
									
									
									
									
									
									
									
									
									
									
									
									
									
									
									
									
									
									
									
									
									
									
									
									
									
									
									
									
									
									
									
									
									
									
									
									
									
									
									
									
*LOCATION	: ..	.......	.......	.......	.......	.......	.......	........	........
									
*SITE NUMB	ER: 11	702510							
									
*FILE NUMB	ER:	2							
									
*INTERVAL	:	15 MIN							
									
*BATTERY	:	6.4 V							
									
*RESTARTS	:	0							
									
*CONFIG	:	0							
									
*CHANNEL	:  1	OF  1							
									
									
									
	MON	TUE	WED	THU	FRI	SAT	SUN	7-DA	Y
									
DATE    11	/08/01	2	3	4	5	6	7	AVERA	GE
									
									
									
START HOUR									
									
									
									
0	20	14	26	-	-	-	-	-	
									
1	6	5	14	-	-	-	-	-	
									
2	8	10	3	-	-	-	-	-	
									
3	7	2	5	-	-	-	-	-	
									
4	7	3	4	-	-	-	-	-	
									
5	20	12	16	-	-	-	-	-	
									
6	87	91	78	-	-	-	-	-	
									
7	175	197	210	-	-	-	-	-	
									
8	252	312	284	-	-	-	-	-	
									
9	170	172	231	-	-	-	-	-	
									
10	112	108	124	-	-	-	-	-	
									
11	142	131	154	-	-	-	-	-	
									
12	135	141	157	-	-	-	-	-	
									
13	131	123	-	-	-	-	-	-	
									
14	121	134	-	-	-	-	-	-	
									
15	235	245	-	-	-	-	-	-	
									
16	309	321	-	-	-	-	-	-	
									
17	305	371	-	-	-	-	-	-	
									
18	264	267	-	-	-	-	-	-	
									
19	217	224	-	-	-	-	-	-	
									
20	168	175	-	-	-	-	-	-	
									
21	85	119	-	-	-	-	-	-	
									
22	62	58	-	-	-	-	-	-	
									
23	32	27	-	-	-	-	-	-	
			1280						
									
									
TOTALS									
									
									
									
12HR 7-19	2351	2522	-	-	-	-	-	-	
									
16HR 6-22	2908	3131	-	-	-	-	-	-	
									
18HR 6-24	3002	3216	-	-	-	-	-	-	
									
24HR 0-24	3070	3262	-	-	-	-	-	-	