



*LOCATION   : ............................................................

*SITE NUMBER: 11722509

*FILE NUMBER:        8

*INTERVAL   :   15 MIN

*BATTERY    :    6.1 V

*RESTARTS   :        0

*CONFIG     :       12

*CHANNEL    :  2 OF  2

 

             MON    TUE    WED    THU    FRI    SAT    SUN    7-DAY

DATE    11/06/20     21     22     23     24     25     26   AVERAGE

 

START HOUR

 

    0          -      6      7     10      3     10      9       -

    1          -      8      2      4      1      6      3       -

    2          -      0      2      4      0      4      3       -

    3          -      1      0      4      0      2      4       -

    4          -      3      0      1      1      0      1       -

    5          -      8      9     12      4      1      4       -

    6          -     64     54     47     10      5      4       -

    7          -    157    181    124     11      4      6       -

    8          -    218    207    123     12      0      8       -

    9          -     92    128     87     18      3     11       -

   10          -     63     67     27     22      8     37       -

   11         57     48     46     33     35      8     58      41

   12         47     57     58     42     22     15     71      45

   13         45     53     83     43     32     26     68      50

   14         77     76     72     65     50     41     67      64

   15        123    104    134     74     37     48     72      85

   16        190    184    178     90     33     44     61     111

   17        174    176    211     52     41     44     77     111

   18        128    131    126     33     40     41     74      82

   19        102     92     94     27     19     32     58      61

   20        103     74     92     10     21     15     39      51

   21         66     63     73     13     19      9     32      39

   22         22     34     36      4     19     26     22      23

   23         18     17     22      9      8      8     23      15

 

TOTALS

 

12HR 7-19      -   1359   1491    793    353    282    610       -

16HR 6-22      -   1652   1804    890    422    343    743       -

18HR 6-24      -   1703   1862    903    449    377    788       -

24HR 0-24      -   1729   1882    938    458    400    812       -


 

 


































 

*LOCATION   : ............................................................

*SITE NUMBER: 11702509

*FILE NUMBER:        8

*INTERVAL   :   15 MIN

*BATTERY    :    6.1 V

*RESTARTS   :        0

*CONFIG     :       12

*CHANNEL    :  2 OF  2

 

             MON    TUE    WED    THU    FRI    SAT    SUN    7-DAY

DATE    11/06/27     28     29     30     01     02     03   AVERAGE

 

START HOUR

 

    0          5      7     15     11     11     16     20      12

    1          6      5      7      7      4     20     18      10

    2          3      0      3      0      4      4     13       4

    3          4      1      1      5      3     15     10       6

    4          2      4      0      5      1      8     11       4

    5         13     10     13      9     14      6      6      10

    6         64     78     82     73     64     11      9      54

    7        166    227    200    202    162      8     12     140

    8        201    253    236    226    173     20     24     162

    9        126    135    139    122     99     48     24      99

   10         62     80     72     60     79     63     45      66

   11         55     83     56     68     74     92     42      67

   12         64     55     80     63     67    104     58      70

   13         72     69     87     71     88     80     89      79

   14         89     95    104    110    123     83     68      96

   15        142    171    172    167    165     90     84     142

   16        225    273    259    240    162     64     71     185

   17        239    239    238    192    131     60     78     168

   18        161    145    203    160    110     92     67     134

   19        134    164    131    126     86     60     64     109

   20         97    144    121    119     63     68     80      99

   21         96     99     97     81     52     36     35      71

   22         40     44     57     44     26     46     28      41

   23         18     27     24     20     30     23     18      23

 

TOTALS

 

12HR 7-19   1602   1825   1846   1681   1433    804    662    1408

16HR 6-22   1993   2310   2277   2080   1698    979    850    1741

18HR 6-24   2051   2381   2358   2144   1754   1048    896    1805

24HR 0-24   2084   2408   2397   2181   1791   1117    974    1850


 

 

 





































 

*LOCATION   : ............................................................

*SITE NUMBER: 11702509

*FILE NUMBER:        8

*INTERVAL   :   15 MIN

*BATTERY    :    6.1 V

*RESTARTS   :        0

*CONFIG     :       12

*CHANNEL    :  2 OF  2

 

             MON    TUE    WED    THU    FRI    SAT    SUN    7-DAY

DATE    11/07/04     05     06     07     08     09     10   AVERAGE

 

START HOUR

 

    0          5      6      9      5     12     21     17      11

    1          3      0      5      8     10     17      9       7

    2          3      0      3      3      2     16     12       6

    3          0      2      1      7      2      9      9       4

    4          2      4      3      3      2      6      5       4

    5         12     15     14     18     16      5      3      12

    6         61     69     78     73     57     12     11      52

    7        142    168    171    161    118     14      8     112

    8        157    155    180    172    129     22     12     118

    9         98    105     88    105     86     33     21      77

   10         49     71     73     69     62     44     31      57

   11         65     61     87     65     61     82     63      69

   12         38     58     83     72     68     67     72      65

   13         42     51     73     63     76     68     85      65

   14         52     64     95    101    102     76     79      81

   15        116    129    142    170    155     70     97     126

   16        167    181    212    201    153     76     71     152

   17        149    197    195    197    153     57     66     145

   18        122    121    137    165     99     55     64     109

   19         83    114    125    109     65     50     60      87

   20         77     78    106     81     77     45     71      76

   21         48     61     81     77     48     38     43      57

   22         21     39     52     38     49     33     27      37

   23         11     21     20     28     30     19     12      20

 

TOTALS

 

12HR 7-19   1197   1361   1536   1541   1262    664    669    1176

16HR 6-22   1466   1683   1926   1881   1509    809    854    1447

18HR 6-24   1498   1743   1998   1947   1588    861    893    1504

24HR 0-24   1523   1770   2033   1991   1632    935    948    1547


 

 

 

































*LOCATION   : ............................................................

*SITE NUMBER: 11702509

*FILE NUMBER:        8

*INTERVAL   :   15 MIN

*BATTERY    :    6.1 V

*RESTARTS   :        0

*CONFIG     :       12

*CHANNEL    :  2 OF  2

 

             MON    TUE    WED    THU    FRI    SAT    SUN    7-DAY

DATE    11/07/11     12     13     14     15     16     17   AVERAGE

 

START HOUR

 

    0          7      8     10      6     16      7     16      10

    1          4      2      7      8      8      4      7       6

    2          5      0      3      4      1      2      6       3

    3          3      0      6      7      3      2     11       5

    4          2      1      3      6      1      2      7       3

    5         15      8     12     16     12      2      1       9

    6         52     19     55     54     25      6      4      31

    7        137     34    125    122     39      7      7      67

    8        114     64    131    118     41     16      8      70

    9         95     39     92     77     31     23     18      54

   10         76     22     79     56     16     23     29      43

   11         65     24     77     61     19     35     28      44

   12         75     28     70     70     26     36     43      50

   13         72     26     65     77     33     53     74      57

   14         72     36     73     98     30     53     52      59

   15        114     61    112    144     46     49     62      84

   16        177     83    168    152     64     49     91     112

   17        201    104    162    142     43     53     49     108

   18        127     86    107    135     38     76     61      90

   19         96     70     92     85     22     31     79      68

   20         51     65     89     90     33     37     60      61

   21         51     48     64     68     20     31     31      45

   22         30     33     30     27      5     27     19      24

   23         12     20     23     27      7     21     14      18

 

TOTALS

 

12HR 7-19   1325    607   1261   1252    426    473    522     838

16HR 6-22   1575    809   1561   1549    526    578    696    1042

18HR 6-24   1617    862   1614   1603    538    626    729    1084

24HR 0-24   1653    881   1655   1650    579    645    777    1120


 

 

 

 



































*LOCATION   : ............................................................

*SITE NUMBER: 11702509

*FILE NUMBER:        8

*INTERVAL   :   15 MIN

*BATTERY    :    6.1 V

*RESTARTS   :        0

*CONFIG     :       12

*CHANNEL    :  2 OF  2

 

             MON    TUE    WED    THU    FRI    SAT    SUN    7-DAY

DATE    11/07/18     19     20     21     22     23     24   AVERAGE

 

START HOUR

 

    0          1      7      3     13     11     15      3       8

    1          4      7      7      5      6     12     10       7

    2          3      2      2      9      6     12      8       6

    3          1      0      4      3      1      8     13       4

    4          1      2      1      6      3      6      2       3

    5         18     14     19     12     13      4      3      12

    6         44     47     38     41     46      5      9      33

    7        108     93    107     87     79     13     10      71

    8        120    101    109    107     83      5      8      76

    9         63     54     70     70     75     16     12      51

   10         70     44     73     58     74     26     28      53

   11         64     41     85     64     55     45     31      55

   12         72     33     94     61     62     44     50      59

   13         69     32     91     56     69     60     53      61

   14         92     37     86     90    105     72     59      77

   15        120     82    137     90    128     55     55      95

   16        181    124    173    146    146     50     64     126

   17        162    111    158    141    127     43     60     115

   18        103    103    119    115     82     49     67      91

   19         89     74     89    111     40     57     50      73

   20         69     64     98     74     61     32     67      66

   21         59     58     69     52     45     32     45      51

   22         37     30     33     30     31     26     28      31

   23         20     16     17     25     30     11     13      19

 

TOTALS

 

12HR 7-19   1224    855   1302   1085   1085    478    497     932

16HR 6-22   1485   1098   1596   1363   1277    604    668    1156

18HR 6-24   1542   1144   1646   1418   1338    641    709    1205

24HR 0-24   1570   1176   1682   1466   1378    698    748    1245


 

 

 






























 

*LOCATION   : ............................................................

*SITE NUMBER: 11702509

*FILE NUMBER:        8

*INTERVAL   :   15 MIN

*BATTERY    :    6.1 V

*RESTARTS   :        0

*CONFIG     :       12

*CHANNEL    :  2 OF  2

 

             MON    TUE    WED    THU    FRI    SAT    SUN    7-DAY

DATE    11/07/25     26     27     28     29     30     31   AVERAGE

 

START HOUR

 

    0          7      6     14     14      9      -      -       -

    1          4      3      2      9      -      -      -       -

    2          8      0      3      5      -      -      -       -

    3          3      1      1     11      -      -      -       -

    4          3      2      1      3      -      -      -       -

    5         14     16     15     13      -      -      -       -

    6         48     46     42     49      -      -      -       -

    7        129    142    121    103      -      -      -       -

    8        133    151    121    115      -      -      -       -

    9         71     89     75     85      -      -      -       -

   10         73     75     77     33      -      -      -       -

   11         66     85     68     15      -      -      -       -

   12         93     86     78     20      -      -      -       -

   13         69     87     84     23      -      -      -       -

   14         89    115     92     30      -      -      -       -

   15        119    146    141     86      -      -      -       -

   16        212    194    201    140      -      -      -       -

   17        183    178    175    109      -      -      -       -

   18        113    136    112     82      -      -      -       -

   19        105    113    116     74      -      -      -       -

   20        107     84    103     68      -      -      -       -

   21         65     51     78     47      -      -      -       -

   22         33     29     54     24      -      -      -       -

   23         21     24     25     20      -      -      -       -

 

TOTALS

 

12HR 7-19   1350   1484   1345    841      -      -      -       -

16HR 6-22   1675   1778   1684   1079      -      -      -       -

18HR 6-24   1729   1831   1763   1123      -      -      -       -

24HR 0-24   1768   1859   1799   1178      -      -      -       -
