 
 
 
*LOCATION   : ............................................................
*SITE NUMBER: 11500928
*FILE NUMBER:        2
*INTERVAL   :   15 MIN
*BATTERY    :    6.4 V
*RESTARTS   :        0
*CONFIG     :        0
*CHANNEL    :  1 OF  1
 
             MON    TUE    WED    THU    FRI    SAT    SUN    7-DAY
DATE    06/02/27     28     01     02     03     04     05   AVERAGE
 
START HOUR
 
    0          -      0      1      1      0      0      1       -
    1          -      3      0      1      2      1      1       -
    2          -      0      1      0      0      1      1       -
    3          -      1      1      0      1      0      0       -
    4          -      1      2      1      1      0      2       -
    5          -      3      4      8      2      0      0       -
    6          -      7      7      9      3      0      0       -
    7          -     14     11     11     11      2      1       -
    8          -     21     25     19     13      2      1       -
    9          -     16     21     15     11      6      3       -
   10         17     15     11     10     18     10      2      12
   11         13     16     12     10     12      9      3      11
   12         12     20     13      7     21      4      5      12
   13         12     13      4     14     11      6      2       9
   14         12     14     11     15     14      8      5      11
   15         23     21     22     24     14      2      3      16
   16         31     25     26     17     18      2      6      18
   17         23     21     24     12     12      8      4      15
   18         15     11     11      6      9      3      4       8
   19          3      7      6      2      7      4      4       5
   20          2      3      1      3      3      0      3       2
   21          6      2      3      3      3      1      2       3
   22          1      1      3      5      1      0      1       2
   23          1      3      1      2      1      1      1       1
 
TOTALS
 
12HR 7-19      -    207    191    160    164     62     39       -
16HR 6-22      -    226    208    177    180     67     48       -
18HR 6-24      -    230    212    184    182     68     50       -
24HR 0-24      -    238    221    195    188     70     55       -
 
 
 
 
*LOCATION   : ............................................................
*SITE NUMBER: 11500928
*FILE NUMBER:        2
*INTERVAL   :   15 MIN
*BATTERY    :    6.4 V
*RESTARTS   :        0
*CONFIG     :        0
*CHANNEL    :  1 OF  1
 
             MON    TUE    WED    THU    FRI    SAT    SUN    7-DAY
DATE    06/03/06     07     08     09     10     11     12   AVERAGE
 
START HOUR
 
    0          0      2      1      0      1      1      3       1
    1          1      2      1      1      0      0      0       1
    2          0      0      1      2      0      1      0       1
    3          0      1      0      1      0      0      0       0
    4          0      1      1      1      1      1      0       1
    5          2      1      1      3      2      1      0       1
    6          8     11      5      4      9      1      0       5
    7         15     15     13     13      6      3      0       9
    8         24     21     24     27     19      2      1      17
    9          8     15     20     13     15      2      3      11
   10         13     12      9      8     10      7      2       9
   11         12     11     15     10     11      5      7      10
   12          6     10     11     10     13      7      8       9
   13          8     12      9     14     18      4      3      10
   14         13     10     11      7     12      7      3       9
   15         16     18     17     15     17      3      7      13
   16         16     15     23     24     24      2      6      16
   17         20     17     14     14     16     10      5      14
   18          9      8      3      9      8      1      2       6
   19          1      2      6      7      6      2      2       4
   20          6      1      1      2      2      1      3       2
   21          3      7      7      2      1      3      4       4
   22          1      1      0      0      0      4      1       1
   23          1      3      4      1      3      0      0       2
 
TOTALS
 
12HR 7-19    160    164    169    164    169     53     47     132
16HR 6-22    178    185    188    179    187     60     56     148
18HR 6-24    180    189    192    180    190     64     57     150
24HR 0-24    183    196    197    188    194     68     60     155
 
 
 
 
*LOCATION   : ............................................................
*SITE NUMBER: 11500928
*FILE NUMBER:        2
*INTERVAL   :   15 MIN
*BATTERY    :    6.4 V
*RESTARTS   :        0
*CONFIG     :        0
*CHANNEL    :  1 OF  1
 
             MON    TUE    WED    THU    FRI    SAT    SUN    7-DAY
DATE    06/03/13     14     15     16     17     18     19   AVERAGE
 
START HOUR
 
    0          0      4      0      4      1      1      2       2
    1          2      0      1      1      2      2      0       1
    2          0      3      0      0      1      0      0       1
    3          1      0      0      0      0      0      0       0
    4          1      0      0      1      1      1      1       1
    5          3      1      3      2      3      2      0       2
    6          3      3      8      6      8      2      1       4
    7         18     18     16     15     14      1      3      12
    8         19     23     29     25     17      3      1      17
    9         24     27     23     16     30      4      1      18
   10          9     16     14     15     24      6      0      12
   11         13     20     16      8     17     10      5      13
   12         18     12     12      5     21     15      5      13
   13         13     16      9     15     20      6      4      12
   14         16     12     22      7     23     10      9      14
   15         14     19     26     17     28      5      6      16
   16         30     25     20     24     27      6      7      20
   17         26     18     18     29     24      3      3      17
   18         10     12     11      9     15      4      5       9
   19          6     12      8      8      7      2      4       7
   20          6      0      5      7      4      2      4       4
   21          6      4      5      8      4      3      3       5
   22          2      2      1      2      4      3      2       2
   23          1      2      1      2      2      0      3       2
 
TOTALS
 
12HR 7-19    210    218    216    185    260     73     49     173
16HR 6-22    231    237    242    214    283     82     61     193
18HR 6-24    234    241    244    218    289     85     66     197
24HR 0-24    241    249    248    226    297     91     69     203
 
 
 
 
*LOCATION   : ............................................................
*SITE NUMBER: 11500928
*FILE NUMBER:        2
*INTERVAL   :   15 MIN
*BATTERY    :    6.4 V
*RESTARTS   :        0
*CONFIG     :        0
*CHANNEL    :  1 OF  1
 
             MON    TUE    WED    THU    FRI    SAT    SUN    7-DAY
DATE    06/03/20     21     22     23     24     25     26   AVERAGE
 
START HOUR
 
    0          0      1      1      4      3      1      2       2
    1          0      1      0      1      1      0      3       1
    2          0      0      0      0      1      1      0       0
    3          1      0      0      0      0      1      2       1
    4          0      1      1      1      1      1      1       1
    5          2      1      1      2      1      0      0       1
    6          5      8     10      6      9      2      2       6
    7         13     11     14     16     15      1      1      10
    8         27     32     25     22     36      3      0      21
    9         21     24     31     28     21      3      7      19
   10         18     17     13     16     19      7      7      14
   11         19     14     15     14     15      5     11      13
   12         26     26     23     17     17      6      4      17
   13         16     22     18     13     18      9      7      15
   14         19     15      9     12     15      7      7      12
   15         29     16     21     22     28      8      6      19
   16         24     21     25     22     22      8     10      19
   17         28     22     22     22     20      7      5      18
   18          9     11     11     23     11      0      1       9
   19          7      5      7      7      7      1      7       6
   20          3      8      2      6      4      2      6       4
   21          4      3      5      4      4      2      2       3
   22          3      4      4      4      1      1      0       2
   23          0      6      4      2      0      1      5       3
 
TOTALS
 
12HR 7-19    249    231    227    227    237     64     66     186
16HR 6-22    268    255    251    250    261     71     83     206
18HR 6-24    271    265    259    256    262     73     88     211
24HR 0-24    274    269    262    264    269     77     96     216
 
 
 
 
*LOCATION   : ............................................................
*SITE NUMBER: 11500928
*FILE NUMBER:        2
*INTERVAL   :   15 MIN
*BATTERY    :    6.4 V
*RESTARTS   :        0
*CONFIG     :        0
*CHANNEL    :  1 OF  1
 
             MON    TUE    WED    THU    FRI    SAT    SUN    7-DAY
DATE    06/03/27     28     29     30     31     01     02   AVERAGE
 
START HOUR
 
    0          1      -      -      -      -      -      -       -
    1          0      -      -      -      -      -      -       -
    2          0      -      -      -      -      -      -       -
    3          1      -      -      -      -      -      -       -
    4          0      -      -      -      -      -      -       -
    5          7      -      -      -      -      -      -       -
    6         20      -      -      -      -      -      -       -
    7         22      -      -      -      -      -      -       -
    8         24      -      -      -      -      -      -       -
    9         14      -      -      -      -      -      -       -
   10         14      -      -      -      -      -      -       -
   11          -      -      -      -      -      -      -       -
   12          -      -      -      -      -      -      -       -
   13          -      -      -      -      -      -      -       -
   14          -      -      -      -      -      -      -       -
   15          -      -      -      -      -      -      -       -
   16          -      -      -      -      -      -      -       -
   17          -      -      -      -      -      -      -       -
   18          -      -      -      -      -      -      -       -
   19          -      -      -      -      -      -      -       -
   20          -      -      -      -      -      -      -       -
   21          -      -      -      -      -      -      -       -
   22          -      -      -      -      -      -      -       -
   23          -      -      -      -      -      -      -       -
 
TOTALS
 
12HR 7-19      -      -      -      -      -      -      -       -
16HR 6-22      -      -      -      -      -      -      -       -
18HR 6-24      -      -      -      -      -      -      -       -
24HR 0-24      -      -      -      -      -      -      -       -
 
