 
 
 
*LOCATION   : ............................................................
*SITE NUMBER: 10700907
*FILE NUMBER:        2
*INTERVAL   :   15 MIN
*BATTERY    :    6.5 V
*RESTARTS   :        0
*CONFIG     :        0
*CHANNEL    :  1 OF  1
 
             WED    THU    FRI    SAT    SUN    MON    TUE    7-DAY
DATE    11/03/02     03     04     05     06     07     08   AVERAGE
 
START HOUR
 
    0          -      1      3      4      4      2      2       -
    1          -      1      0      0      0      1      4       -
    2          -      0      0      0      1      0      0       -
    3          -      0      0      1      0      0      0       -
    4          -      2      0      0      0      2      1       -
    5          -      5      3      4      0      5      4       -
    6          -     16     17      3      1     23     19       -
    7          -     24     26      4      4     27     33       -
    8          -     36     29      4      3     36     27       -
    9          -     15     19      7      7     29     16       -
   10         23      8      5      7      4      8      8       9
   11         10     10      7      8      4     10     10       8
   12          9     15     12     15      7      8     10      11
   13         43     14      6     10      4      9     11      14
   14         30     74     13     12      8     22     15      25
   15         19     20     32      7      4     26     29      20
   16         25     26     24     10      5     39     42      24
   17         25     27     26     16      6     20     18      20
   18         19     14      8      8     24     12     14      14
   19         15     13      5      4      4      8     12       9
   20          6      6      3      2      4      4      2       4
   21          2      6      1      3      3      5      4       3
   22          2      1      2      0      3      1      1       1
   23          2      0      1      0      5      3      4       2
 
TOTALS
 
12HR 7-19      -    283    207    108     80    246    233       -
16HR 6-22      -    324    233    120     92    286    270       -
18HR 6-24      -    325    236    120    100    290    275       -
24HR 0-24      -    334    242    129    105    300    286       -
 
 
 
 
*LOCATION   : ............................................................
*SITE NUMBER: 10700907
*FILE NUMBER:        2
*INTERVAL   :   15 MIN
*BATTERY    :    6.5 V
*RESTARTS   :        0
*CONFIG     :        0
*CHANNEL    :  1 OF  1
 
             WED    THU    FRI    SAT    SUN    MON    TUE    7-DAY
DATE    11/03/09     10     11     12     13     14     15   AVERAGE
 
START HOUR
 
    0          4      1      4      3      1      2      1       2
    1          1      1      2      0      1      0      0       1
    2          0      0      0      3      0      0      1       1
    3          2      0      0      2      1      0      0       1
    4          0      1      1      0      2      2      3       1
    5          4      6      4      3      1      2      5       4
    6         17     15     16      2      3     25     28      15
    7         28     31     29      0      4     45     39      25
    8         33     36     26     11      7     38     21      25
    9         17     13      9      5     10     29     30      16
   10         10     10      5      5      7      9     10       8
   11         13     20      5     13      4     16     38      16
   12         17      8      9      6     10     15     29      13
   13         11     14     12     23      6     12     17      14
   14         17     20     13      7      8     17     11      13
   15         28     25     10     10      5     13     35      18
   16         40     56     45      6      5     35     29      31
   17         27     36     25     10      4     26     33      23
   18         16     15     12      5      6     20     12      12
   19          8     11      7      1      4      9     13       8
   20          8      5      3      4      5      7      3       5
   21          4      4      3      5      5      2      3       4
   22          1      2      4      3      2      2      0       2
   23          0      1      2      5      2      1      1       2
 
TOTALS
 
12HR 7-19    257    284    200    101     76    275    304     214
16HR 6-22    294    319    229    113     93    318    351     245
18HR 6-24    295    322    235    121     97    321    352     249
24HR 0-24    306    331    246    132    103    327    362     258
 
 
 
 
*LOCATION   : ............................................................
*SITE NUMBER: 10700907
*FILE NUMBER:        2
*INTERVAL   :   15 MIN
*BATTERY    :    6.5 V
*RESTARTS   :        0
*CONFIG     :        0
*CHANNEL    :  1 OF  1
 
             WED    THU    FRI    SAT    SUN    MON    TUE    7-DAY
DATE    11/03/16     17     18     19     20     21     22   AVERAGE
 
START HOUR
 
    0          0      3      3      1      1      2      4       2
    1          1      0      3      1      1      0      2       1
    2          0      1      0      0      1      0      0       0
    3          0      0      0      0      0      1      0       0
    4          2      1      1      0      1      1      1       1
    5          4      2      4      6      2      4      8       4
    6         18     19     20      2      2     58     44      23
    7         29     31     28      6      5     23     56      25
    8         38     30     27      4      1     30     36      24
    9         22     18     13      8      4     16     17      14
   10         18      8     37      7      4     12     22      15
   11         21      9     22      6      2     10     14      12
   12         31      7     10      5      7      9     19      13
   13          9     15      9      2      7      8     14       9
   14         18     26     14      7      8      9     24      15
   15         24     39     32      7      7     20     30      23
   16         41     56     34      8     12     29     38      31
   17         42     25     39      6     13     33     41      28
   18         15     11     16      4      4     21     24      14
   19         12      9     14      5      6     11     11      10
   20          3      4      2      3      2      6      7       4
   21          4      6      1      1      3      8      6       4
   22          0      2      1      1      3      1      2       1
   23          2      2      3      1      1      2      2       2
 
TOTALS
 
12HR 7-19    308    275    281     70     74    220    335     223
16HR 6-22    345    313    318     81     87    303    403     264
18HR 6-24    347    317    322     83     91    306    407     268
24HR 0-24    354    324    333     91     97    314    422     276
 
 
 
 
*LOCATION   : ............................................................
*SITE NUMBER: 10700907
*FILE NUMBER:        2
*INTERVAL   :   15 MIN
*BATTERY    :    6.5 V
*RESTARTS   :        0
*CONFIG     :        0
*CHANNEL    :  1 OF  1
 
             WED    THU    FRI    SAT    SUN    MON    TUE    7-DAY
DATE    11/03/23     24     25     26     27     28     29   AVERAGE
 
START HOUR
 
    0          0      1      1      0      1      0      2       1
    1          0      4      0      3      1      0      0       1
    2          1      0      0      1      1      0      0       0
    3          0      0      0      1      3      7      0       2
    4          3      1      0      0      1      5      6       2
    5          4      4      5      2      1     40     21      11
    6         23     17     18      4      4     36     36      20
    7         35     44     31      4      3     25     30      25
    8         39     25     30      3      7     22     16      20
    9         18     18     13      9      6     15     17      14
   10          9     14     31      7      8      3     12      12
   11         14     15     11     11     13     10     10      12
   12         19      6     12     12      9      9     10      11
   13         34     14     12      8     20     19     26      19
   14         32     15     19     13     24     22     31      22
   15         29     32     57     12     12     32     23      28
   16         32     37     24     15     14     25     24      24
   17         29     32     20     11      7     14     23      19
   18         14     21     10      8      3      7     16      11
   19         14     15      6      1      8     11      7       9
   20         11      3      6      2      6      3      1       5
   21          8      6      3      5      0      1      2       4
   22          4      2      2      1      2      1      3       2
   23          1      0      3      2      1      1      3       2
 
TOTALS
 
12HR 7-19    304    273    270    113    126    203    238     218
16HR 6-22    360    314    303    125    144    254    284     255
18HR 6-24    365    316    308    128    147    256    290     259
24HR 0-24    373    326    314    135    155    308    319     276
 
 
 
 
*LOCATION   : ............................................................
*SITE NUMBER: 10700907
*FILE NUMBER:        2
*INTERVAL   :   15 MIN
*BATTERY    :    6.5 V
*RESTARTS   :        0
*CONFIG     :        0
*CHANNEL    :  1 OF  1
 
             WED    THU    FRI    SAT    SUN    MON    TUE    7-DAY
DATE    11/03/30     31     01     02     03     04     05   AVERAGE
 
START HOUR
 
    0          0      -      -      -      -      -      -       -
    1          0      -      -      -      -      -      -       -
    2          0      -      -      -      -      -      -       -
    3          1      -      -      -      -      -      -       -
    4          4      -      -      -      -      -      -       -
    5         19      -      -      -      -      -      -       -
    6         31      -      -      -      -      -      -       -
    7         40      -      -      -      -      -      -       -
    8          -      -      -      -      -      -      -       -
    9          -      -      -      -      -      -      -       -
   10          -      -      -      -      -      -      -       -
   11          -      -      -      -      -      -      -       -
   12          -      -      -      -      -      -      -       -
   13          -      -      -      -      -      -      -       -
   14          -      -      -      -      -      -      -       -
   15          -      -      -      -      -      -      -       -
   16          -      -      -      -      -      -      -       -
   17          -      -      -      -      -      -      -       -
   18          -      -      -      -      -      -      -       -
   19          -      -      -      -      -      -      -       -
   20          -      -      -      -      -      -      -       -
   21          -      -      -      -      -      -      -       -
   22          -      -      -      -      -      -      -       -
   23          -      -      -      -      -      -      -       -
 
TOTALS
 
12HR 7-19      -      -      -      -      -      -      -       -
16HR 6-22      -      -      -      -      -      -      -       -
18HR 6-24      -      -      -      -      -      -      -       -
24HR 0-24      -      -      -      -      -      -      -       -
 
