 
 
 
*LOCATION   : ............................................................
*SITE NUMBER: 11502628
*FILE NUMBER:        2
*INTERVAL   :   15 MIN
*BATTERY    :    6.4 V
*RESTARTS   :        0
*CONFIG     :        0
*CHANNEL    :  1 OF  1
 
             TUE    WED    THU    FRI    SAT    SUN    MON    7-DAY
DATE    08/06/24     25     26     27     28     29     30   AVERAGE
 
START HOUR
 
    0          -      7     20     21     28     19     24       -
    1          -      4     13     12     25     15     11       -
    2          -      2      4      7     22     11     10       -
    3          -      2      5      9     10      8      3       -
    4          -      4     15      3     11      7      4       -
    5          -      9     12     13      7      4     14       -
    6          -     47     49     44      8      6     51       -
    7          -    120    121    118     12      7    109       -
    8          -    209    220    169     30     15    250       -
    9          -    153    163    141     43     24    159       -
   10         54     90    113     95     52     44    101      78
   11         74     86    122    126     95     37     94      91
   12         67    113    127    121    130     56    117     104
   13         68    100    107    118    139     79    118     104
   14         77    104    128    134    125    103    122     113
   15        102    180    170    188    109    105    219     153
   16        104    229    219    223    111    111    260     180
   17        121    235    191    200     84     85    217     162
   18         82    135    126    121     77    113    153     115
   19         59    107     69     65     44     67     96      72
   20         45     79     76     52     30     81     94      65
   21         36     72     59     42     43     49     60      52
   22         28     41     36     61     27     29     30      36
   23         17     33     27     47     38     24     26      30
 
TOTALS
 
12HR 7-19      -   1754   1807   1754   1007    779   1919       -
16HR 6-22      -   2059   2060   1957   1132    982   2220       -
18HR 6-24      -   2133   2123   2065   1197   1035   2276       -
24HR 0-24      -   2161   2192   2130   1300   1099   2342       -
 
 
 
 
*LOCATION   : ............................................................
*SITE NUMBER: 11502628
*FILE NUMBER:        2
*INTERVAL   :   15 MIN
*BATTERY    :    6.4 V
*RESTARTS   :        0
*CONFIG     :        0
*CHANNEL    :  1 OF  1
 
             TUE    WED    THU    FRI    SAT    SUN    MON    7-DAY
DATE    08/07/01     02     03     04     05     06     07   AVERAGE
 
START HOUR
 
    0         13     18     28     26     42     22     11      23
    1          7      6      5      8     27     17      3      10
    2          2     12      7      9     19      9      2       9
    3          6      3     10      5     24     10      1       8
    4          1      4      2      4      8      8      0       4
    5         18     13     18     12      6      5     12      12
    6         55     52     55     45      8      7     41      38
    7        133    162    128    121     16      6    117      98
    8        232    292    234    215     37     17    191     174
    9        158    171    152    137     61     34    126     120
   10         67    111     83    106     87     50     94      85
   11         66    126     78    111    107     69    111      95
   12         68    124     86    134    103     84    140     106
   13         98    135     87    151    152    100    139     123
   14        105    112     83    191    128     63    129     116
   15        190    218    155    244     99     72    169     164
   16        272    292    238    257     98     83    252     213
   17        249    276    199    188     55     68    209     178
   18        182    203    133    121     59     62    142     129
   19        149    102     95    116     57     47     94      94
   20        100     69     77     95     43     54     73      73
   21         68     74     53    100     42     47     63      64
   22         55     55     55     57     36     23     30      44
   23         34     32     25     70     26     28     17      33
 
TOTALS
 
12HR 7-19   1820   2222   1656   1976   1002    708   1819    1600
16HR 6-22   2192   2519   1936   2332   1152    863   2090    1869
18HR 6-24   2281   2606   2016   2459   1214    914   2137    1947
24HR 0-24   2328   2662   2086   2523   1340    985   2166    2013
 
 
 
 
*LOCATION   : ............................................................
*SITE NUMBER: 11502628
*FILE NUMBER:        2
*INTERVAL   :   15 MIN
*BATTERY    :    6.4 V
*RESTARTS   :        0
*CONFIG     :        0
*CHANNEL    :  1 OF  1
 
             TUE    WED    THU    FRI    SAT    SUN    MON    7-DAY
DATE    08/07/08     09     10     11     12     13     14   AVERAGE
 
START HOUR
 
    0         13     24     19     23     23     19     11      19
    1          6      8      6     15     21     21      7      12
    2          4      4      8     15     24     19      2      11
    3          5      3      9      8     20     24      3      10
    4          2      2      1      8      2      8      2       4
    5         14     16     12     17      5      2     16      12
    6         44     50     42     37      7      5     40      32
    7        116    120     94     91     17     12    103      79
    8        193    209    175    159     16     16    193     137
    9        141    149     90    130     30     36    111      98
   10         85    111     82    103     46     57     96      83
   11        124    109     88    125     72     82    102     100
   12        111    136    115    116     66     69    112     104
   13        113    143    116    146    115     96     97     118
   14        112    136    144    152    113    109     95     123
   15        156    213    188    198    116     85    144     157
   16        256    269    243    222     92     92    206     197
   17        243    225    199    163     78    101    133     163
   18        170    166    158    119     56     98     89     122
   19        112    110    135     83     52     73     44      87
   20         71     91    121     75     37     64     35      71
   21         42     55     54     40     34     36     28      41
   22         41     38     38     35     25     25      9      30
   23         25     23     26     33     31     16      7      23
 
TOTALS
 
12HR 7-19   1820   1986   1692   1724    817    853   1481    1482
16HR 6-22   2089   2292   2044   1959    947   1031   1628    1713
18HR 6-24   2155   2353   2108   2027   1003   1072   1644    1766
24HR 0-24   2199   2410   2163   2113   1098   1165   1685    1833
 
 
 
 
*LOCATION   : ............................................................
*SITE NUMBER: 11502628
*FILE NUMBER:        2
*INTERVAL   :   15 MIN
*BATTERY    :    6.4 V
*RESTARTS   :        0
*CONFIG     :        0
*CHANNEL    :  1 OF  1
 
             TUE    WED    THU    FRI    SAT    SUN    MON    7-DAY
DATE    08/07/15     16     17     18     19     20     21   AVERAGE
 
START HOUR
 
    0          4     14     17     29     23     36      7      19
    1          4     14     11     12     21     21      7      13
    2          1      3     16      6     21     17      2       9
    3          2      1      7      6     14     12      1       6
    4          1      3      1      7      7     14      2       5
    5          8     14     15      8      6      6      6       9
    6         30     36     34     31     14      8     36      27
    7        110     86    107     84     21      8     72      70
    8        162    172    158    145     32     17    154     120
    9         94    114    116    120     55     31     90      89
   10         79     79     82     95     60     48     68      73
   11        105     85    109    112     98     63    112      98
   12        130    102     97    139    116     99    117     114
   13        111     97     74    158    116     95    116     110
   14        137    111     90    140    137     87    121     118
   15        183    118    131    206    102     75    146     137
   16        235    193    201    214    104     68    184     171
   17        214    166    171    141     76     61    182     144
   18        166    142    124     91     82     57    155     117
   19        106    122     96     97     63     39    108      90
   20        106     83     98     62     77     34     84      78
   21         52     64     61     49     55     22     62      52
   22         38     47     35     46     46     30     40      40
   23         18     10     22     33     46     15     22      24
 
TOTALS
 
12HR 7-19   1726   1465   1460   1645    999    709   1517    1360
16HR 6-22   2020   1770   1749   1884   1208    812   1807    1607
18HR 6-24   2076   1827   1806   1963   1300    857   1869    1671
24HR 0-24   2096   1876   1873   2031   1392    963   1894    1732
 
 
 
 
*LOCATION   : ............................................................
*SITE NUMBER: 11502628
*FILE NUMBER:        2
*INTERVAL   :   15 MIN
*BATTERY    :    6.4 V
*RESTARTS   :        0
*CONFIG     :        0
*CHANNEL    :  1 OF  1
 
             TUE    WED    THU    FRI    SAT    SUN    MON    7-DAY
DATE    08/07/22     23     24     25     26     27     28   AVERAGE
 
START HOUR
 
    0         12     10     20     34     39     35     13      23
    1          6      9     13     30     44     24     16      20
    2          3      3     17     11     26     32      8      14
    3          2      5     10      7     14     33      1      10
    4          3      1      4      5     12     21      5       7
    5          9      8     10      7      3      7     12       8
    6         38     41     37     34     15     17     49      33
    7         97    116    106     90     22      9    111      79
    8        166    172    185    153     23     14    220     133
    9        121    132    135    113     59     46    124     104
   10         79    106    117    101     76     66      -       -
   11         87    115     95    124    106     74      -       -
   12         93    123    135    151    130    114      -       -
   13        108    122    128    126    143    127      -       -
   14         94    140    147    150    136    122      -       -
   15        144    211    193    177    115    131      -       -
   16        198    278    262    199     99     99      -       -
   17        184    234    227    160    114    110      -       -
   18        122    165    147    133     91    102      -       -
   19         91    128    129     96     59     77      -       -
   20         59     98    112     80     68     69      -       -
   21         73     83     79     60     65     48      -       -
   22         48     44     65     38     59     34      -       -
   23         25     35     27     59     49     18      -       -
 
TOTALS
 
12HR 7-19   1493   1914   1877   1677   1114   1014      -       -
16HR 6-22   1754   2264   2234   1947   1321   1225      -       -
18HR 6-24   1827   2343   2326   2044   1429   1277      -       -
24HR 0-24   1862   2379   2400   2138   1567   1429      -       -
 
