*LOCATION	:	..	........	.......	.......	.......	.......	.......	...............
*SITE NUMB	ER:	11	602601						
*FILE NUMB	ER:		2						
*INTERVAL	:		15 MIN						
*BATTERY	:		6.4 V						
*RESTARTS	:		0						
*CONFIG	:		0						
*CHANNEL	:	1	OF  1						

		TUE	WED	THU	FRI	SAT	SUN	MON	7-DAY
DATE    08	/06	/24	25	26	27	28	29	30	AVERAGE

START HOUR									

0		-	3	7	4	4	6	8	-
1		-	1	4	5	6	2	9	-
2		-	1	6	3	1	0	1	-
3		-	0	1	1	1	0	0	-
4		-	2	0	3	0	1	1	-
5		-	18	19	17	5	0	17	-
6		-	44	46	38	11	7	42	-
7		-	79	83	52	10	5	61	-
8		37	73	81	55	22	5	80	50
9		27	38	40	34	47	9	55	36
10		35	47	51	68	69	26	55	50
11		32	52	68	62	58	23	55	50
12		44	40	61	67	90	49	65	59
13		38	62	69	71	79	72	81	67
14		46	86	55	73	81	86	96	75
15		52	99	77	92	85	79	107	84
16		69	125	75	110	85	49	125	91
17		45	99	95	57	64	68	94	75
18		46	76	57	47	38	61	91	59
19		37	79	51	44	16	49	74	50
20		16	52	5	46	20	34	62	34
21		0	21	0	16	17	24	39	17
22		0	0	0	0	0	7	16	3
23		2	1	2	2	4	3	9	3

TOTALS									

12HR 7-19		-	876	812	788	728	532	965	-
16HR 6-22		-	1072	914	932	792	646	1182	-
18HR 6-24		-	1073	916	934	796	656	1207	-
24HR 0-24		-	1098	953	967	813	665	1243	-
									
			1,253424658	1,17364532					


*LOCATION	:	..	........	.......	.......	.......	.......	.......	...............
*SITE NUMB	ER:	11	602601						
*FILE NUMB	ER:		2						
*INTERVAL	:		15 MIN						
*BATTERY	:		6.4 V						
*RESTARTS	:		0						
*CONFIG	:		0						
*CHANNEL	:	1	OF  1						

		TUE	WED	THU	FRI	SAT	SUN	MON	7-DAY
DATE    08	/07	/01	2	3	4	5	6	7	AVERAGE

START HOUR									

0		2	2	3	2	14	3	3	4
1		1	1	3	5	10	8	3	4
2		9	5	2	2	8	2	3	4
3		1	2	1	1	2	0	1	1
4		1	4	1	3	3	2	1	2
5		14	14	11	17	5	2	13	11
6		35	51	44	37	5	4	39	31
7		72	74	64	77	11	9	50	51
8		79	91	84	80	37	10	72	65
9		50	54	38	48	47	22	53	45
10		44	60	28	51	66	19	51	46
11		45	73	28	60	78	37	59	54
12		35	68	37	55	78	54	61	55
13		54	76	56	86	92	67	65	71
14		71	63	45	90	87	57	77	70
15		126	102	78	131	73	49	114	96
16		122	131	94	115	79	55	149	106
17		107	111	72	88	94	45	117	91
18		105	88	74	88	39	47	36	68
19		80	63	69	49	31	41	94	61
20		55	47	45	50	37	43	66	49
21		48	31	26	18	16	22	5	24
22		11	31	21	21	7	16	0	15
23		6	3	7	10	12	8	2	7

TOTALS									

12HR 7-19		910	991	698	969	781	471	904	818
16HR 6-22	1	128	1183	882	1123	870	581	1108	982
18HR 6-24	1	145	1217	910	1154	889	605	1110	1004
24HR 0-24	1	173	1245	931	1184	931	622	1134	1031
									



*LOCATION	:	..	........	.......	.......	.......	.......	.......	...............
*SITE NUMB	ER:	11	602601						
*FILE NUMB	ER:		2						
*INTERVAL	:		15 MIN						
*BATTERY	:		6.4 V						
*RESTARTS	:		0						
*CONFIG	:		0						
*CHANNEL	:	1	OF  1						

		TUE	WED	THU	FRI	SAT	SUN	MON	7-DAY
DATE    08	/07	/08	9	10	11	12	13	14	AVERAGE

START HOUR									

0		6	3	9	3	6	6	5	5
1		2	7	3	5	4	8	3	5
2		4	3	2	5	4	8	3	4
3		1	4	0	0	2	0	2	1
4		2	4	1	0	1	1	1	1
5		16	8	11	10	4	5	14	10
6		38	40	34	32	11	7	34	28
7		60	59	57	39	12	8	54	41
8		67	67	46	56	18	14	54	46
9		42	68	29	39	38	19	46	40
10		46	54	62	59	48	28	67	52
11		58	71	67	78	66	37	46	60
12		72	69	51	65	74	70	65	67
13		41	77	65	92	64	63	69	67
14		65	83	79	88	84	75	59	76
15		98	86	87	86	70	64	88	83
16		112	95	89	87	69	71	87	87
17		121	103	88	70	72	69	64	84
18		91	84	76	63	52	78	58	72
19		64	73	75	32	29	48	43	52
20		63	54	49	40	18	35	32	42
21		35	36	22	29	12	22	19	25
22		19	16	20	12	5	11	15	14
23		7	6	9	5	6	8	3	6

TOTALS									

12HR 7-19		873	916	796	822	667	596	757	775
16HR 6-22	1	73	1119	976	955	737	708	885	922
18HR 6-24	1	99	1141	1005	972	748	727	903	942
24HR 0-24	1	130	1170	1031	995	769	755	931	969
									



*LOCATION	:	..	........	.......	.......	.......	.......	.......	...............
*SITE NUMB	ER:	11	602601						
*FILE NUMB	ER:		2						
*INTERVAL	:		15 MIN						
*BATTERY	:		6.4 V						
*RESTARTS	:		0						
*CONFIG	:		0						
*CHANNEL	:	1	OF  1						

		TUE	WED	THU	FRI	SAT	SUN	MON	7-DAY
DATE    08	/07	/15	16	17	18	19	20	21	AVERAGE

START HOUR									

0		1	4	7	6	7	3	2	4
1		0	1	5	3	2	7	3	3
2		4	5	3	1	5	3	2	3
3		1	1	1	2	4	2	4	2
4		3	1	3	0	2	1	2	2
5		12	10	8	11	8	5	11	9
6		31	34	35	37	6	9	35	27
7		56	49	58	51	9	3	36	37
8		52	38	43	41	31	9	46	37
9		26	34	35	49	50	23	33	36
10		38	40	52	56	75	27	43	47
11		46	48	64	73	70	38	72	59
12		47	63	47	81	77	61	75	64
13		66	40	41	89	84	81	80	69
14		68	63	78	97	86	64	64	74
15		84	84	92	87	67	50	85	78
16		97	106	83	104	67	42	96	85
17		77	72	88	61	60	54	60	67
18		104	87	77	50	45	47	77	70
19		91	58	57	58	35	37	59	56
20		62	54	48	43	32	34	39	45
21		24	29	26	24	17	23	31	25
22		15	15	16	15	17	17	13	15
23		14	4	7	5	10	4	5	7

TOTALS									

12HR 7-19		761	724	758	839	721	499	767	724
16HR 6-22		969	899	924	1001	811	602	931	877
18HR 6-24		998	918	947	1021	838	623	949	899
24HR 0-24	1	19	940	974	1044	866	644	973	923
									



*LOCATION	:	..	........	.......	.......	.......	.......	.......	...............
*SITE NUMB	ER:	11	602601						
*FILE NUMB	ER:		2						
*INTERVAL	:		15 MIN						
*BATTERY	:		6.4 V						
*RESTARTS	:		0						
*CONFIG	:		0						
*CHANNEL	:	1	OF  1						

		TUE	WED	THU	FRI	SAT	SUN	MON	7-DAY
DATE    08	/07	/22	23	24	25	26	27	28	AVERAGE

START HOUR									

0		7	5	6	2	12	9	7	7
1		2	3	3	1	4	7	4	3
2		2	2	5	3	5	5	3	4
3		0	1	2	0	0	2	1	1
4		1	1	8	2	6	5	4	4
5		12	16	12	10	3	3	6	9
6		27	35	40	32	9	8	37	27
7		66	58	54	50	14	10	73	46
8		50	65	62	50	29	14	62	47
9		33	48	47	46	45	26	53	43
10		50	56	55	77	65	25	60	55
11		57	47	61	55	69	35	66	56
12		63	64	76	76	73	88	93	76
13		47	75	89	71	69	94	82	75
14		39	77	65	74	68	90	75	70
15		66	111	106	100	79	68	114	92
16		95	114	126	72	58	58	125	93
17		62	97	95	59	61	59	94	75
18		63	69	90	69	39	41	85	65
19		46	75	76	69	33	0	76	54
20		54	72	52	61	15	0	52	44
21		27	32	28	24	22	0	30	23
22		18	19	21	19	10	3	15	15
23		7	3	8	14	6	1	4	6

TOTALS									

12HR 7-19		691	881	926	799	669	608	982	794
16HR 6-22		845	1095	1122	985	748	616	1177	941
18HR 6-24		870	1117	1151	1018	764	620	1196	962
24HR 0-24		894	1145	1187	1036	794	651	1221	990
									



*LOCATION	:	..	........	.......	.......	.......	.......	.......	...............
*SITE NUMB	ER:	11	602601						
*FILE NUMB	ER:		2						
*INTERVAL	:		15 MIN						
*BATTERY	:		6.4 V						
*RESTARTS	:		0						
*CONFIG	:		0						
*CHANNEL	:	1	OF  1						

		TUE	WED	THU	FRI	SAT	SUN	MON	7-DAY
DATE    08	/07	/29	30	31	1	2	3	4	AVERAGE

START HOUR									

0		0	-	-	-	-	-	-	-
1		3	-	-	-	-	-	-	-
2		4	-	-	-	-	-	-	-
3		0	-	-	-	-	-	-	-
4		4	-	-	-	-	-	-	-
5		11	-	-	-	-	-	-	-
6		35	-	-	-	-	-	-	-
7		89	-	-	-	-	-	-	-
8		83	-	-	-	-	-	-	-
9		49	-	-	-	-	-	-	-
10		62	-	-	-	-	-	-	-
11		79	-	-	-	-	-	-	-
12		75	-	-	-	-	-	-	-
13		-	-	-	-	-	-	-	-
14		-	-	-	-	-	-	-	-
15		-	-	-	-	-	-	-	-
16		-	-	-	-	-	-	-	-
17		-	-	-	-	-	-	-	-
18		-	-	-	-	-	-	-	-
19		-	-	-	-	-	-	-	-
20		-	-	-	-	-	-	-	-
21		-	-	-	-	-	-	-	-
22		-	-	-	-	-	-	-	-
23		-	-	-	-	-	-	-	-

TOTALS									

12HR 7-19		-	-	-	-	-	-	-	-
16HR 6-22		-	-	-	-	-	-	-	-
18HR 6-24		-	-	-	-	-	-	-	-
24HR 0-24		-	-	-	-	-	-	-	-
									
									
