 
 
 
*LOCATION   : ............................................................
*SITE NUMBER: 11802616
*FILE NUMBER:        3
*INTERVAL   :   15 MIN
*BATTERY    :    6.3 V
*RESTARTS   :        0
*CONFIG     :        0
*CHANNEL    :  1 OF  1
 
             TUE    WED    THU    FRI    SAT    SUN    MON    7-DAY
DATE    08/06/24     25     26     27     28     29     30   AVERAGE
 
START HOUR
 
    0          -      2     16      3      7      5      9       -
    1          -      3      2      0      5      2      2       -
    2          -      1      8      0      3      3      1       -
    3          -      2      1      0      3      2      1       -
    4          -      2      2      2      1      1      2       -
    5          -     20     14      8      2      4     10       -
    6          -     60     66     54      4      4     62       -
    7          -     91     82     68     10      4     75       -
    8          -     60     57     40     24     12     53       -
    9         25     37     35     46     38     25     52      37
   10         19     35     39     53     47     34     53      40
   11         26     49     53     59     70     35     72      52
   12         36     43     51     80     68     32     62      53
   13         42     53     44     56     56     65     76      56
   14         42     64     51     65     90     74     80      67
   15         46     87     59     74     73     73    103      74
   16         60    117     71     97     90    105    157     100
   17         43     80     58     43     59     83     87      65
   18         30     76     35     44     48     66     67      52
   19         30     62     37     51     63     71     57      53
   20         31     47     46     25     37     44     43      39
   21         26     33     36     18     16     22     34      26
   22          9     15     22     11     15      4     14      13
   23          2      2      2      8      6      1     12       5
 
TOTALS
 
12HR 7-19      -    792    635    725    673    608    937       -
16HR 6-22      -    994    820    873    793    749   1133       -
18HR 6-24      -   1011    844    892    814    754   1159       -
24HR 0-24      -   1041    887    905    835    771   1184       -
 
 
 
 
*LOCATION   : ............................................................
*SITE NUMBER: 11802616
*FILE NUMBER:        3
*INTERVAL   :   15 MIN
*BATTERY    :    6.3 V
*RESTARTS   :        0
*CONFIG     :        0
*CHANNEL    :  1 OF  1
 
             TUE    WED    THU    FRI    SAT    SUN    MON    7-DAY
DATE    08/07/01     02     03     04     05     06     07   AVERAGE
 
START HOUR
 
    0          4      4      4     19      9     10      3       8
    1          0      5      3      1     13      4      2       4
    2          0      2      3      0     10      3      2       3
    3          1      1      2      2      2      2      3       2
    4          2      0      4      1      2      2      1       2
    5         12     16     13     16      1      0     15      10
    6         66     70     52     47      5      5     59      43
    7         66     75     70     68     13     21     72      55
    8         54     68     48     39     26     22     51      44
    9         35     45     39     48     34     46     34      40
   10         32     43     30     47     54     53     45      43
   11         26     57     26     66     50     56     39      46
   12         20     55     25     74     73     40     66      50
   13         35     60     53     93     78     63     50      62
   14         55     86     45    107     81     47     67      70
   15         98    113     64    100     86     56    106      89
   16        127    130     91    126     56     36    105      96
   17         86    100     61     91     62     66     85      79
   18        120     94     51     86     63     61     83      80
   19         85     50     61     69     36     43     71      59
   20         90     31     41     55     32     43     59      50
   21         35     34     29     41     30     29     38      34
   22         17     15     15     23     26      6     20      17
   23          8     12     13     16     14      4     12      11
 
TOTALS
 
12HR 7-19    754    926    603    945    676    567    803     753
16HR 6-22   1030   1111    786   1157    779    687   1030     940
18HR 6-24   1055   1138    814   1196    819    697   1062     969
24HR 0-24   1074   1166    843   1235    856    718   1088     997
 
 
 
 
*LOCATION   : ............................................................
*SITE NUMBER: 11802616
*FILE NUMBER:        3
*INTERVAL   :   15 MIN
*BATTERY    :    6.3 V
*RESTARTS   :        0
*CONFIG     :        0
*CHANNEL    :  1 OF  1
 
             TUE    WED    THU    FRI    SAT    SUN    MON    7-DAY
DATE    08/07/08     09     10     11     12     13     14   AVERAGE
 
START HOUR
 
    0          3      5      3      2      4      4      6       4
    1          3      1      1      2      1      2      0       1
    2          0      8      0      3      3      2      1       2
    3          1      6      2      3      0      0      1       2
    4          0      1      2      2      0      0      0       1
    5         13     13      7     12      2      4      9       9
    6         56     59     45     53      6      9     46      39
    7         80     72     41     63      6     12     66      49
    8         46     55     39     50     12     31     30      38
    9         44     39     30     40     14     25     45      34
   10         31     54     34     65     19     49     45      42
   11         57     52     37     67     45     65     59      55
   12         57     66     57     55     33     55     65      55
   13         62     62     66     96     44     83     51      66
   14         59     68     64     79     67     81     44      66
   15         88    126     96    100     65     95     68      91
   16        123    113    123    101     84     95     84     103
   17         87     86     88     93     71     71     41      77
   18         70     77     80     70     77     77     35      69
   19         75     71     74     69     81     66     28      66
   20         60     50     71     42     34     53     13      46
   21         41     33     30     21     33     33     12      29
   22         18      9     11     13     23     13      8      14
   23          6      8      3     11      4     11      6       7
 
TOTALS
 
12HR 7-19    804    870    755    879    537    739    633     745
16HR 6-22   1036   1083    975   1064    691    900    732     926
18HR 6-24   1060   1100    989   1088    718    924    746     946
24HR 0-24   1080   1134   1004   1112    728    936    763     965
 
 
 
 
*LOCATION   : ............................................................
*SITE NUMBER: 11802616
*FILE NUMBER:        3
*INTERVAL   :   15 MIN
*BATTERY    :    6.3 V
*RESTARTS   :        0
*CONFIG     :        0
*CHANNEL    :  1 OF  1
 
             TUE    WED    THU    FRI    SAT    SUN    MON    7-DAY
DATE    08/07/15     16     17     18     19     20     21   AVERAGE
 
START HOUR
 
    0          2     12      6      1      5      6      8       6
    1          0      3      0      1      4      5      0       2
    2          1      0      0      0      1      4      1       1
    3          0      1      2      1      0      1      6       2
    4          1      2      1      0      3      2      4       2
    5          6     10     10     11      7      2     12       8
    6         39     42     45     40      9      6     36      31
    7         54     49     49     46     16     18     42      39
    8         32     27     36     45     29     15     40      32
    9         34     25     37     30     37     41     36      34
   10         46     25     30     34     57     57     40      41
   11         50     30     45     57     75     66     47      53
   12         68     35     48     47     77     73     54      57
   13         71     41     40     47     83    104     66      65
   14         68     53     49     83    101    107     66      75
   15         98     90     68     81     92     70     95      85
   16         94     71     81    110     92     46     90      83
   17         90     76     83     62     74     57     92      76
   18         77     80     74     48     54     43     81      65
   19         70     83     75     48     52     34     52      59
   20         49     54     43     25     67     18     71      47
   21         36     32     33     18     27     23     37      29
   22         17     14     12     19     20     14     24      17
   23         13     13      7      7     10      8     20      11
 
TOTALS
 
12HR 7-19    782    602    640    690    787    697    749     707
16HR 6-22    976    813    836    821    942    778    945     873
18HR 6-24   1006    840    855    847    972    800    989     901
24HR 0-24   1016    868    874    861    992    820   1020     922
 
 
 
 
*LOCATION   : ............................................................
*SITE NUMBER: 11802616
*FILE NUMBER:        3
*INTERVAL   :   15 MIN
*BATTERY    :    6.3 V
*RESTARTS   :        0
*CONFIG     :        0
*CHANNEL    :  1 OF  1
 
             TUE    WED    THU    FRI    SAT    SUN    MON    7-DAY
DATE    08/07/22     23     24     25     26     27     28   AVERAGE
 
START HOUR
 
    0          3      4      6      4      5      6      4       5
    1          8      4      2      1      9      4      5       5
    2          4     10      6      1      5     11      1       5
    3          5      0      2      2      4      3      0       2
    4          0      5      0      1      1      3      3       2
    5         17     17     16      7      2      2     15      11
    6         31     42     47     39     14      8     64      35
    7         58     69     79     48     25     25     91      56
    8         39     62     51     48     25     32     67      46
    9         44     47     46     37     44     63     38      46
   10         41     68     43     76     64     56     47      56
   11         29     73     67     76     80     95     38      65
   12         54     69     64     85     75    100     48      71
   13         42     69     89    105     92    111     73      83
   14         34    105    101     91     90    125     76      89
   15         46    116    106    112    107    101    102      99
   16         85    133    142    132    103    118    137     121
   17         61    100    109     95     64     98    112      91
   18         55    112     81     99     71    100     91      87
   19         65     92     84     90     84     85    101      86
   20         63     86     63     55     68     63     66      66
   21         43     64     65     37     38     56     32      48
   22         25     30     38     22     28     18     17      25
   23          9      7     10      8     16     12      5      10
 
TOTALS
 
12HR 7-19    588   1023    978   1004    840   1024    920     911
16HR 6-22    790   1307   1237   1225   1044   1236   1183    1146
18HR 6-24    824   1344   1285   1255   1088   1266   1205    1181
24HR 0-24    861   1384   1317   1271   1114   1295   1233    1211
 
 
 
 
*LOCATION   : ............................................................
*SITE NUMBER: 11802616
*FILE NUMBER:        3
*INTERVAL   :   15 MIN
*BATTERY    :    6.3 V
*RESTARTS   :        0
*CONFIG     :        0
*CHANNEL    :  1 OF  1
 
             TUE    WED    THU    FRI    SAT    SUN    MON    7-DAY
DATE    08/07/29     30     31     01     02     03     04   AVERAGE
 
START HOUR
 
    0          3      4      -      -      -      -      -       -
    1          4      0      -      -      -      -      -       -
    2          5      2      -      -      -      -      -       -
    3          0      2      -      -      -      -      -       -
    4          2      2      -      -      -      -      -       -
    5         18     15      -      -      -      -      -       -
    6         70     52      -      -      -      -      -       -
    7         83     93      -      -      -      -      -       -
    8         73     62      -      -      -      -      -       -
    9         38     51      -      -      -      -      -       -
   10         41      -      -      -      -      -      -       -
   11         77      -      -      -      -      -      -       -
   12         65      -      -      -      -      -      -       -
   13         88      -      -      -      -      -      -       -
   14         86      -      -      -      -      -      -       -
   15        166      -      -      -      -      -      -       -
   16        142      -      -      -      -      -      -       -
   17        119      -      -      -      -      -      -       -
   18        125      -      -      -      -      -      -       -
   19        119      -      -      -      -      -      -       -
   20         90      -      -      -      -      -      -       -
   21         65      -      -      -      -      -      -       -
   22         32      -      -      -      -      -      -       -
   23         10      -      -      -      -      -      -       -
 
TOTALS
 
12HR 7-19   1103      -      -      -      -      -      -       -
16HR 6-22   1447      