 
 
 
*LOCATION   : ............................................................
*SITE NUMBER: 10300923
*FILE NUMBER:        3
*INTERVAL   :   15 MIN
*BATTERY    :    6.8 V
*RESTARTS   :        0
*CONFIG     :        0
*CHANNEL    :  1 OF  1
 
             WED    THU    FRI    SAT    SUN    MON    TUE    7-DAY
DATE    09/02/25     26     27     28     01     02     03   AVERAGE
 
START HOUR
 
    0          -      2      2      0      0      0      0       -
    1          -      0      1      2      0      0      1       -
    2          -      0      0      0      0      1      0       -
    3          -      0      2      0      2      0      0       -
    4          -      0      2      0      0      1      0       -
    5          -      2      1      1      2      1      2       -
    6          -     10      4      2      1      9      8       -
    7          -     17     20      1      0     20     26       -
    8          -     20     19      2      1     28     13       -
    9          -      5      7      1      4     13     10       -
   10          -      7      5      8      2      3      3       -
   11          -     13      4      7      3      6      2       -
   12          -      3      5      4      4      5      4       -
   13          7      4      3      6     10      6      1       5
   14          4      3      6      8      2      5      5       5
   15         10      6      9      1      4     13      8       7
   16         19     30     14      3      2     16     14      14
   17         18     16     10      2      2     21     11      11
   18          8     18      3      5      3     10      5       7
   19          8      3      6      1      2      9      5       5
   20          5     10      3      1      3      9      8       6
   21          5      0      1      1      1      4      4       2
   22          2      1      1      1      3      1      0       1
   23          4      1      1      1      0      3      2       2
 
TOTALS
 
12HR 7-19      -    142    105     48     37    146    102       -
16HR 6-22      -    165    119     53     44    177    127       -
18HR 6-24      -    167    121     55     47    181    129       -
24HR 0-24      -    171    129     58     51    184    132       -
 
 
 
 
*LOCATION   : ............................................................
*SITE NUMBER: 10300923
*FILE NUMBER:        3
*INTERVAL   :   15 MIN
*BATTERY    :    6.8 V
*RESTARTS   :        0
*CONFIG     :        0
*CHANNEL    :  1 OF  1
 
             WED    THU    FRI    SAT    SUN    MON    TUE    7-DAY
DATE    09/03/04     05     06     07     08     09     10   AVERAGE
 
START HOUR
 
    0          0      2      0      2      0      0      0       1
    1          0      0      0      1      1      1      1       1
    2          0      0      0      2      2      1      1       1
    3          1      0      0      0      0      0      0       0
    4          0      1      0      0      0      1      4       1
    5          2      2      4      0      0      3      4       2
    6          8     11      4      1      2      9      6       6
    7         20     21     20      0      1     17     17      14
    8         11     19     17      0      5     23     14      13
    9         15     10     14      5      2      8     10       9
   10          4      4      6      2      5      4      4       4
   11          5      4     10      8      2      3      7       6
   12          6      4      9      3      6     10      3       6
   13          4      3      8      7     12      1      5       6
   14          6      7     11      7      7      6      4       7
   15         12     11     15      3      5     12      7       9
   16         18     26     25     10      8     15     13      16
   17         12     15     12      2      6     10     16      10
   18          7     10      9      4      3      7      5       6
   19          7      3      7      4      6      3      4       5
   20          8      8      5      2      1      6      3       5
   21          7      5      6      4      7      2      4       5
   22          0      1      2      0      2      0      0       1
   23          2      1      2      1      0      0      0       1
 
TOTALS
 
12HR 7-19    120    134    156     51     62    116    105     106
16HR 6-22    150    161    178     62     78    136    122     127
18HR 6-24    152    163    182     63     80    136    122     128
24HR 0-24    155    168    186     68     83    142    132     133
 
 
 
 
*LOCATION   : ............................................................
*SITE NUMBER: 10300923
*FILE NUMBER:        3
*INTERVAL   :   15 MIN
*BATTERY    :    6.8 V
*RESTARTS   :        0
*CONFIG     :        0
*CHANNEL    :  1 OF  1
 
             WED    THU    FRI    SAT    SUN    MON    TUE    7-DAY
DATE    09/03/11     12     13     14     15     16     17   AVERAGE
 
START HOUR
 
    0          2      3      1      3      5      1      0       2
    1          1      0      0      1      1      2      1       1
    2          0      0      0      3      1      0      0       1
    3          0      0      0      0      0      0      0       0
    4          3      3      3      1      0      3      0       2
    5          5      5      3      1      3      4      5       4
    6          8     13     11      5      3     11     11       9
    7         19     14     11      2      1     27     23      14
    8         15     18     17      3      2     22     26      15
    9         12     11     13      5      3     18     11      10
   10          5      9     14      6      3      5      3       6
   11          7     10      9     14      3      7     11       9
   12          6      6      9     14      5     12      6       8
   13          7      5      6      5      9      6      4       6
   14          6      6     11     13      8      7      7       8
   15         15     15     14      5      9     21     12      13
   16         23     21     21      3      6     33     25      19
   17         18     14     10      7     11     18     15      13
   18          2     11      8      6      3     17     12       8
   19          4      2      4      2      6      4     12       5
   20          6      8      6      3      4      9      7       6
   21          6      4      1      0      1      5      3       3
   22          0      0      0      1      0      2      2       1
   23          0      0      1      5      1      0      0       1
 
TOTALS
 
12HR 7-19    135    140    143     83     63    193    155     130
16HR 6-22    159    167    165     93     77    222    188     153
18HR 6-24    159    167    166     99     78    224    190     155
24HR 0-24    170    178    173    108     88    234    196     164
 
 
 
 
*LOCATION   : ............................................................
*SITE NUMBER: 10300923
*FILE NUMBER:        3
*INTERVAL   :   15 MIN
*BATTERY    :    6.8 V
*RESTARTS   :        0
*CONFIG     :        0
*CHANNEL    :  1 OF  1
 
             WED    THU    FRI    SAT    SUN    MON    TUE    7-DAY
DATE    09/03/18     19     20     21     22     23     24   AVERAGE
 
START HOUR
 
    0          3      0      4      0      1      4      1       2
    1          1      0      1      1      1      1      0       1
    2          0      3      0      2      1      0      1       1
    3          0      2      0      0      2      0      1       1
    4          2      1      1      1      1      4      6       2
    5          7      5      8      1      4      3      4       5
    6          8     13     16      2      1     15     12      10
    7         24     22     29      2      1     31     30      20
    8         25     21     26      2      6     35     20      19
    9         11     17     14     11     11     19     15      14
   10          5      9     12     10     13      7     12      10
   11         13      6     11     15     17     14      4      11
   12         14      9     16     26     27     14      6      16
   13         15      9     10     26     22     10     10      15
   14          9      9     20     22     25      8     10      15
   15         18     22     19     10     20     25     17      19
   16         37     32     23     17     11     32     26      25
   17         26     22     17      8      9     39     22      20
   18         12     20     10     11     14     13     17      14
   19          8      6     10      4      8     11     10       8
   20         10     12      5     11      2     10     13       9
   21          6      8      5      2      4     12      5       6
   22          2      4      5      2      1      1      4       3
   23          1      3      4      2      0      0      0       1
 
TOTALS
 
12HR 7-19    209    198    207    160    176    247    189     198
16HR 6-22    241    237    243    179    191    295    229     231
18HR 6-24    244    244    252    183    192    296    233     235
24HR 0-24    257    255    266    188    202    308    246     246
 
 
 
 
*LOCATION   : ............................................................
*SITE NUMBER: 10300923
*FILE NUMBER:        3
*INTERVAL   :   15 MIN
*BATTERY    :    6.8 V
*RESTARTS   :        0
*CONFIG     :        0
*CHANNEL    :  1 OF  1
 
             WED    THU    FRI    SAT    SUN    MON    TUE    7-DAY
DATE    09/03/25     26     27     28     29     30     31   AVERAGE
 
START HOUR
 
    0          1      0      1      4      3      0      -       -
    1          0      0      1      1      0      2      -       -
    2          0      1      1      1      0      0      -       -
    3          0      0      0      1      0      2      -       -
    4          0      0      2      1      1      2      -       -
    5          4      2      3      2      2     11      -       -
    6         14     10      9      0      2     19      -       -
    7         26     27     27      0      1     34      -       -
    8         28     34     22      2      1      -      -       -
    9         15     16     14      8      2      -      -       -
   10         10     11      8      6      2      -      -       -
   11         11     12     10      2      4      -      -       -
   12         16     14     11      5      9      -      -       -
   13         11     15      8      7      3      -      -       -
   14         10     13     14      5      5      -      -       -
   15         26     21     28      0      4      -      -       -
   16         30     28     28      1      5      -      -       -
   17         25     32     22      1      7      -      -       -
   18         17     18     21      1      1      -      -       -
   19         10      7      5      1      1      -      -       -
   20          5     14      5      1      2      -      -       -
   21          7      4      7      2      2      -      -       -
   22          1      4      1      0      0      -      -       -
   23          0      4      1      3      0      -      -       -
 
TOTALS
 
12HR 7-19    225    241    213     38     44      -      -       -
16HR 6-22    261    276    239     42     51      -      -       -
18HR 6-24    262    284    241     45     51      -      -       -
24HR 0-24    267    287    249     55     57      -      -       -
 
