 
 
 
*LOCATION   : ............................................................
*SITE NUMBER: 11700120
*FILE NUMBER:        3
*INTERVAL   :   15 MIN
*BATTERY    :    6.1 V
*RESTARTS   :        0
*CONFIG     :       12
*CHANNEL    :  1 OF  2
 
             FRI    SAT    SUN    MON    TUE    WED    THU    7-DAY
DATE    04/12/31     01     02     03     04     05     06   AVERAGE
 
START HOUR
 
    0          -      2      0      0      0      2      3       -
    1          -      0      2      0      3      0      1       -
    2          -      1      0      0      0      0      0       -
    3          -      0      0      0      1      1      2       -
    4          -      1      1      2      2      2      2       -
    5          -      0      1      2      1      1      1       -
    6          -      2      4     10      7     14      1       -
    7          -      0      1     22     27     20      1       -
    8          -      7      2     24     27     22      2       -
    9         12      2      2     20     19     10      7      10
   10         13      7      8     12     15      5     10      10
   11         21     11      7     14     12     11     15      13
   12         18     12     21     23     21     12     14      17
   13         20     20     19     23     21     15     12      19
   14         24      7     12     25     25     17      6      17
   15         24     10     17     27     26     24     12      20
   16         21      5      6     23     40     19     11      18
   17          8      6     11     21     25     27     11      16
   18         12      3      9     19     20     15      3      12
   19          3      4      4     14     16     13      7       9
   20          3      1      5     18     16      4      5       7
   21          2      4      0      9     13      5      4       5
   22          3      2      0      4      6      5      1       3
   23          1      3      1      2      4      1      1       2
 
TOTALS
 
12HR 7-19      -     90    115    253    278    197    104       -
16HR 6-22      -    101    128    304    330    233    121       -
18HR 6-24      -    106    129    310    340    239    123       -
24HR 0-24      -    110    133    314    347    245    132       -
 
 
 
 
*LOCATION   : ............................................................
*SITE NUMBER: 11700120
*FILE NUMBER:        3
*INTERVAL   :   15 MIN
*BATTERY    :    6.1 V
*RESTARTS   :        0
*CONFIG     :       12
*CHANNEL    :  1 OF  2
 
             FRI    SAT    SUN    MON    TUE    WED    THU    7-DAY
DATE    05/01/07     08     09     10     11     12     13   AVERAGE
 
START HOUR
 
    0          2      1      3      2      1      0      0       1
    1          0      1      0      2      1      1      0       1
    2          0      2      3      0      0      1      3       1
    3          0      1      1      0      0      4      0       1
    4          1      2      0      3      3      3      3       2
    5          0      2      2      2      1      1      0       1
    6          6      1      2     12     15     23     13      10
    7         29      7      0     32     45     30     27      24
    8         15      4      1     41     42     41     34      25
    9         14     12      6     29     32     40     25      23
   10         10     15      6     18     24     24     23      17
   11         16     17     14     21     33     38     28      24
   12         16     32     24     28     37     26     15      25
   13         12     25     19     26     23     25     13      20
   14         23     33     21     35     26     26     11      25
   15         18     23     22     42     49     43     28      32
   16         20     19     10     39     47     32     41      30
   17         12      5     12     19     45     33     23      21
   18         13      7     14     23     34     28     28      21
   19          9     10      3     22     21     11     17      13
   20         12      7      5     11     23     21     11      13
   21          5      4      6     15     11     13     17      10
   22          7      4      3      3     11      6      3       5
   23          4      5      2      1      6      4      1       3
 
TOTALS
 
12HR 7-19    198    199    149    353    437    386    296     288
16HR 6-22    230    221    165    413    507    454    354     335
18HR 6-24    241    230    170    417    524    464    358     343
24HR 0-24    244    239    179    426    530    474    364     351
 
 
 
 
*LOCATION   : ............................................................
*SITE NUMBER: 11700120
*FILE NUMBER:        3
*INTERVAL   :   15 MIN
*BATTERY    :    6.1 V
*RESTARTS   :        0
*CONFIG     :       12
*CHANNEL    :  1 OF  2
 
             FRI    SAT    SUN    MON    TUE    WED    THU    7-DAY
DATE    05/01/14     15     16     17     18     19     20   AVERAGE
 
START HOUR
 
    0          1      3      1      1      1      0      3       1
    1          1      3      0      0      1      1      1       1
    2          0      0      3      1      1      0      1       1
    3          0      1      0      4      0      1      0       1
    4          6      1      1      5      2      3      3       3
    5          4      2      3      0      3      2      4       3
    6         13      2      3     19      8     15     12      10
    7         31      3      1     29     38     34     35      24
    8         41      4      4     46     37     44     36      30
    9         32     20      3     32     36     26     23      25
   10         21     19      6     28     30     25     13      20
   11         24     21      8     19     21     24     26      20
   12         23     28     20     25     26     34     35      27
   13         24     30      9     28     20     25     29      24
   14         26     21     16     28     21     25     25      23
   15         33     27     14     33     57     37     45      35
   16         33     18      8     73     31     45     30      34
   17         40     11      5     46     44     20     35      29
   18         30     14      8     36     42     33     19      26
   19         11     12      1     20     15     21     14      13
   20         16      5     14     24     25     16     12      16
   21         13      6      7      7     12     10     12      10
   22          2      4      5      4      6      7      8       5
   23          4      2      0      7     10      5      3       4
 
TOTALS
 
12HR 7-19    358    216    102    423    403    372    351     318
16HR 6-22    411    241    127    493    463    434    401     367
18HR 6-24    417    247    132    504    479    446    412     377
24HR 0-24    429    257    140    515    487    453    424     386
 
 
 
 
*LOCATION   : ............................................................
*SITE NUMBER: 11700120
*FILE NUMBER:        3
*INTERVAL   :   15 MIN
*BATTERY    :    6.1 V
*RESTARTS   :        0
*CONFIG     :       12
*CHANNEL    :  1 OF  2
 
             FRI    SAT    SUN    MON    TUE    WED    THU    7-DAY
DATE    05/01/21     22     23     24     25     26     27   AVERAGE
 
START HOUR
 
    0          5      4      4      3      2      2      0       3
    1          0      0      0      0      0      0      2       0
    2          1      1      3      0      0      0      1       1
    3          3      0      2      1      0      0      0       1
    4          2      1      0      4      2      2      1       2
    5          4      1      1      4      1      2      0       2
    6          9      1      2     12      9     10     10       8
    7         22      0      3     27     30     23     28      19
    8         25      2      1     36     21     21     40      21
    9         14      6      4     23     26     12     15      14
   10         12     13      2     11     11     10     14      10
   11         10     10      2     11     15     16     25      13
   12         16     19      7      9     12     15     14      13
   13         10     21     11     23      9     13     12      14
   14         17     15      5     11     12     14     13      12
   15         24     10      9     22     23     18     14      17
   16         28     13      6     34     26     17     32      22
   17         14      9      1     16     20     20     18      14
   18          5      6      6     16     14     12     16      11
   19          5      3      3     14     12     11     14       9
   20          6      5      3     15     16      8      8       9
   21          5      0      2     10      8      8     10       6
   22          4      3      0      0      3      3      2       2
   23          5      2      0      1      0      3      2       2
 
TOTALS
 
12HR 7-19    197    124     57    239    219    191    241     181
16HR 6-22    222    133     67    290    264    228    283     212
18HR 6-24    231    138     67    291    267    234    287     216
24HR 0-24    246    145     77    303    272    240    291     225
 
 
 
 
*LOCATION   : ............................................................
*SITE NUMBER: 11700120
*FILE NUMBER:        3
*INTERVAL   :   15 MIN
*BATTERY    :    6.1 V
*RESTARTS   :        0
*CONFIG     :       12
*CHANNEL    :  1 OF  2
 
             FRI    SAT    SUN    MON    TUE    WED    THU    7-DAY
DATE    05/01/28     29     30     31     01     02     03   AVERAGE
 
START HOUR
 
    0          0      0      2      2      -      -      -       -
    1          0      1      0      0      -      -      -       -
    2          0      0      0      0      -      -      -       -
    3          1      3      0      0      -      -      -       -
    4          1      0      0      0      -      -      -       -
    5          0      2      2      0      -      -      -       -
    6          7      0      2      7      -      -      -       -
    7         15      0      0     22      -      -      -       -
    8         19      5      0     31      -      -      -       -
    9         15      9      2      -      -      -      -       -
   10         10      7      2      -      -      -      -       -
   11         11      4     11      -      -      -      -       -
   12         14     15      5      -      -      -      -       -
   13          9     15      6      -      -      -      -       -
   14         13     10     10      -      -      -      -       -
   15         22      5      7      -      -      -      -       -
   16         13      4      6      -      -      -      -       -
   17         15      3      3      -      -      -      -       -
   18         14      5      4      -      -      -      -       -
   19          5      3      5      -      -      -      -       -
   20          4      4      3      -      -      -      -       -
   21          5      2      2      -      -      -      -       -
   22          0      2      1      -      -      -      -       -
   23          2      0      1      -      -      -      -       -
 
TOTALS
 
12HR 7-19    170     82     56      -      -      -      -       -
16HR 6-22    191     91     68      -      -      -      -       -
18HR 6-24    193     93     70      -      -      -      -       -
24HR 0-24    195     99     74      -      -      -      -       -
 
 
 
 
*LOCATION   : ............................................................
*SITE NUMBER: 11700120
*FILE NUMBER:        3
*INTERVAL   :   15 MIN
*BATTERY    :    6.1 V
*RESTARTS   :        0
*CONFIG     :       12
*CHANNEL    :  2 OF  2
 
             FRI    SAT    SUN    MON    TUE    WED    THU    7-DAY
DATE    04/12/31     01     02     03     04     05     06   AVERAGE
 
START HOUR
 
    0          -      4      2      1      0      3      0       -
    1          -      0      0      2      0      3      1       -
    2          -      0      0      0      0      0      1       -
    3          -      3      0      0      0      0      0       -
    4          -      0      1      1      2      1      0       -
    5          -      0      0      2      2      3      0       -
    6          -      0      0      9     19     10      1       -
    7          -      0      1     20     25      8      0       -
    8          -      0      2     14     28     19      3       -
    9          2      0      2     13     13      9      0       6
   10          9      4      2      6     19      7      2       7
   11          5      7      5      3      7      4      4       5
   12          6      6     12      6      8      4      3       6
   13          2     10      7      4      9      7      2       6
   14         17      6      7      3      8      9      1       7
   15         13     11     12     12     19     15      8      13
   16          3      1      7     26     26     13      7      12
   17          8      1      5     22     16      6      7       9
   18          2      3      0     16      5      6      4       5
   19          1      2      1     10     16     11      1       6
   20          0      4      3     10     10      5      1       5
   21          1      4      3      4      4     12      2       4
   22          0      0      3      7      1      1      2       2
   23          3      1      0      2      1      0      3       1
 
TOTALS
 
12HR 7-19      -     49     62    145    183    107     41       -
16HR 6-22      -     59     69    178    232    145     46       -
18HR 6-24      -     60     72    187    234    146     51       -
24HR 0-24      -     67     75    193    238    156     53       -
 
 
 
 
*LOCATION   : ............................................................
*SITE NUMBER: 11700120
*FILE NUMBER:        3
*INTERVAL   :   15 MIN
*BATTERY    :    6.1 V
*RESTARTS   :        0
*CONFIG     :       12
*CHANNEL    :  2 OF  2
 
             FRI    SAT    SUN    MON    TUE    WED    THU    7-DAY
DATE    05/01/07     08     09     10     11     12     13   AVERAGE
 
START HOUR
 
    0          0      2      0      0      0      2      0       1
    1          0      0      0      0      0      3      2       1
    2          0      0      0      0      2      0      0       0
    3          0      0      0      0      0      0      0       0
    4          0      0      1      0      0      0      0       0
    5          3      0      0      0      1      3      5       2
    6          5      0      1     13     19      5      9       7
    7          4      0      1     15     17     19     12      10
    8         19      2      1     28     36     42     27      22
    9          7      7      0     18      9      7      8       8
   10          7      4      5      7     12     10     11       8
   11          7     12      6      9     10     10     11       9
   12          5      3      8     12      9      8      2       7
   13          5     12     14      5     12      6      5       8
   14          3     10     10      9     15     11      4       9
   15         15     11     10     29     26     20     20      19
   16         11      7      4     23     28     33     11      17
   17         10      5      6     31     34     23     13      17
   18          8      2      5     14     23     11     14      11
   19          5      1      2      5     13      6      9       6
   20          8      1      9     19     12      7      5       9
   21          8      0      3      5      9     14      5       6
   22          3      0      0      8      9      2      2       3
   23          5      0      1      1      0      3      0       1
 
TOTALS
 
12HR 7-19    101     75     70    200    231    200    138     145
16HR 6-22    127     77     85    242    284    232    166     173
18HR 6-24    135     77     86    251    293    237    168     178
24HR 0-24    138     79     87    251    296    245    175     182
 
 
 
 
*LOCATION   : ............................................................
*SITE NUMBER: 11700120
*FILE NUMBER:        3
*INTERVAL   :   15 MIN
*BATTERY    :    6.1 V
*RESTARTS   :        0
*CONFIG     :       12
*CHANNEL    :  2 OF  2
 
             FRI    SAT    SUN    MON    TUE    WED    THU    7-DAY
DATE    05/01/14     15     16     17     18     19     20   AVERAGE
 
START HOUR
 
    0          1      6      7      0      3      5      1       3
    1          0      0      1      0      0      0      0       0
    2          0      0      2      0      0      0      2       1
    3          2      3      3      0      0      0      0       1
    4          0      0      0      1      0      0      1       0
    5          3      1      0      5      6      2      6       3
    6         10      0      1     19     20     13     13      11
    7          4      3      2     12     18     15     11       9
    8         27      4      0     25     18     35     24      19
    9         14      4      3     32     15     17      9      13
   10         11      4      0      5      5      8      3       5
   11          4     14      1     12      0      8      4       6
   12         10     14      6     12      8      4      2       8
   13          9     11      6     11      3      8      1       7
   14         24      8      5     16     21     13      5      13
   15         19      7     11     22     18     16     13      15
   16         28     10      3     30     39     28     19      22
   17         18     13      8     22     16     26     19      17
   18         14     10      5     19     10     17     12      12
   19         17      0      1     18     10      6      9       9
   20          3      2      4     15      4     13      9       7
   21          6      4      1      7      9      9      3       6
   22          4      2      3      5      7      0      0       3
   23          3      4      0      3      6      0      3       3
 
TOTALS
 
12HR 7-19    182    102     50    218    171    195    122     149
16HR 6-22    218    108     57    277    214    236    156     181
18HR 6-24    225    114     60    285    227    236    159     187
24HR 0-24    231    124     73    291    236    243    169     195
 
 
 
 
*LOCATION   : ............................................................
*SITE NUMBER: 11700120
*FILE NUMBER:        3
*INTERVAL   :   15 MIN
*BATTERY    :    6.1 V
*RESTARTS   :        0
*CONFIG     :       12
*CHANNEL    :  2 OF  2
 
             FRI    SAT    SUN    MON    TUE    WED    THU    7-DAY
DATE    05/01/21     22     23     24     25     26     27   AVERAGE
 
START HOUR
 
    0          0      1      1      0      0      0      1       0
    1          0      1      2      0      0      1      1       1
    2          0      0      1      0      0      0      1       0
    3          3      0      1      4      0      0      0       1
    4          0      0      0      2      1      4      3       1
    5          4      0      1      2      5      8      3       3
    6          3      0      0      6      7      7      5       4
    7          7      6      0     10     12      5     12       7
    8         15      0      0     20     17     18     12      12
    9          9      2      4     10     12      9      5       7
   10          4      1      0      3      6      3      6       3
   11          5      2      6      5      4      4      5       4
   12          4      8      4      3      1      5      4       4
   13          1      2      3      3      2      3      3       2
   14          0      5      6      2      5      6      7       4
   15          6      8      3     10      8     13      7       8
   16          7      5      2     15     15     12     12      10
   17          2      4      3     10     16      9      4       7
   18          8      2      3     12      4      9      9       7
   19          3      3      1      6      6     12     10       6
   20          2      7      0      8      7      7      9       6
   21          3      0      2      2      4      3      6       3
   22          3      0      0      0      1      1      0       1
   23          2      1      1      1      0      1      2       1
 
TOTALS
 
12HR 7-19     68     45     34    103    102     96     86      76
16HR 6-22     79     55     37    125    126    125    116      95
18HR 6-24     84     56     38    126    127    127    118      97
24HR 0-24     91     58     44    134    133    140    127     104
 
 
 
 
*LOCATION   : ............................................................
*SITE NUMBER: 11700120
*FILE NUMBER:        3
*INTERVAL   :   15 MIN
*BATTERY    :    6.1 V
*RESTARTS   :        0
*CONFIG     :       12
*CHANNEL    :  2 OF  2
 
             FRI    SAT    SUN    MON    TUE    WED    THU    7-DAY
DATE    05/01/28     29     30     31     01     02     03   AVERAGE
 
START HOUR
 
    0          0      0      0      0      -      -      -       -
    1          0      0      1      0      -      -      -       -
    2          0      0      0      0      -      -      -       -
    3          0      0      1      0      -      -      -       -
    4          2      0      1      4      -      -      -       -
    5          5      3      0      4      -      -      -       -
    6          7      0      1      5      -      -      -       -
    7          6      0      0      4      -      -      -       -
    8         13      0      1      4      -      -      -       -
    9         12      3      0      -      -      -      -       -
   10          3      4      1      -      -      -      -       -
   11          3      7      1      -      -      -      -       -
   12          1      4      1      -      -      -      -       -
   13          0      2      0      -      -      -      -       -
   14          7      2      8      -      -      -      -       -
   15         10      0     46      -      -      -      -       -
   16          6      4     35      -      -      -      -       -
   17          2      6      2      -      -      -      -       -
   18          3      2      5      -      -      -      -       -
   19          4      3      2      -      -      -      -       -
   20          1      0      0      -      -      -      -       -
   21          3      0      5      -      -      -      -       -
   22          0      0      0      -      -      -      -       -
   23          0      1      0      -      -    