 
 
 
*LOCATION   : ............................................................
*SITE NUMBER: 11700517
*FILE NUMBER:        2
*INTERVAL   :   15 MIN
*BATTERY    :    6.0 V
*RESTARTS   :        0
*CONFIG     :       12
*CHANNEL    :  1 OF  2
 
             TUE    WED    THU    FRI    SAT    SUN    MON    7-DAY
DATE    11/02/01     02     03     04     05     06     07   AVERAGE
 
START HOUR
 
    0          -      0      0      0      0      0      0       -
    1          -      0      0      0      0      0      0       -
    2          -      0      0      0      0      0      0       -
    3          -      0      0      0      0      0      0       -
    4          -      0      0      0      0      0      0       -
    5          -      0      0      0      0      0      0       -
    6          -      0      0      0      0      0      0       -
    7          -      0      0      0      0      0      0       -
    8          -      0      0      0      0      0      0       -
    9          -      0      0      0      0      0      0       -
   10          -      0      0      0      0      0      0       -
   11          -      0      0      0      0      0      0       -
   12          -      0      0      0      0      0      0       -
   13          -      0      0      0      0      0      0       -
   14          -      0      0      0      0      0      0       -
   15          -      0      0      0      0      0      0       -
   16          0      0      0      0      0      0      0       0
   17          0      0      0      0      0      0      0       0
   18          0      0      0      0      0      0      0       0
   19          0      0      0      0      0      0      0       0
   20          0      0      0      0      0      0      0       0
   21          0      0      0      0      0      0      0       0
   22          0      0      0      0      0      0      0       0
   23          0      0      0      0      0      0      0       0
 
TOTALS
 
12HR 7-19      -      0      0      0      0      0      0       -
16HR 6-22      -      0      0      0      0      0      0       -
18HR 6-24      -      0      0      0      0      0      0       -
24HR 0-24      -      0      0      0      0      0      0       -
 
 
 
 
*LOCATION   : ............................................................
*SITE NUMBER: 11700517
*FILE NUMBER:        2
*INTERVAL   :   15 MIN
*BATTERY    :    6.0 V
*RESTARTS   :        0
*CONFIG     :       12
*CHANNEL    :  1 OF  2
 
             TUE    WED    THU    FRI    SAT    SUN    MON    7-DAY
DATE    11/02/08     09     10     11     12     13     14   AVERAGE
 
START HOUR
 
    0          0      0      0      0      0      0      0       0
    1          0      0      0      0      0      0      0       0
    2          0      0      0      0      0      0      0       0
    3          0      0      0      0      0      0      0       0
    4          0      0      0      0      0      0      0       0
    5          0      0      0      0      0      0      0       0
    6          0      0      0      0      0      0      0       0
    7          0      0      0      0      0      0      0       0
    8          0      0      0      0      0      0      0       0
    9          0      0      0      0      0      0      0       0
   10          0      0      0      0      0      0      0       0
   11          0      0      0      0      0      0      0       0
   12          0      0      0      0      0      0      0       0
   13          0      0      0      0      0      0      0       0
   14          0      0      0      0      0      0      0       0
   15          0      0      0      0      0      0      0       0
   16          0      0      0      0      0      0      0       0
   17          0      0      0      0      0      0      0       0
   18          0      0      0      0      0      0      0       0
   19          0      0      0      0      0      0      0       0
   20          0      0      0      0      0      0      0       0
   21          0      0      0      0      0      0      0       0
   22          0      0      0      0      0      0      0       0
   23          0      0      0      0      0      0      0       0
 
TOTALS
 
12HR 7-19      0      0      0      0      0      0      0       0
16HR 6-22      0      0      0      0      0      0      0       0
18HR 6-24      0      0      0      0      0      0      0       0
24HR 0-24      0      0      0      0      0      0      0       0
 
 
 
 
*LOCATION   : ............................................................
*SITE NUMBER: 11700517
*FILE NUMBER:        2
*INTERVAL   :   15 MIN
*BATTERY    :    6.0 V
*RESTARTS   :        0
*CONFIG     :       12
*CHANNEL    :  1 OF  2
 
             TUE    WED    THU    FRI    SAT    SUN    MON    7-DAY
DATE    11/02/15     16     17     18     19     20     21   AVERAGE
 
START HOUR
 
    0          0      0      0      0      0      0      0       0
    1          0      0      0      0      0      0      0       0
    2          0      0      0      0      0      0      0       0
    3          0      0      0      0      0      0      0       0
    4          0      0      0      0      0      0      0       0
    5          0      0      0      0      0      0      0       0
    6          0      0      0      0      0      0      0       0
    7          0      0      0      0      0      0      0       0
    8          0      0      0      0      0      0      0       0
    9          0      0      0      0      0      0      0       0
   10          0      0      0      0      0      0      0       0
   11          0      0      0      0      0      0      0       0
   12          0      0      0      0      0      0      0       0
   13          0      0      0      0      0      0      0       0
   14          0      0      0      0      0      0      0       0
   15          0      0      0      0      0      0      0       0
   16          0      0      0      0      0      0      0       0
   17          0      0      0      0      0      0      0       0
   18          0      0      0      0      0      0      0       0
   19          0      0      0      0      0      0      0       0
   20          0      0      0      0      0      0      0       0
   21          0      0      0      0      0      0      0       0
   22          0      0      0      0      0      0      0       0
   23          0      0      0      0      0      0      0       0
 
TOTALS
 
12HR 7-19      0      0      0      0      0      0      0       0
16HR 6-22      0      0      0      0      0      0      0       0
18HR 6-24      0      0      0      0      0      0      0       0
24HR 0-24      0      0      0      0      0      0      0       0
 
 
 
 
*LOCATION   : ............................................................
*SITE NUMBER: 11700517
*FILE NUMBER:        2
*INTERVAL   :   15 MIN
*BATTERY    :    6.0 V
*RESTARTS   :        0
*CONFIG     :       12
*CHANNEL    :  1 OF  2
 
             TUE    WED    THU    FRI    SAT    SUN    MON    7-DAY
DATE    11/02/22     23     24     25     26     27     28   AVERAGE
 
START HOUR
 
    0          0      0      0      0      0      0      0       0
    1          0      0      0      0      0      0      0       0
    2          0      0      0      0      0      0      0       0
    3          0      0      0      0      0      0      0       0
    4          0      0      0      0      0      0      0       0
    5          0      0      0      0      0      0      0       0
    6          0      0      0      0      0      0      0       0
    7          0      0      0      0      0      0      0       0
    8          0      0      0      0      0      0      0       0
    9          0      0      0      0      0      0      0       0
   10          0      0      0      0      0      0      0       0
   11          0      0      0      0      0      0      0       0
   12          0      0      0      0      0      0      0       0
   13          0      0      0      0      0      0      0       0
   14          0      0      0      0      0      0      0       0
   15          0      0      0      0      0      0      0       0
   16          0      0      0      0      0      0      0       0
   17          0      0      0      0      0      0      0       0
   18          0      0      0      0      0      0      0       0
   19          0      0      0      0      0      0      0       0
   20          0      0      0      0      0      0      0       0
   21          0      0      0      0      0      0      0       0
   22          0      0      0      0      0      0      0       0
   23          0      0      0      0      0      0      0       0
 
TOTALS
 
12HR 7-19      0      0      0      0      0      0      0       0
16HR 6-22      0      0      0      0      0      0      0       0
18HR 6-24      0      0      0      0      0      0      0       0
24HR 0-24      0      0      0      0      0      0      0       0
 
 
 
 
*LOCATION   : ............................................................
*SITE NUMBER: 11700517
*FILE NUMBER:        2
*INTERVAL   :   15 MIN
*BATTERY    :    6.0 V
*RESTARTS   :        0
*CONFIG     :       12
*CHANNEL    :  1 OF  2
 
             TUE    WED    THU    FRI    SAT    SUN    MON    7-DAY
DATE    11/03/01     02     03     04     05     06     07   AVERAGE
 
START HOUR
 
    0          0      0      0      0      -      -      -       -
    1          0      0      0      0      -      -      -       -
    2          0      0      0      0      -      -      -       -
    3          0      0      0      0      -      -      -       -
    4          0      0      0      0      -      -      -       -
    5          0      0      0      0      -      -      -       -
    6          0      0      0      0      -      -      -       -
    7          0      0      0      0      -      -      -       -
    8          0      0      0      0      -      -      -       -
    9          0      0      0      0      -      -      -       -
   10          0      0      0      0      -      -      -       -
   11          0      0      0      0      -      -      -       -
   12          0      0      0      0      -      -      -       -
   13          0      0      0      0      -      -      -       -
   14          0      0      0      0      -      -      -       -
   15          0      0      0      -      -      -      -       -
   16          0      0      0      -      -      -      -       -
   17          0      0      0      -      -      -      -       -
   18          0      0      0      -      -      -      -       -
   19          0      0      0      -      -      -      -       -
   20          0      0      0      -      -      -      -       -
   21          0      0      0      -      -      -      -       -
   22          0      0      0      -      -      -      -       -
   23          0      0      0      -      -      -      -       -
 
TOTALS
 
12HR 7-19      0      0      0      -      -      -      -       -
16HR 6-22      0      0      0      -      -      -      -       -
18HR 6-24      0      0      0      -      -      -      -       -
24HR 0-24      0      0      0      -      -      -      -       -
 
 
 
 
*LOCATION   : ............................................................
*SITE NUMBER: 11700517
*FILE NUMBER:        2
*INTERVAL   :   15 MIN
*BATTERY    :    6.0 V
*RESTARTS   :        0
*CONFIG     :       12
*CHANNEL    :  2 OF  2
 
             TUE    WED    THU    FRI    SAT    SUN    MON    7-DAY
DATE    11/02/01     02     03     04     05     06     07   AVERAGE
 
START HOUR
 
    0          -      0      0      1      0      0      0       -
    1          -      0      0      0      0      1      0       -
    2          -      0      0      0      0      1      0       -
    3          -      0      0      0      0      1      0       -
    4          -      0      0      0      0      0      0       -
    5          -      2      0      0      0      0      0       -
    6          -     10     11      8      0      0     12       -
    7          -      8     19     19      0      1     18       -
    8          -     13     10     18      0      1     22       -
    9          -     10      7      6      3      3      9       -
   10          -      2      6      4      4      3      9       -
   11          -      2      6      2      4      6     11       -
   12          -      0      2      4      6      1      5       -
   13          -      4      4      7      5      5      4       -
   14          -      5      4      9      8      6      6       -
   15          -     10      5     10      2      7     13       -
   16         11     14     15     13      3      6     13      11
   17         15     15     12     13      6      4     15      11
   18         20     11     12     10      4      6      9      10
   19          4      3      2      3      1      2      5       3
   20          4      5      5      2      2      3      6       4
   21          4      4      4      3      1      1      1       3
   22          4      2      2      2      3      0      2       2
   23          1      0      1      2      2      0      0       1
 
TOTALS
 
12HR 7-19      -     94    102    115     45     49    134       -
16HR 6-22      -    116    124    131     49     55    158       -
18HR 6-24      -    118    127    135     54     55    160       -
24HR 0-24      -    120    127    136     54     58    160       -
 
 
 
 
*LOCATION   : ............................................................
*SITE NUMBER: 11700517
*FILE NUMBER:        2
*INTERVAL   :   15 MIN
*BATTERY    :    6.0 V
*RESTARTS   :        0
*CONFIG     :       12
*CHANNEL    :  2 OF  2
 
             TUE    WED    THU    FRI    SAT    SUN    MON    7-DAY
DATE    11/02/08     09     10     11     12     13     14   AVERAGE
 
START HOUR
 
    0          1      0      0      1      2      0      0       1
    1          0      2      0      0      0      0      0       0
    2          0      0      0      0      0      0      0       0
    3          1      1      0      1      1      0      0       1
    4          0      1      0      0      0      0      0       0
    5          0      0      0      1      1      0      0       0
    6          4      6      5      5      0      0      3       3
    7          7     15     19     22      1      2     15      12
    8          6      8      6     16      1      0     14       7
    9          3      7      8     11      2      1      9       6
   10          0      5      3      3      2      0      5       3
   11          1      4     10      5      7      1      5       5
   12          1      4      3      4      2      4      3       3
   13          2      4      4      5      4      1      1       3
   14          3      2      2      5      9      2      4       4
   15          2      3      9      8      4      3      8       5
   16         12     11     16     15      3      5     15      11
   17          9     15     15     12      4      5      6       9
   18         11      7     12      6      3      1      6       7
   19          4      5      3      2      1      2      1       3
   20          2      4      1      5      0      0      2       2
   21          2      8      4      1      3      1      3       3
   22          3      1      6      2      0      2      1       2
   23          1      0      0      1      1      1      3       1
 
TOTALS
 
12HR 7-19     57     85    107    112     42     25     91      74
16HR 6-22     69    108    120    125     46     28    100      85
18HR 6-24     73    109    126    128     47     31    104      88
24HR 0-24     75    113    126    131     51     31    104      90
 
 
 
 
*LOCATION   : ............................................................
*SITE NUMBER: 11700517
*FILE NUMBER:        2
*INTERVAL   :   15 MIN
*BATTERY    :    6.0 V
*RESTARTS   :        0
*CONFIG     :       12
*CHANNEL    :  2 OF  2
 
             TUE    WED    THU    FRI    SAT    SUN    MON    7-DAY
DATE    11/02/15     16     17     18     19     20     21   AVERAGE
 
START HOUR
 
    0          0      0      0      0      0      0      0       0
    1          0      0      1      1      1      0      0       0
    2          0      0      0      0      0      0      0       0
    3          0      0      0      0      0      0      0       0
    4          0      0      1      0      0      1      0       0
    5          0      0      0      1      0      0      3       1
    6          3      5      2      4      0      0      5       3
    7         16     15     15     11      1      0      8       9
    8         10      8      9     14      1      1     11       8
    9          5      2      3      6      3      0      9       4
   10          1      4      2      3      2      0      1       2
   11          1      3      2      4      2      0      5       2
   12          3      1      2      3      7      3      5       3
   13          8      1      3      7      4      2      5       4
   14          3      5      1      6      6      0      7       4
   15          9      5      8      7      2      5     13       7
   16         11     10     15     15      5      2     10      10
   17         10      7     46     10      3      3     15      13
   18          7     13      9      2      2      0      6       6
   19          6      3      3      2      1      0      3       3
   20          5      6      4      3      1      0      1       3
   21          3      2      2      3      1      0      3       2
   22          0      2      4      0      4      1      1       2
   23          1      1      1      1      0      1      0       1
 
TOTALS
 
12HR 7-19     84     74    115     88     38     16     95      73
16HR 6-22    101     90    126    100     41     16    107      83
18HR 6-24    102     93    131    101     45     18    108      85
24HR 0-24    102     93    133    103     46     19    111      87
 
 
 
 
*LOCATION   : ............................................................
*SITE NUMBER: 11700517
*FILE NUMBER:        2
*INTERVAL   :   15 MIN
*BATTERY    :    6.0 V
*RESTARTS   :        0
*CONFIG     :       12
*CHANNEL    :  2 OF  2
 
             TUE    WED    THU    FRI    SAT    SUN    MON    7-DAY
DATE    11/02/22     23     24     25     26     27     28   AVERAGE
 
START HOUR
 
    0          0      0      0      0      0      0      0       0
    1          1      1      1      1      2      1      0       1
    2          0      0      0      0      1      0      0       0
    3          0      0      0      1      0      1      0       0
    4          0      0      2      1      0      0      0       0
    5          1      0      3      0      1      0      0       1
    6          7      6      6      2      2      1      9       5
    7          9      9     16     14      0      0     26      11
    8         13     10      5     11      1      0     26       9
    9          1      7      8      8      2      1     15       6
   10          9      4      3      8      2      4      6       5
   11          7      6      5      5      4      4      7       5
   12          5      5      7      3      6      5      9       6
   13          8      4      5      6      3      5      9       6
   14          7      7      6      8      5      6      8       7
   15         10     14     10      9      5      4     14       9
   16         11     13     14      9      1      4     26      11
   17         19     14     18     10      4      4     18      12
   18          7      3      9      4      2      1     13       6
   19          3      2      2      4      2      2      5       3
   20          8      2      3      4      4      3      3       4
   21          2      4      3      2      4      2      1       3
   22          2      1      4      2      1      2      3       2
   23          1      3      0      2      0      0      2       1
 
TOTALS
 
12HR 7-19    106     96    106     95     35     38    177      93
16HR 6-22    126    110    120    107     47     46    195     107
18HR 6-24    129    114    124    111     48     48    200     111
24HR 0-24    131    115    130    114     52     50    200     113
 
 
 
 
*LOCATION   : ............................................................
*SITE NUMBER: 11700517
*FILE NUMBER:        2
*INTERVAL   :   15 MIN
*BATTERY    :    6.0 V
*RESTARTS   :        0
*CONFIG     :       12
*CHANNEL    :  2 OF  2
 
             TUE    WED    THU    FRI    SAT    SUN    MON    7-DAY
DATE    11/03/01     02     03     04     05     06     07   AVERAGE
 
START HOUR
 
    0          0      1      0      1      -      -      -       -
    1          0      1      0      0      -      -      -       -
    2          0      0      0      0      -      -      -       -
    3          0      0      0      0      -      -      -       -
    4          0      0      0      0      -      -      -       -
    5          1      2      2      3      -      -      -       -
    6         10     12      9      6      -      -      -       -
    7         19     30     25     22      -      -      -       -
    8         29     23     17     22      -      -      -       -
    9         17     14     13     13      -      -      -       -
   10          4      6      3     10      -      -      -       -
   11          3      3      4      3      -      -      -       -
   12         12     10      7     13      -      -      -       -
   13          9      1      8      3      -      -      -       -
   14          3      8      9      9      -      -      -       -
   15         15     14     19      -      -      -      -       -
   16         20     25     25      -      -      -      -       -
   17         25     18     27      -      -      -      -       -
   18         18     14     12      -      -      -      -       -
   19          9      9      5      -      -      -      -       -
   20          1      4      5      -      -      -      -       -
   21          3      6      7      -      -      -      -       -
   22          3      4      2      -      -      -      -       -
   23          0      0      0      -      -      -      -       -
 
TOTALS
 
12HR 7-19    174    166    169      -      -      -      -       -
16HR 6-22    197    197    195      -      -      -      -       -
18HR 6-24    200    201    197      -      -      -      -       -
24HR 0-24    201    205    199      -      -      -      -       -
 
