 
 
 
*LOCATION   : ............................................................
*SITE NUMBER: 10300935
*FILE NUMBER:        3
*INTERVAL   :   15 MIN
*BATTERY    :    6.1 V
*RESTARTS   :        0
*CONFIG     :        0
*CHANNEL    :  1 OF  1
 
             FRI    SAT    SUN    MON    TUE    WED    THU    7-DAY
DATE    08/02/29     01     02     03     04     05     06   AVERAGE
 
START HOUR
 
    0          -      1      1      0      0      1      1       -
    1          -      2      0      1      0      0      1       -
    2          -      0      0      0      0      0      0       -
    3          -      2      3      1      0      0      0       -
    4          -      2      0      0      4      0      1       -
    5          -      1      2      5      3      2      2       -
    6          -      2      1     10      8      9     10       -
    7          -      4      0     24     23     20     20       -
    8          -      4      0     21     12     11     15       -
    9          -      9      2     15      5      9      7       -
   10          9      3      5      7      6      5      2       5
   11         13      3      0      3      9      8      6       6
   12         11      9      7      9      2     10      3       7
   13          7      8      2      6      5      9      6       6
   14          6     10      4     11      8      5      7       7
   15         14      8      8     13     17     20     10      13
   16         19      7      1     23     19     18     13      14
   17         13      7      1     14      8     11     15      10
   18         10      9      6      8      5      7      7       7
   19         15      5      1      5      4      7      4       6
   20          5      5      2      7      6      4      3       5
   21          3      3      3      4      3      3      5       3
   22          1      2      0      2      2      4      2       2
   23          0      1      2      1      3      4      1       2
 
TOTALS
 
12HR 7-19      -     81     36    154    119    133    111       -
16HR 6-22      -     96     43    180    140    156    133       -
18HR 6-24      -     99     45    183    145    164    136       -
24HR 0-24      -    107     51    190    152    167    141       -
 
 
 
 
*LOCATION   : ............................................................
*SITE NUMBER: 10300935
*FILE NUMBER:        3
*INTERVAL   :   15 MIN
*BATTERY    :    6.1 V
*RESTARTS   :        0
*CONFIG     :        0
*CHANNEL    :  1 OF  1
 
             FRI    SAT    SUN    MON    TUE    WED    THU    7-DAY
DATE    08/03/07     08     09     10     11     12     13   AVERAGE
 
START HOUR
 
    0          2      2      1      0      1      0      3       1
    1          0      0      0      1      0      0      3       1
    2          0      2      0      0      0      1      1       1
    3          0      1      0      0      0      1      2       1
    4          0      1      1      1      0      0      1       1
    5          5      1      1      4      5      7      3       4
    6          8      2      3     13     21     24      9      11
    7         16      1      1     36     38     41     15      21
    8         25      6      4     32     42     26     28      23
    9          7     11      5     16     19     18     29      15
   10          3      7      5     11     11     13      1       7
   11         14     12      5     13     14     14      4      11
   12          6     15      7     10     16     30      7      13
   13          4     11      7     10     15     14      2       9
   14         47      8      7     18     19     14      4      17
   15         18      5     12     30     33     29     13      20
   16         21      4      6     41     46     40     19      25
   17          9      5      5     20     29     21     16      15
   18          7      1      9     14     30     17     10      13
   19          9      2      9     11     19     13     12      11
   20          5      3      6      9     13     11      3       7
   21          0      2      5      5     13     11      5       6
   22          2      0      1      3      7      2      1       2
   23          0      0      0      5      5      1      1       2
 
TOTALS
 
12HR 7-19    177     86     73    251    312    277    148     189
16HR 6-22    199     95     96    289    378    336    177     224
18HR 6-24    201     95     97    297    390    339    179     228
24HR 0-24    208    102    100    303    396    348    192     236
 
 
 
 
*LOCATION   : ............................................................
*SITE NUMBER: 10300935
*FILE NUMBER:        3
*INTERVAL   :   15 MIN
*BATTERY    :    6.1 V
*RESTARTS   :        0
*CONFIG     :        0
*CHANNEL    :  1 OF  1
 
             FRI    SAT    SUN    MON    TUE    WED    THU    7-DAY
DATE    08/03/14     15     16     17     18     19     20   AVERAGE
 
START HOUR
 
    0          0      0      1      1      0      0      1       0
    1          2      6      2      0      1      0      0       2
    2          0      0      3      1      0      0      0       1
    3          0      1      0      1      1      0      0       0
    4          0      0      1      2      0      2      2       1
    5          3      1      2      2      7      5      5       4
    6         13      1      2     11     15     20      8      10
    7         27      0      0     35     35     31     29      22
    8         28      3      0     34     43     33     22      23
    9         13      6      4     12     11     12     11      10
   10          8      6      3     16     16     13      7      10
   11         12     10      4     18      8      7      7       9
   12         17     10     10     17     11     22      8      14
   13         12     14      7     13     11      5      6      10
   14          8     12     12     16     16     14     19      14
   15         24     13     14     20     23     19     23      19
   16         36      4      8     36     47     25     29      26
   17         30      3      5     26     23     24     15      18
   18         11      3      9     16      9     23      9      11
   19         10      1      6     12     11      8      6       8
   20         10      2      8     17     12     11      5       9
   21          6      5      3      8     11      5      4       6
   22          2      2      3      5      5      6      0       3
   23          3      0      0      0      0      1      3       1
 
TOTALS
 
12HR 7-19    226     84     76    259    253    228    185     187
16HR 6-22    265     93     95    307    302    272    208     220
18HR 6-24    270     95     98    312    307    279    211     225
24HR 0-24    275    103    107    319    316    286    219     232
 
 
 
 
*LOCATION   : ............................................................
*SITE NUMBER: 10300935
*FILE NUMBER:        3
*INTERVAL   :   15 MIN
*BATTERY    :    6.1 V
*RESTARTS   :        0
*CONFIG     :        0
*CHANNEL    :  1 OF  1
 
             FRI    SAT    SUN    MON    TUE    WED    THU    7-DAY
DATE    08/03/21     22     23     24     25     26     27   AVERAGE
 
START HOUR
 
    0          2      0      1      0      0      0      0       0
    1          1      0      3      0      0      0      0       1
    2          0      1      1      1      0      0      0       0
    3          0      2      0      0      2      0      0       1
    4          0      0      0      0      0      0      0       0
    5          2      0      0      0      3      3      1       1
    6          0      2      1      1     10      5      3       3
    7          2      1      1      0     22      9     18       8
    8          0      1      2      3     31      6      7       7
    9          7      5      4      6      9      3      5       6
   10         12      6      4      7     10      2      5       7
   11         13     12      3      7     10      3      2       7
   12         12      4     12     13     10      4      3       8
   13         14     12      7     13     10      5      4       9
   14         14     15      4      9      5      3      7       8
   15         13      8      3      6     22      4      6       9
   16         15     14      0      8     29     13     10      13
   17         10     10      2     10     17      4     15      10
   18          6      4      1      8     14      2      6       6
   19          7      6      2      6      8      1      7       5
   20          7      8      5      1      8      4      5       5
   21          5      5      2      4      6      2      3       4
   22          0      2      0      2      0      2      3       1
   23          0      3      1      1      0      2      0       1
 
TOTALS
 
12HR 7-19    118     92     43     90    189     58     88      97
16HR 6-22    137    113     53    102    221     70    106     115
18HR 6-24    137    118     54    105    221     74    109     117
24HR 0-24    142    121     59    106    226     77    110     120
 
 
 
 
*LOCATION   : ............................................................
*SITE NUMBER: 10300935
*FILE NUMBER:        3
*INTERVAL   :   15 MIN
*BATTERY    :    6.1 V
*RESTARTS   :        0
*CONFIG     :        0
*CHANNEL    :  1 OF  1
 
             FRI    SAT    SUN    MON    TUE    WED    THU    7-DAY
DATE    08/03/28     29     30     31     01     02     03   AVERAGE
 
START HOUR
 
    0          0      1      3      0      -      -      -       -
    1          0      0      0      1      -      -      -       -
    2          0      1      2      0      -      -      -       -
    3          0      0      1      2      -      -      -       -
    4          0      2      0      8      -      -      -       -
    5          2      0      1     20      -      -      -       -
    6          5      0      2     50      -      -      -       -
    7         20      1      5     50      -      -      -       -
    8         17      3      2      -      -      -      -       -
    9         15      9      7      -      -      -      -       -
   10          8     12     12      -      -      -      -       -
   11          3     19     18      -      -      -      -       -
   12         12     17     19      -      -      -      -       -
   13          4     20     22      -      -      -      -       -
   14         10     25     14      -      -      -      -       -
   15         19     27      9      -      -      -      -       -
   16         23     17     12      -      -      -      -       -
   17         15      9     10      -      -      -      -       -
   18          4     18      9      -      -      -      -       -
   19          2      7      8      -      -      -      -       -
   20          9      5     10      -      -      -      -       -
   21          1      5      4      -      -      -      -       -
   22          5      2      0      -      -      -      -       -
   23          0      1      0      -      -      -      -       -
 
TOTALS
 
12HR 7-19    150    177    139      -      -      -      -       -
16HR 6-22    167    194    163      -      -      -      -       -
18HR 6-24    172    197    163      -      -      -      -       -
24HR 0-24    174    201    170      -      -      -      -       -
 
