 
 
 
*LOCATION   : ............................................................
*SITE NUMBER: 11700909
*FILE NUMBER:        2
*INTERVAL   :   15 MIN
*BATTERY    :    6.3 V
*RESTARTS   :        0
*CONFIG     :       12
*CHANNEL    :  1 OF  2
 
             MON    TUE    WED    THU    FRI    SAT    SUN    7-DAY
DATE    08/02/25     26     27     28     29     01     02   AVERAGE
 
START HOUR
 
    0          -      7      8     10      8     11     14       -
    1          -      3      4      4      4      9      9       -
    2          -      1      0      2      0      0      4       -
    3          -      0      2      2      1      2      3       -
    4          -      3      1      2      2      3      3       -
    5          -      7     13     12     10      5      3       -
    6          -     49     41     44     42     13      3       -
    7          -     84     79     82     71     16     19       -
    8          -    109    119    101     91     16     11       -
    9          -     85     88     82     69     31     14       -
   10          -     60     65     53     55     45     24       -
   11          -     64     53     61     56     62     21       -
   12          -     61     50     60     53     55     34       -
   13         73     63     51     74     61     58     26      58
   14         65     74     58     57     62     62     26      58
   15         79    100     76     68     66     50     41      69
   16        117    116     89    100     91     47     32      85
   17        104     97     68     76     62     34     26      67
   18         66     72     53     52     47     33     26      50
   19         58     50     39     43     40     24     20      39
   20         44     34     31     37     26     23     18      30
   21         31     27     24     32     25     17     22      25
   22         20     17     18     14     20     11     15      16
   23         10      9     10     11     13     10      8      10
 
TOTALS
 
12HR 7-19      -    985    849    866    784    509    300       -
16HR 6-22      -   1145    984   1022    917    586    363       -
18HR 6-24      -   1171   1012   1047    950    607    386       -
24HR 0-24      -   1192   1040   1079    975    637    422       -
 
 
 
 
*LOCATION   : ............................................................
*SITE NUMBER: 11700909
*FILE NUMBER:        2
*INTERVAL   :   15 MIN
*BATTERY    :    6.3 V
*RESTARTS   :        0
*CONFIG     :       12
*CHANNEL    :  1 OF  2
 
             MON    TUE    WED    THU    FRI    SAT    SUN    7-DAY
DATE    08/03/03     04     05     06     07     08     09   AVERAGE
 
START HOUR
 
    0          6      6      7      6      4      8      7       6
    1          3      4      4      4      5      9     14       6
    2          0      0      0      0      0      0      4       1
    3          1      1      3      1      1      4      2       2
    4          3      1      1      1      1      2      4       2
    5         11     11      9     10      9      5      2       8
    6         39     41     41     42     38     15      8      32
    7         67     63     65     62     69     24     12      52
    8         87     77     69     83     86     22     13      62
    9         56     41     50     56     59     39     18      46
   10         43     45     49     52     50     45     31      45
   11         59     41     47     72     54     45     32      50
   12         57     32     38     44     63     41     36      44
   13         34     36     50     36     51     40     35      40
   14         42     42     56     45     58     51     37      47
   15         74     53     59     49     77     32     38      55
   16         93     62     81     68     87     32     28      64
   17         78     70     75     67     78     27     27      60
   18         54     48     53     49     37     32     24      42
   19         43     39     39     35     37     20     25      34
   20         30     27     29     33     23     24     18      26
   21         28     27     22     18     27     17     17      22
   22         15     16     23     24     13     14     13      17
   23         11      8     10      8     15     10      7      10
 
TOTALS
 
12HR 7-19    744    610    692    683    769    430    331     608
16HR 6-22    884    744    823    811    894    506    399     723
18HR 6-24    910    768    856    843    922    530    419     750
24HR 0-24    934    791    880    865    942    558    452     775
 
 
 
 
*LOCATION   : ............................................................
*SITE NUMBER: 11700909
*FILE NUMBER:        2
*INTERVAL   :   15 MIN
*BATTERY    :    6.3 V
*RESTARTS   :        0
*CONFIG     :       12
*CHANNEL    :  1 OF  2
 
             MON    TUE    WED    THU    FRI    SAT    SUN    7-DAY
DATE    08/03/10     11     12     13     14     15     16   AVERAGE
 
START HOUR
 
    0          6      6      6      6      6     10      8       7
    1          1      4      4      5      6      7      9       5
    2          0      0      2      0      0      5      0       1
    3          1      1      1      2      2      3      6       2
    4          2      1      3      3      2      3      2       2
    5         10     13     13     11      8      5      4       9
    6         43     53     52     42     44     14      6      36
    7         96     95     89     86     87     23     16      70
    8        128    129    114    102     97     26     10      87
    9         76     93     81     53     82     41     17      63
   10         66     66     58     46     56     43     24      51
   11         64     67     53     49     58     42     34      52
   12         79     68     67     46     68     47     48      60
   13         65     60     58     49     67     56     42      57
   14         70     81     58     66     67     53     49      63
   15         75     86     79     78     86     42     41      70
   16        117    116    123     85    101     36     36      88
   17         90     98    105     72     66     46     36      73
   18         63     80     66     68     68     31     30      58
   19         53     60     47     50     42     23     20      42
   20         36     43     44     38     35     26     17      34
   21         36     34     29     22     28     15     28      27
   22         21     23     17     19     19     11     15      18
   23          9     13     13     10     10     13      9      11
 
TOTALS
 
12HR 7-19    989   1039    951    800    903    486    383     793
16HR 6-22   1157   1229   1123    952   1052    564    454     933
18HR 6-24   1187   1265   1153    981   1081    588    478     962
24HR 0-24   1207   1290   1182   1008   1105    621    507     989
 
 
 
 
*LOCATION   : ............................................................
*SITE NUMBER: 11700909
*FILE NUMBER:        2
*INTERVAL   :   15 MIN
*BATTERY    :    6.3 V
*RESTARTS   :        0
*CONFIG     :       12
*CHANNEL    :  1 OF  2
 
             MON    TUE    WED    THU    FRI    SAT    SUN    7-DAY
DATE    08/03/17     18     19     20     21     22     23   AVERAGE
 
START HOUR
 
    0          6      8      6      9      8     11     13       9
    1          3      4      4      4      8      4      7       5
    2          0      1      0      3      2      2      1       1
    3          1      2      2      0      6      2      4       2
    4          2      2      3      6      5      1      0       3
    5         10     10      9      8      3      3      0       6
    6         46     46     41     45      5     14      3      29
    7         99     88     90     85     15     21      9      58
    8        121     99    103     86     15     22     12      65
    9         96     79     67     67     23     30     13      54
   10         67     62     54     74     23     49     14      49
   11         60     53     53     59     39     52     20      48
   12         63     68     45     66     36     46     28      50
   13         58     65     65     60     42     47     23      51
   14         69     66     49     67     49     38     31      53
   15         84     84     81     77     36     36     20      60
   16        110    104     89     87     29     40     20      68
   17         92     78     77     75     44     30     20      59
   18         73     69     60     54     27     28     19      47
   19         59     43     40     36     26     23     16      35
   20         38     44     38     32     22     27     16      31
   21         28     26     31     22     15     21     11      22
   22         15     19     19     16     14     16     12      16
   23         13     11     12     10     10      8      9      10
 
TOTALS
 
12HR 7-19    992    915    833    857    378    439    229     663
16HR 6-22   1163   1074    983    992    446    524    275     780
18HR 6-24   1191   1104   1014   1018    470    548    296     806
24HR 0-24   1213   1131   1038   1048    502    571    321     832
 
 
 
 
*LOCATION   : ............................................................
*SITE NUMBER: 11700909
*FILE NUMBER:        2
*INTERVAL   :   15 MIN
*BATTERY    :    6.3 V
*RESTARTS   :        0
*CONFIG     :       12
*CHANNEL    :  1 OF  2
 
             MON    TUE    WED    THU    FRI    SAT    SUN    7-DAY
DATE    08/03/24     25     26     27     28     29     30   AVERAGE
 
START HOUR
 
    0          3      6      7      3      7     12     14       7
    1          3      2      5      1      4      7     10       5
    2          0      1      0      1      1      3      0       1
    3          4      2      1      6      0      3      5       3
    4          1      1      4      1      3      0      4       2
    5          1      9      9     12     13      5      6       8
    6          2     49     32     38     44     14     14      28
    7         12     81     51     52     66     22     14      43
    8         14     95     63     67     83     20     22      52
    9         15     56     39     49     53     44     37      42
   10         18     58     31     33     52     54     39      41
   11         32     39     27     43     46     55     44      41
   12         32     47     26     39     44     52     41      40
   13         28     49     35     35     57     62     47      45
   14         21     50     32     41     60     62     39      44
   15         36     74     45     57     66     47     47      53
   16         28     82     54     66     82     61     31      58
   17         25     80     55     57     73     53     41      55
   18         13     57     47     46     44     41     32      40
   19         21     42     29     33     31     28     43      32
   20         25     34     26     27     34     23     24      28
   21         21     22     19     23     18     16     15      19
   22         13     16     15     19     14     14     12      15
   23         11      8      6     12     14     16      6      10
 
TOTALS
 
12HR 7-19    274    768    505    585    726    573    434     552
16HR 6-22    343    915    611    706    853    654    530     659
18HR 6-24    367    939    632    737    881    684    548     684
24HR 0-24    379    960    658    761    909    714    587     710
 
 
 
 
*LOCATION   : ............................................................
*SITE NUMBER: 11700909
*FILE NUMBER:        2
*INTERVAL   :   15 MIN
*BATTERY    :    6.3 V
*RESTARTS   :        0
*CONFIG     :       12
*CHANNEL    :  1 OF  2
 
             MON    TUE    WED    THU    FRI    SAT    SUN    7-DAY
DATE    08/03/31     01     02     03     04     05     06   AVERAGE
 
START HOUR
 
    0          6      5      5      -      -      -      -       -
    1          1      0      0      -      -      -      -       -
    2          2      0      0      -      -      -      -       -
    3          2      2      3      -      -      -      -       -
    4         12     14     13      -      -      -      -       -
    5         40     55     46      -      -      -      -       -
    6         92    106    106      -      -      -      -       -
    7        135    138    163      -      -      -      -       -
    8        113     95    102      -      -      -      -       -
    9         75     81      -      -      -      -      -       -
   10         82     75      -      -      -      -      -       -
   11         86     80      -      -      -      -      -       -
   12         83     68      -      -      -      -      -       -
   13         71     86      -      -      -      -      -       -
   14         90    113      -      -      -      -      -       -
   15        146    149      -      -      -      -      -       -
   16        129    140      -      -      -      -      -       -
   17         99    102      -      -      -      -      -       -
   18         71     89      -      -      -      -      -       -
   19         51     62      -      -      -      -      -       -
   20         43     35      -      -      -      -      -       -
   21         20     27      -      -      -      -      -       -
   22         14     23      -      -      -      -      -       -
   23          6     11      -      -      -      -      -       -
 
TOTALS
 
12HR 7-19   1180   1216      -      -      -      -      -       -
16HR 6-22   1386   1446      -      -      -      -      -       -
18HR 6-24   1406   1480      -      -      -      -      -       -
24HR 0-24   1469   1556      -      -      -      -      -       -
 
 
 
 
*LOCATION   : ............................................................
*SITE NUMBER: 11700909
*FILE NUMBER:        2
*INTERVAL   :   15 MIN
*BATTERY    :    6.3 V
*RESTARTS   :        0
*CONFIG     :       12
*CHANNEL    :  2 OF  2
 
             MON    TUE    WED    THU    FRI    SAT    SUN    7-DAY
DATE    08/02/25     26     27     28     29     01     02   AVERAGE
 
START HOUR
 
    0          -      1      0      1      0      1      1       -
    1          -      0      1      0      0      0      0       -
    2          -      0      0      0      0      1      0       -
    3          -      1      0      0      0      1      1       -
    4          -      0      0      0      0      1      1       -
    5          -      3      2      0      0      0      1       -
    6          -     11      9     13     12      1      2       -
    7          -     33     23     29     14      0      4       -
    8          -     41     27     33     35      5      1       -
    9          -     25     21     12     20      6      1       -
   10          -     18     10      9     11     10      4       -
   11          -      8      6      6      8     14      6       -
   12          -     18      6     10      9      9     11       -
   13         13     14      9      8      9     14     10      11
   14         14     18     12     11      7     10     11      12
   15         33     31     15     17     21     11      9      20
   16         41     37     32     33     29      5      1      25
   17         34     44     28     33     12      8     11      24
   18         27     23     20     14     20      9      5      17
   19         18     13     14     18     11      3      3      11
   20          9     13      7      9      8      2      8       8
   21         11      5      6      6      5      3      6       6
   22          7      5     10      2      6      0      1       4
   23          5      3      1      2      1      0      1       2
 
TOTALS
 
12HR 7-19      -    310    209    215    195    101     74       -
16HR 6-22      -    352    245    261    231    110     93       -
18HR 6-24      -    360    256    265    238    110     95       -
24HR 0-24      -    365    259    266    238    114     99       -
 
 
 
 
*LOCATION   : ............................................................
*SITE NUMBER: 11700909
*FILE NUMBER:        2
*INTERVAL   :   15 MIN
*BATTERY    :    6.3 V
*RESTARTS   :        0
*CONFIG     :       12
*CHANNEL    :  2 OF  2
 
             MON    TUE    WED    THU    FRI    SAT    SUN    7-DAY
DATE    08/03/03     04     05     06     07     08     09   AVERAGE
 
START HOUR
 
    0          0      1      1      0      0      0      0       0
    1          0      1      2      3      1      0      1       1
    2          0      0      0      0      0      1      1       0
    3          0      0      0      0      0      0      0       0
    4          0      0      0      1      2      1      0       1
    5          1      1      0      1      1      1      1       1
    6         11     11      8     11     10      1      1       8
    7         17     15     18     18     18      1      0      12
    8         23     27     29     16     20      1      1      17
    9         17     20     16      9      9      5      5      12
   10          8      2      9      5      8      9      7       7
   11          8      1      5      2      7      7      7       5
   12          3      5      7      2      4      7     12       6
   13          6      4      8      3      9     11     14       8
   14          7      8      8     10     12     11     13      10
   15         12     14     20     10     10      7     15      13
   16         29     17     18     18     23      3      9      17
   17         28     17     22     13     19      5     16      17
   18         18     15     13     16     13      4     12      13
   19         19      6      8      6      4      6      6       8
   20          9      9      6      6      4      1      4       6
   21          6      7      2      5      5      2      7       5
   22          6      3      6      3      2      2      1       3
   23          1      1      1      1      1      2      2       1
 
TOTALS
 
12HR 7-19    176    145    173    122    152     71    111     136
16HR 6-22    221    178    197    150    175     81    129     162
18HR 6-24    228    182    204    154    178     85    132     166
24HR 0-24    229    185    207    159    182     88    135     169
 
 
 
 
*LOCATION   : ............................................................
*SITE NUMBER: 11700909
*FILE NUMBER:        2
*INTERVAL   :   15 MIN
*BATTERY    :    6.3 V
*RESTARTS   :        0
*CONFIG     :       12
*CHANNEL    :  2 OF  2
 
             MON    TUE    WED    THU    FRI    SAT    SUN    7-DAY
DATE    08/03/10     11     12     13     14     15     16   AVERAGE
 
START HOUR
 
    0          1      0      1      1      2      2      1       1
    1          1      0      1      0      1      2      2       1
    2          2      0      0      0      0      1      1       1
    3          1      0      0      1      0      0      3       1
    4          0      0      1      0      0      1      1       0
    5          1      1      2      0      2      0      0       1
    6         15     14     14      8      5      1      1       8
    7         25     33     34     28     30      3      1      22
    8         32     42     42     29     33      4      2      26
    9         22     21     26     16     20     10      2      17
   10          7     10     14      5      5      8      2       7
   11          6     10      5      2     14      6      4       7
   12          3     19     11      7      9     15      8      10
   13         11     17     11      4     12     10     16      12
   14         15     23     24      7     17      9     15      16
   15         24     32     19     12     24     14     11      19
   16         32     45     36     24     33     11      7      27
   17         35     52     30     26     33      8     13      28
   18         23     28     23     15     20     11      4      18
   19          9     19     16     16     10      4     14      13
   20         17     13     12     11      5      2      7      10
   21         10      9      8      6      5      1      7       7
   22          5      4      3      4      6      1      5       4
   23          0      4      3      3      3      4      1       3
 
TOTALS
 
12HR 7-19    235    332    275    175    250    109     85     209
16HR 6-22    286    387    325    216    275    117    114     246
18HR 6-24    291    395    331    223    284    122    120     252
24HR 0-24    297    396    336    225    289    128    128     257
 
 
 
 
*LOCATION   : ............................................................
*SITE NUMBER: 11700909
*FILE NUMBER:        2
*INTERVAL   :   15 MIN
*BATTERY    :    6.3 V
*RESTARTS   :        0
*CONFIG     :       12
*CHANNEL    :  2 OF  2
 
             MON    TUE    WED    THU    FRI    SAT    SUN    7-DAY
DATE    08/03/17     18     19     20     21     22     23   AVERAGE
 
START HOUR
 
    0          0      1      0      0      1      2      0       1
    1          0      1      1      0      1      1      0       1
    2          1      0      0      0      2      1      0       1
    3          0      0      0      0      0      0      0       0
    4          0      0      0      0      0      1      0       0
    5          3      3      1      1      0      0      0       1
    6         14     12      9     10      2      1      0       7
    7         23     39     28     20      3      4      0      17
    8         29     42     43     26      0      4      2      21
    9         19     15     16     12      7      4      0      10
   10          9     13     12     15      9     10      2      10
   11         14      7      7     10     11     13     10      10
   12          6     17      6      7     20      8      1       9
   13         15     18      7     14     17      8      6      12
   14         22     20     13     31     16     15      5      17
   15         33     39     24     30     20     11      4      23
   16         31     27     39     24     20      7      5      22
   17         34     43     24     23      8      2      1      19
   18         32     40     15      6     10      9      9      17
   19         12     15     11      6      5      2      4       8
   20         14     14     12      5      2      1      3       7
   21          8      5      4      4      5      1      0       4
   22          0      7      7      0      0      1      2       2
   23          1      1      0      3      0      1      1       1
 
TOTALS
 
12HR 7-19    267    320    234    218    141     95     45     189
16HR 6-22    315    366    270    243    155    100     52     214
18HR 6-24    316    374    277    246    155    102     55     218
24HR 0-24    320    379    279    247    159    107     55     221
 
 
 
 
*LOCATION   : ............................................................
*SITE NUMBER: 11700909
*FILE NUMBER:        2
*INTERVAL   :   15 MIN
*BATTERY    :    6.3 V
*RESTARTS   :        0
*CONFIG     :       12
*CHANNEL    :  2 OF  2
 
             MON    TUE    WED    THU    FRI    SAT    SUN    7-DAY
DATE    08/03/24     25     26     27     28     29     30   AVERAGE
 
START HOUR
 
    0          0      0      1      0      0      1      1       0
    1          0      0      0      1      0      2      1       1
    2          0      0      0      1      0      1      1       0
    3          0      3      0      1      0      1      3       1
    4          0      0      2      1      0      0      1       1
    5          0      1      3      0      2      0      3       1
    6          1      8      4      4      4      1      2       3
    7          1     30      6     12     19      6      0      11
    8          2     33      8     16     21      3      1      12
    9          1     15     12      8     11      6      4       8
   10          4      6      3     10      7     10      8       7
   11          9     10      4      8     11     14     12      10
   12          6      8      2      8      3     24     14       9
   13          8     11      5      6     14     20     20      12
   14         10      9      2      3      9     23     13      10
   15          6     21      4      8     13     23     17      13
   16          6     31      5     12     21     17     19      16
   17          5     26     10     10     16     14      9      13
   18          6     21     10      9     16     12      9      12
   19          6     10      5      8     11      4     11       8
   20          5     14      3      8      6      3      8       7
   21          4      6      0      5      5      6      4       4
   22          1      2      4      5      1      5      0       3
   23          0      1      0      1      4      0      2       1
 
TOTALS
 
12HR 7-19     64    221     71    110    161    172    126     132
16HR 6-22     80    259     83    135    187    186    151     154
18HR 6-24     81    262     87    141    192    191    153     158
24HR 0-24     81    266     93    145    194    196    163     163
 
 
 
 
*LOCATION   : ............................................................
*SITE NUMBER: 11700909
*FILE NUMBER:        2
*INTERVAL   :   15 MIN
*BATTERY    :    6.3 V
*RESTARTS   :        0
*CONFIG     :       12
*CHANNEL    :  2 OF  2
 
             MON    TUE    WED    THU    FRI    SAT    SUN    7-DAY
DATE    08/03/31     01     02     03     04     05     06   AVERAGE
 
START HOUR
 
    0          1      1      2      -      -      -      -       -
    1          1      0      0      -      -      -      -       -
    2          0      0      1      -      -      -      -       -
    3          1      0      0      -      -      -      -       -
    4          3      3      1      -      -      -      -       -
    5          9     23     16      -      -      -      -       -
    6         32     44     52      -      -      -      -       -
    7         56     71     62      -      -      -      -       -
    8         36     34     45      -      -      -      -       -
    9         14     16      -      -      -      -      -       -
   10         17     20      -      -      -      -      -       -
   11         21     24      -      -      -      -      -       -
   12         15     16      -      -      -      -      -       -
   13         14     23      -      -      -      -      -       -
   14         28     47      -      -      -      -      -       -
   15         61     74      -      -      -      -      -       -
   16         73     73      -      -      -      -      -       -
   17         55     56      -      -      -      -      -       -
   18         36     37      -      -      -      -      -       -
   19         36     23      -      -      -      -      -       -
   20         14     18      -      -      -      -      -       -
   21          4      6      -      -      -      -      -       -
   22          2      4      -      -      -      -      -       -
   23          2      0      -      -      -      -      -       -
 
TOTALS
 
12HR 7-19    426    491      -      -      -      -      -       -
16HR 6-22    512    582      -      -      -      -      -       -
18HR 6-24    516    586      -      -      -      -      -       -
24HR 0-24    531    613      -      -      -      -      -       -
 
