 
 
 
*LOCATION   : ............................................................
*SITE NUMBER: 10701406
*FILE NUMBER:        2
*INTERVAL   :   15 MIN
*BATTERY    :    6.2 V
*RESTARTS   :        0
*CONFIG     :        0
*CHANNEL    :  1 OF  1
 
             MON    TUE    WED    THU    FRI    SAT    SUN    7-DAY
DATE    09/03/30     31     01     02     03     04     05   AVERAGE
 
START HOUR
 
    0          -      0      0      2      2      4      1       -
    1          -      0      0      2      0      1      3       -
    2          -      0      0      1      0      4      4       -
    3          -      0      1      0      0      0      2       -
    4          -      1      2      0      1      1      1       -
    5          -      3      1      3      3      4      2       -
    6          -      7     21     17     15      2      1       -
    7          -     36     47     57     49      4      3       -
    8          -     74     61     72     64     11      9       -
    9         23     47     39     50     40     15     15      33
   10         17     22     29     38     25     14     15      23
   11         14     31     26     23     39     23     29      26
   12         19     26     37     26     20     28     36      27
   13         26     19     40     32     39     12     28      28
   14         33     32     31     30     44     21     49      34
   15         38     54     53     52     74     19     39      47
   16         55     59     75     87     95      9     40      60
   17         41     58     68     50     51     13     23      43
   18         19     45     40     48     46     16     23      34
   19         17     20     44     25     25      5     20      22
   20         11     15     20     20     17      5     13      14
   21          5     15     10     13     11      5      7       9
   22          7      5      6      3      4      4      3       5
   23          1      4      4      2      3      6      1       3
 
TOTALS
 
12HR 7-19      -    503    546    565    586    185    309       -
16HR 6-22      -    560    641    640    654    202    350       -
18HR 6-24      -    569    651    645    661    212    354       -
24HR 0-24      -    573    655    653    667    226    367       -
 
 
 
 
*LOCATION   : ............................................................
*SITE NUMBER: 10701406
*FILE NUMBER:        2
*INTERVAL   :   15 MIN
*BATTERY    :    6.2 V
*RESTARTS   :        0
*CONFIG     :        0
*CHANNEL    :  1 OF  1
 
             MON    TUE    WED    THU    FRI    SAT    SUN    7-DAY
DATE    09/04/06     07     08     09     10     11     12   AVERAGE
 
START HOUR
 
    0          0      2      1      6      1      1      3       2
    1          0      0      0      0      3      0      1       1
    2          0      0      1      0      3      0      2       1
    3          1      4      1      1      4      1      2       2
    4          0      3      2      2      7      4      2       3
    5          4      6      5      4      2      6      2       4
    6         25     20     21     25      3     10      5      16
    7         49     74     64     57      4      9      7      38
    8         80     84     85     66     10      6      4      48
    9         67     51     81     52     10     16     10      41
   10         34     34     35     38     14     23     11      27
   11         28     37     38     36     24     22     15      29
   12         25     33     30     26     22     28     25      27
   13         32     38     52     38     32     47     30      38
   14         35     28     47     58     25     36     36      38
   15         42     52     71     68     17     34     37      46
   16         92     80    124     58     34     34     30      65
   17         88     83     79     30     20     34     22      51
   18         59     64     54     42     23     25     20      41
   19         35     38     36     21     14     17     12      25
   20         31     23     25     27     10     20     10      21
   21          9     13     14     12      4      7     10      10
   22          4      1     10      4      8      7      0       5
   23          3      1      7      6      8      5      3       5
 
TOTALS
 
12HR 7-19    631    658    760    569    235    314    247     488
16HR 6-22    731    752    856    654    266    368    284     559
18HR 6-24    738    754    873    664    282    380    287     568
24HR 0-24    743    769    883    677    302    392    299     581
 
 
 
 
*LOCATION   : ............................................................
*SITE NUMBER: 10701406
*FILE NUMBER:        2
*INTERVAL   :   15 MIN
*BATTERY    :    6.2 V
*RESTARTS   :        0
*CONFIG     :        0
*CHANNEL    :  1 OF  1
 
             MON    TUE    WED    THU    FRI    SAT    SUN    7-DAY
DATE    09/04/13     14     15     16     17     18     19   AVERAGE
 
START HOUR
 
    0          5      2      1      3      7      6      3       4
    1          2      1      0      0      1      4      3       2
    2          0      1      2      1      3      2      2       2
    3          1      0      3      3      1      3      3       2
    4          2      4      2      2      1      3      3       2
    5          1      6     10      6      7      4      2       5
    6          8     29     33     29     27     11      6      20
    7          4     88     97     96     78      4      0      52
    8         12     98    121    135    117     23      5      73
    9         10     58     61     86     57     22     15      44
   10         19     33     50     41     42     23     21      33
   11         20     29     45     44     32     27     41      34
   12         35     46     39     40     28     36     44      38
   13         35     36     48     50     38     48     44      43
   14         37     36     68     56     44     42     45      47
   15         48     71    101     86     93     55     53      72
   16         37    126    153    132    117     52     41      94
   17         22    100    128    100     84     38     37      73
   18         29     62     96     65     52     45     15      52
   19         26     43     56     44     36     20     27      36
   20         21     41     45     36     30     16     20      30
   21          2     21     24     24     23     13     11      17
   22          6      4      9      4      5      8      5       6
   23          2      3      4      5      8     16      7       6
 
TOTALS
 
12HR 7-19    308    783   1007    931    782    415    361     655
16HR 6-22    365    917   1165   1064    898    475    425     758
18HR 6-24    373    924   1178   1073    911    499    437     771
24HR 0-24    384    938   1196   1088    931    521    453     787
 
 
 
 
*LOCATION   : ............................................................
*SITE NUMBER: 10701406
*FILE NUMBER:        2
*INTERVAL   :   15 MIN
*BATTERY    :    6.2 V
*RESTARTS   :        0
*CONFIG     :        0
*CHANNEL    :  1 OF  1
 
             MON    TUE    WED    THU    FRI    SAT    SUN    7-DAY
DATE    09/04/20     21     22     23     24     25     26   AVERAGE
 
START HOUR
 
    0          1      3      3      3      3      8      8       4
    1          1      4      2      3      0      3      4       2
    2          0      0      4      2      1      6      7       3
    3          0      1      0      2      1      7      8       3
    4          0      1      2      1      1      5      7       2
    5          9      9      7      8     11      6      3       8
    6         26     32     26     27     27     10      8      22
    7        105    117    119    101     99     13      6      80
    8        140    147    129    152    136     23     19     107
    9         79     82     91     89     79     33     19      67
   10         56     52     56     66     57     50     41      54
   11         46     57     44     48     58     69     67      56
   12         53     63     52     49     55     85     71      61
   13         46     47     56     72     78     88     77      66
   14         67     62     64     80     72     92     95      76
   15         88    105    102     96    145     80     75      99
   16        137    169    160    143    167     65     77     131
   17        130    122    135    156    113     75     68     114
   18         89     84    101     99     92     52     64      83
   19         74     60     61     73     74     44     56      63
   20         42     40     45     50     39     42     53      44
   21         37     25     36     27     35     17     17      28
   22         12      9     12     15     20     23     17      15
   23          4      8      6      9     10     10      7       8
 
TOTALS
 
12HR 7-19   1036   1107   1109   1151   1151    725    679     994
16HR 6-22   1215   1264   1277   1328   1326    838    813    1152
18HR 6-24   1231   1281   1295   1352   1356    871    837    1175
24HR 0-24   1242   1299   1313   1371   1373    906    874    1197
 
 
 
 
*LOCATION   : ............................................................
*SITE NUMBER: 10701406
*FILE NUMBER:        2
*INTERVAL   :   15 MIN
*BATTERY    :    6.2 V
*RESTARTS   :        0
*CONFIG     :        0
*CHANNEL    :  1 OF  1
 
             MON    TUE    WED    THU    FRI    SAT    SUN    7-DAY
DATE    09/04/27     28     29     30     01     02     03   AVERAGE
 
START HOUR
 
    0          0      2      5      9     17      7      4       6
    1          1      0      2      3      6      2      3       2
    2          0      6      3      1     12      6     10       5
    3          1      0      5      2     11      4      6       4
    4          0      4      0      1      3      0      0       1
    5          7      7      9      6      0      8      2       6
    6         35     38     42     39      8     15      8      26
    7        142    172    161     97      5     11      8      85
    8        198    221    192    150     14     17     15     115
    9        118    114    100     80     27     22     23      69
   10         68     68     72     60     52     33     38      56
   11         47     79     72     64     81     63     68      68
   12         67     69     84     68    103     78     89      80
   13         81     75     80     80     97     80     82      82
   14         86     99     97    118     72     75     89      91
   15        144    148    126    151     75     93     78     116
   16        231    220    204    128     74     69     72     143
   17        178    192    170     69     55     72     84     117
   18        139    127    126     54     56     52     67      89
   19        105     95     90     43     37     63     60      70
   20         68     86     66     36     28     43     41      53
   21         68     48     45     29     20     28     24      37
   22         11     28     20     16     10     14      7      15
   23          6     13     11     15     12     18      6      12
 
TOTALS
 
12HR 7-19   1499   1584   1484   1119    711    665    713    1111
16HR 6-22   1775   1851   1727   1266    804    814    846    1298
18HR 6-24   1792   1892   1758   1297    826    846    859    1324
24HR 0-24   1801   1911   1782   1319    875    873    884    1349
 
 
 
 
*LOCATION   : ............................................................
*SITE NUMBER: 10701406
*FILE NUMBER:        2
*INTERVAL   :   15 MIN
*BATTERY    :    6.2 V
*RESTARTS   :        0
*CONFIG     :        0
*CHANNEL    :  1 OF  1
 
             MON    TUE    WED    THU    FRI    SAT    SUN    7-DAY
DATE    09/05/04     05     06     07     08     09     10   AVERAGE
 
START HOUR
 
    0          4      -      -      -      -      -      -       -
    1          4      -      -      -      -      -      -       -
    2          0      -      -      -      -      -      -       -
    3          0      -      -      -      -      -      -       -
    4          1      -      -      -      -      -      -       -
    5          7      -      -      -      -      -      -       -
    6         45      -      -      -      -      -      -       -
    7        197      -      -      -      -      -      -       -
    8        248      -      -      -      -      -      -       -
    9        132      -      -      -      -      -      -       -
   10          -      -      -      -      -      -      -       -
   11          -      -      -      -      -      -      -       -
   12          -      -      -      -      -      -      -       -
   13          -      -      -      -      -      -      -       -
   14          -      -      -      -      -      -      -       -
   15          -      -      -      -      -      -      -       -
   16          -      -      -      -      -      -      -       -
   17          -      -      -      -      -      -      -       -
   18          -      -      -      -      -      -      -       -
   19          -      -      -      -      -      -      -       -
   20          -      -      -      -      -      -      -       -
   21          -      -      -      -      -      -      -       -
   22          -      -      -      -      -      -      -       -
   23          -      -      -      -      -      -      -       -
 
TOTALS
 
12HR 7-19      -      -      -      -      -      -      -       -
16HR 6-22      -      -      -      -      -      -      -       -
18HR 6-24      -      -      -      -      -      -      -       -
24HR 0-24      -      -      -      -      -      -      -       -
 
