 
 
 
*LOCATION   : ............................................................
*SITE NUMBER: 10801513
*FILE NUMBER:        1
*INTERVAL   :   15 MIN
*BATTERY    :    6.2 V
*RESTARTS   :        0
*CONFIG     :        0
*CHANNEL    :  1 OF  1
 
             MON    TUE    WED    THU    FRI    SAT    SUN    7-DAY
DATE    09/04/06     07     08     09     10     11     12   AVERAGE
 
START HOUR
 
    0          -      0      5      2      5      2      6       -
    1          -      3      3      1      3      7      7       -
    2          -      0      1      3      2      0      3       -
    3          -      0      1      0      1      0      6       -
    4          -      1      1      0      0      0      2       -
    5          -      5      5      7      0      0      0       -
    6          -     18      9     12      0      1      3       -
    7          -     44     45     37      4      6      3       -
    8          -     84     68     62      2      6      3       -
    9          -     41     42     36      8     15     13       -
   10          -     24     32     24     12      8     16       -
   11          -     23     32     23     29     32     19       -
   12          -     21     35     22     21     28     33       -
   13         21     32     38     41     53     55     39      40
   14         29     29     54     29     45     47     36      38
   15         41     40     51     40     36     45     27      40
   16         72     80     62     51     51     50     23      56
   17         66     75     75     34     30     38     18      48
   18         50     44     45     35     25     24     20      35
   19         34     48     32     17     19     18     19      27
   20         24     32     27     16     10     11      9      18
   21         12     15     12     14     12      5     15      12
   22          6     15     10      5      5      6      6       8
   23          4     10      5      5      3      5      2       5
 
TOTALS
 
12HR 7-19      -    537    579    434    316    354    250       -
16HR 6-22      -    650    659    493    357    389    296       -
18HR 6-24      -    675    674    503    365    400    304       -
24HR 0-24      -    684    690    516    376    409    328       -
 
 
 
 
*LOCATION   : ............................................................
*SITE NUMBER: 10801513
*FILE NUMBER:        1
*INTERVAL   :   15 MIN
*BATTERY    :    6.2 V
*RESTARTS   :        0
*CONFIG     :        0
*CHANNEL    :  1 OF  1
 
             MON    TUE    WED    THU    FRI    SAT    SUN    7-DAY
DATE    09/04/13     14     15     16     17     18     19   AVERAGE
 
START HOUR
 
    0          1      3      2      8      6      9      7       5
    1          2      1      0      1      3      2      9       3
    2          4      1      0      0      0      5      3       2
    3          0      1      1      1      3      3      3       2
    4          0      0      0      3      2      3      1       1
    5          0      7      6      5      4      0      3       4
    6          5     20     26     13     13      6      1      12
    7          3     58     76     55     55      9      5      37
    8          2     91    102    104     96     12      8      59
    9          5     53     73     66     50     17     10      39
   10         24     30     35     44     30     29     29      32
   11         25     37     38     40     25     29     36      33
   12         38     21     44     44     43     37     53      40
   13         60     25     54     46     42     51     59      48
   14         53     29     60     50     47     44     65      50
   15         44     50     80     73     58     54     55      59
   16         37     92    105     86     83     45     48      71
   17         33     88    112    101     66     42     41      69
   18         27     67    112     87     52     29     40      59
   19         24     69     65     46     33     16     23      39
   20         19     38     51     52     35     16     22      33
   21         12     26     22     40     27     11     23      23
   22          6     14     14     14      8      4     10      10
   23          2      9      9      7      8      2      6       6
 
TOTALS
 
12HR 7-19    351    641    891    796    647    398    449     596
16HR 6-22    411    794   1055    947    755    447    518     704
18HR 6-24    419    817   1078    968    771    453    534     720
24HR 0-24    426    830   1087    986    789    475    560     736
 
 
 
 
*LOCATION   : ............................................................
*SITE NUMBER: 10801513
*FILE NUMBER:        1
*INTERVAL   :   15 MIN
*BATTERY    :    6.2 V
*RESTARTS   :        0
*CONFIG     :        0
*CHANNEL    :  1 OF  1
 
             MON    TUE    WED    THU    FRI    SAT    SUN    7-DAY
DATE    09/04/20     21     22     23     24     25     26   AVERAGE
 
START HOUR
 
    0          3      0     10      5      8      9     15       7
    1          3      1      0      6      5      9      5       4
    2          1      1      1      1      0      3      3       1
    3          2      0      2      3      0      1      9       2
    4          1      3      2      2      1      2      2       2
    5          9     10      3      8     12      3      1       7
    6         21     28     31     30     30     11      2      22
    7         66     76     82     73     68     15     11      56
    8        123    117    139    126    143     17     10      96
    9         59     75     85     73     63     40     21      59
   10         35     44     58     56     51     46     48      48
   11         27     30     48     46     52     70     88      52
   12         38     44     54     51     59     93     84      60
   13         44     50     48     61     49     93    101      64
   14         50     67     57     45     82    113    115      76
   15         72     90     79     74    100    109    109      90
   16        124    114    115    128    154     76    100     116
   17        107    123    125    144    108     99    101     115
   18         72     68    101     95     74     66     88      81
   19         49     72     77     76     54     57     72      65
   20         40     54     53     62     36     35     53      48
   21         32     26     35     39     34     18     32      31
   22         12     10     26     25     11     13     15      16
   23          4      8      8     10     13     11      4       8
 
TOTALS
 
12HR 7-19    817    898    991    972   1003    837    876     913
16HR 6-22    959   1078   1187   1179   1157    958   1035    1079
18HR 6-24    975   1096   1221   1214   1181    982   1054    1103
24HR 0-24    994   1111   1239   1239   1207   1009   1089    1127
 
 
 
 
*LOCATION   : ............................................................
*SITE NUMBER: 10801513
*FILE NUMBER:        1
*INTERVAL   :   15 MIN
*BATTERY    :    6.2 V
*RESTARTS   :        0
*CONFIG     :        0
*CHANNEL    :  1 OF  1
 
             MON    TUE    WED    THU    FRI    SAT    SUN    7-DAY
DATE    09/04/27     28     29     30     01     02     03   AVERAGE
 
START HOUR
 
    0          2      1      6     12     20      6      8       8
    1          4      3      3      7      8     11      6       6
    2          0      0      1      2      6      7      3       3
    3          3      2      0      4      7      3      7       4
    4          1      4      5      1      5      3      2       3
    5         11     10     13      9      5      7      1       8
    6         44     50     50     33      7      5      8      28
    7        112    127    129     93     16      6     12      71
    8        176    193    161    131      8     14     10      99
    9         85    112    109     76     18     37     25      66
   10         48     73     52     42     47     51     67      54
   11         59     66     57     68     52     54    104      66
   12         58     62     73     82     51     96    128      79
   13         78     60     80     76     90    110    114      87
   14         88     85     81     96     71     98    102      89
   15        131    133     99    127     80    117    124     116
   16        199    155    179    124     67    114     96     133
   17        182    172    136     93     53    102     84     117
   18        148    132    129     62     51     96     93     102
   19         92     93    107     37     32     67     78      72
   20         79     80     77     33     31     40     53      56
   21         47     49     49     29     24     25     30      36
   22         14     19     33     13     17     12     12      17
   23         12     11     10     23     16     10     11      13
 
TOTALS
 
12HR 7-19   1364   1370   1285   1070    604    895    959    1078
16HR 6-22   1626   1642   1568   1202    698   1032   1128    1271
18HR 6-24   1652   1672   1611   1238    731   1054   1151    1301
24HR 0-24   1673   1692   1639   1273    782   1091   1178    1333
 
 
 
 
*LOCATION   : ............................................................
*SITE NUMBER: 10801513
*FILE NUMBER:        1
*INTERVAL   :   15 MIN
*BATTERY    :    6.2 V
*RESTARTS   :        0
*CONFIG     :        0
*CHANNEL    :  1 OF  1
 
             MON    TUE    WED    THU    FRI    SAT    SUN    7-DAY
DATE    09/05/04     05     06     07     08     09     10   AVERAGE
 
START HOUR
 
    0          4      -      -      -      -      -      -       -
    1          1      -      -      -      -      -      -       -
    2          0      -      -      -      -      -      -       -
    3          1      -      -      -      -      -      -       -
    4          2      -      -      -      -      -      -       -
    5         14      -      -      -      -      -      -       -
    6         46      -      -      -      -      -      -       -
    7        128      -      -      -      -      -      -       -
    8        192      -      -      -      -      -      -       -
    9        106      -      -      -      -      -      -       -
   10         55      -      -      -      -      -      -       -
   11          0      -      -      -      -      -      -       -
   12          0      -      -      -      -      -      -       -
   13          -      -      -      -      -      -      -       -
   14          -      -      -      -      -      -      -       -
   15          -      -      -      -      -      -      -       -
   16          -      -      -      -      -      -      -       -
   17          -      -      -      -      -      -      -       -
   18          -      -      -      -      -      -      -       -
   19          -      -      -      -      -      -      -       -
   20          -      -      -      -      -      -      -       -
   21          -      -      -      -      -      -      -       -
   22          