 
 
 
*LOCATION   : ............................................................
*SITE NUMBER: 11801419
*FILE NUMBER:        4
*INTERVAL   :   15 MIN
*BATTERY    :    6.4 V
*RESTARTS   :        0
*CONFIG     :        1
*CHANNEL    :  1 OF  1
 
             MON    TUE    WED    THU    FRI    SAT    SUN    7-DAY
DATE    09/03/30     31     01     02     03     04     05   AVERAGE
 
START HOUR
 
    0          -      0      3      1      1      1      1       -
    1          -      0      0      1      0      0      1       -
    2          -      0      0      1      0      1      0       -
    3          -      0      0      0      0      0      0       -
    4          -      0      0      0      0      2      0       -
    5          -      1      3      2      3      1      1       -
    6          -      7     15     17     13      1      5       -
    7          -     17     22     33     19      2      2       -
    8          -     10     15     11     13     15      2       -
    9          -      2      9     13     15     11     15       -
   10          5      6      9      6      7     10     19       9
   11          7      6     14     11     14     11     27      13
   12          5     18     16     12     29     13     26      17
   13          8     15     14     11     24      7     29      15
   14         10     11     15     16     21      6     32      16
   15          9     14     27     13     27      7     36      19
   16         22     30     30     25     33     12     28      26
   17          6     27     16     17     26      5     19      17
   18          5     12     11      9      9      5     26      11
   19         11     18     18      9     11      1     10      11
   20          7      6     11      8      6      6      6       7
   21          1      5      4      1      3      6      4       3
   22          2      1      3      4      2      3      2       2
   23          2      0      0      1      0      0      1       1
 
TOTALS
 
12HR 7-19      -    168    198    177    237    104    261       -
16HR 6-22      -    204    246    212    270    118    286       -
18HR 6-24      -    205    249    217    272    121    289       -
24HR 0-24      -    206    255    222    276    126    292       -

 
 











 
 
*LOCATION   : ............................................................
*SITE NUMBER: 11801419
*FILE NUMBER:        4
*INTERVAL   :   15 MIN
*BATTERY    :    6.4 V
*RESTARTS   :        0
*CONFIG     :        1
*CHANNEL    :  1 OF  1
 
             MON    TUE    WED    THU    FRI    SAT    SUN    7-DAY
DATE    09/04/06     07     08     09     10     11     12   AVERAGE
 
START HOUR
 
    0          0      1      0      1      0      1      0       0
    1          0      0      0      0      0      2      1       0
    2          0      0      5      1      0      0      0       1
    3          0      0      0      0      0      1      1       0
    4          2      0      0      0      0      0      0       0
    5          4      5      3      2      1      0      1       2
    6         14     19     23     14      5      3      0      11
    7         24     32     34     38      3      6     11      21
    8         18     19     27     18      8      8      7      15
    9         14     14     22     11     12     26     18      17
   10         23     13     13      6      4     30     30      17
   11         12      7     20     13     16     36     36      20
   12         18     14     17     10     48     43     57      30
   13         15     11     34     30     36     44     49      31
   14         15     14     21     26     37     46     43      29
   15         26     27     44     42     28     70     32      38
   16         35     35     31     30     34     39     31      34
   17         26     35     31     26     25     39     38      31
   18         23     25     29     12     34     35     30      27
   19         16     22     30     18     24     37     11      23
   20         20     10     25      7     10     16      9      14
   21          3      5      6      2     11      7      4       5
   22          2      3      5      2      4      4      2       3
   23          2      1      1      5      4      1      0       2
 
TOTALS
 
12HR 7-19    249    246    323    262    285    422    382     310
16HR 6-22    302    302    407    303    335    485    406     363
18HR 6-24    306    306    413    310    343    490    408     368
24HR 0-24    312    312    421    314    344    494    411     373











 
 
 
 
*LOCATION   : ............................................................
*SITE NUMBER: 11801419
*FILE NUMBER:        4
*INTERVAL   :   15 MIN
*BATTERY    :    6.4 V
*RESTARTS   :        0
*CONFIG     :        1
*CHANNEL    :  1 OF  1
 
             MON    TUE    WED    THU    FRI    SAT    SUN    7-DAY
DATE    09/04/13     14     15     16     17     18     19   AVERAGE
 
START HOUR
 
    0          3      0      0      0      0      1      4       1
    1          2      0      0      1      0      2      2       1
    2          1      0      0      1      0      0      0       0
    3          0      0      0      0      2      0      0       0
    4          0      1      0      0      0      0      0       0
    5          0      4      3      3      5      1      0       2
    6          7     32     25     20     17      3      5      16
    7          7     49     54     43     52      8      3      31
    8          7     24     49     37     25      6      9      22
    9         14     18     24     20     18     15     17      18
   10         35      7     15     24     10     21     42      22
   11         37     15     16     22     12     30     43      25
   12         39     26     27     24     26     29     47      31
   13         46     24     28     29     18     37     66      35
   14         49     16     35     27     25     32     44      33
   15         40     55     47     61     37     28     54      46
   16         29     47     61     60     34     19     47      42
   17         36     47     45     37     30     21     23      34
   18         26     29     47     29     32     36     40      34
   19         26     31     26     23     19     22     40      27
   20         15     18     18     29     22     14     17      19
   21          8     10     16      8     13      6      6      10
   22          0      5      2      5      6      6     10       5
   23          0      4      3      0      3      5      1       2
 
TOTALS
 
12HR 7-19    365    357    448    413    319    282    435     374
16HR 6-22    421    448    533    493    390    327    503     445
18HR 6-24    421    457    538    498    399    338    514     452
24HR 0-24    427    462    541    503    406    342    520     457

 
 
 
 
*LOCATION   : ............................................................
*SITE NUMBER: 11801419
*FILE NUMBER:        4
*INTERVAL   :   15 MIN
*BATTERY    :    6.4 V
*RESTARTS   :        0
*CONFIG     :        1
*CHANNEL    :  1 OF  1
 
             MON    TUE    WED    THU    FRI    SAT    SUN    7-DAY
DATE    09/04/20     21     22     23     24     25     26   AVERAGE
 
START HOUR
 
    0          0      1      2      0      0      0      5       1
    1          1      0      1      0      1      1      1       1
    2          2      1      0      1      0      0      0       1
    3          0      0      0      0      1      0      0       0
    4          0      0      2      2      3      1      0       1
    5          7      9      7      7      8      1      0       6
    6         34     34     34     40     34     11      3      27
    7         54     51     56     51     64      8     14      43
    8         38     33     38     37     31     25     27      33
    9         34     25     23     34     15     35     49      31
   10         20     22     27     24     33     53     68      35
   11         26     24     33     38     39     70     87      45
   12         27     33     34     39     43     65    131      53
   13         16     40     37     36     36     87     95      50
   14         32     38     43     47     57     75    111      58
   15         51     57     51     51     64     64     89      61
   16         59     62     56     56     78     75     57      63
   17         35     47     46     65     73     68     86      60
   18         31     43     44     43     43     48     90      49
   19         34     35     34     39     32     31     54      37
   20         15     18     18     39     20     47     31      27
   21          6     13     12     18     37     19     14      17
   22          6      2      7      6     12      8      8       7
   23          0      0      1      2     13      2      4       3
 
TOTALS
 
12HR 7-19    423    475    488    521    576    673    904     580
16HR 6-22    512    575    586    657    699    781   1006     688
18HR 6-24    518    577    594    665    724    791   1018     698
24HR 0-24    528    588    606    675    737    794   1024     707

 











 
 
 
*LOCATION   : ............................................................
*SITE NUMBER: 11801419
*FILE NUMBER:        4
*INTERVAL   :   15 MIN
*BATTERY    :    6.4 V
*RESTARTS   :        0
*CONFIG     :        1
*CHANNEL    :  1 OF  1
 
             MON    TUE    WED    THU    FRI    SAT    SUN    7-DAY
DATE    09/04/27     28     29     30     01     02     03   AVERAGE
 
START HOUR
 
    0          1      1      1      0      5      3      2       2
    1          2      0      0      0      2      3      1       1
    2          0      0      0      0      3      2      2       1
    3          0      0      2      0      1      1      1       1
    4          0      3      1      0      1      0      0       1
    5         16     15     15      5      1      0      0       7
    6         48     54     49     44     10      9      6      31
    7         71     77     68     72      8     18     10      46
    8         50     56     46     43     19     25     19      37
    9         37     46     30     21     36     40     47      37
   10         37     38     28     28     34     53     67      41
   11         41     39     24     37     59     80     89      53
   12         33     25     31     44     61     89     95      54
   13         46     37     34     55     83     88    104      64
   14         63     54     40     83     96     98     93      75
   15         76     74     73     94     89     78    106      84
   16        105    102     92     82     71     87     65      86
   17         86     89     57     41     60     78     77      70
   18         61     60     40     25     65     57     92      57
   19         62     55     51     37     58     40     54      51
   20         32     32     26     38     40     22     40      33
   21         15     24     20     10     19     16     18      17
   22          6      7      5      8      8      8      9       7
   23          6      5      3      5      8      2      1       4
 
TOTALS
 
12HR 7-19    706    697    563    625    681    791    864     704
16HR 6-22    863    862    709    754    808    878    982     837
18HR 6-24    875    874    717    767    824    888    992     848
24HR 0-24    894    893    736    772    837    897    998     861

 
 
 
 







*LOCATION   : ............................................................
*SITE NUMBER: 11801419
*FILE NUMBER:        4
*INTERVAL   :   15 MIN
*BATTERY    :    6.4 V
*RESTARTS   :        0
*CONFIG     :        1
*CHANNEL    :  1 OF  1
 
             MON    TUE    WED    THU    FRI    SAT    SUN    7-DAY
DATE    09/05/04     05     06     07     08     09     10   AVERAGE
 
START HOUR
 
    0          1      1      -      -      -      -      -       -
    1          1      0      -      -      -      -      -       -
    2          0      0      -      -      -      -      -       -
    3          0      0      -      -      -      -      -       -
    4          1      0      -      -      -      -      -       -
    5         10     11      -      -      -      -      -       -
    6         53     61      -      -      -      -      -       -
    7         88     82      -      -      -      -      -       -
    8         53     44      -      -      -      -      -       -
    9         38     25      -      -      -      -      -       -
   10         25     41      -      -      -      -      -       -
   11         23     44      -      -      -      -      -       -
   12         36     38      -      -      -      -      -       -
   13         42     45      -      -      -      -      -       -
   14         33      -      -      -      -      -      -       -
   15         81      -      -      -      -      -      -       -
   16         99      -      -      -      -      -      -       -
   17         85      -      -      -      -      -      -       -
   18         42      -      -      -      -      -      -       -
   19         32      -      -      -      -      -      -       -
   20         29      -      -      -      -      -      -       -
   21         15      -      -      -      -      -      -       -
   22          4      -      -      -      -      -      -       -
   23          4      -      -      -      -      -      -       -
 
TOTALS
 
12HR 7-19    645      -      -      -      -      -      -       -
16HR 6-22    774      -      -      -      -      -      -       -
18HR 6-24    782      -      -      -      -      -      -       -
24HR 0-24    795      -      -      -      -      -      -       -

 

