 
 
 
*LOCATION   : ............................................................
*SITE NUMBER: 11700609
*FILE NUMBER:        8
*INTERVAL   :   15 MIN
*BATTERY    :    6.7 V
*RESTARTS   :        0
*CONFIG     :       12
*CHANNEL    :  1 OF  2
 
             MON    TUE    WED    THU    FRI    SAT    SUN    7-DAY
DATE    09/02/02     03     04     05     06     07     08   AVERAGE
 
START HOUR
 
    0          -      9     10     14      8     28     14       -
    1          -      5      9      6      6      9     20       -
    2          -      1      3      3      2      5      4       -
    3          -      1      2      1      2      5      8       -
    4          -      4      3      4      1      5      2       -
    5          -     13     16      8      9      4      4       -
    6          -     43     45     47     44     18      6       -
    7          -     76    107    107     85     26     12       -
    8          -    170    180    153    216     37     16       -
    9          -    151    131    108    153     78     24       -
   10         93     89     98     94    118     69     22      83
   11         83    102     85    105    125     74     30      86
   12         82     98     99    119    129     81     42      93
   13         93    103     85     98     84     98     48      87
   14         78    107     91     94    103    108     48      90
   15         97    104    117    107    126    117     50     103
   16        115    135    132    121    150     83     60     114
   17        114    127     86    105    108     52     36      90
   18         74     86     83     73     91     45     42      71
   19         53     58     54     59     60     41     35      51
   20         43     46     47     42     38     29     23      38
   21         25     38     26     37     39     37     24      32
   22         19     29     15     21     39     22     16      23
   23         16     13     14     16     32     20     16      18
 
TOTALS
 
12HR 7-19      -   1348   1294   1284   1488    868    430       -
16HR 6-22      -   1533   1466   1469   1669    993    518       -
18HR 6-24      -   1575   1495   1506   1740   1035    550       -
24HR 0-24      -   1608   1538   1542   1768   1091    602       -
 
 
 
 
*LOCATION   : ............................................................
*SITE NUMBER: 11700609
*FILE NUMBER:        8
*INTERVAL   :   15 MIN
*BATTERY    :    6.7 V
*RESTARTS   :        0
*CONFIG     :       12
*CHANNEL    :  1 OF  2
 
             MON    TUE    WED    THU    FRI    SAT    SUN    7-DAY
DATE    09/02/09     10     11     12     13     14     15   AVERAGE
 
START HOUR
 
    0          7      9     10     15     10     11      9      10
    1          5      5      5      4      5      7      9       6
    2          2      0      1      2      0      1      5       2
    3          3      2      4      1      1      6      6       3
    4          1      0      4      4      1      2      4       2
    5          7     10     11      8      9      6      2       8
    6         46     36     53     45     38     14      5      34
    7        125     85    107     98     86     18     13      76
    8        213    198    212    193    136     27     14     142
    9        156    149    141    124     88     38     22     103
   10         96    119     86     87     76     43     21      75
   11        116    121    113     88     65     37     25      81
   12        105    122     87     81     76     43     31      78
   13        107    110    115     94     63     44     30      80
   14         95    116    128    109     72     38     39      85
   15        101     96    134    104     92     48     32      87
   16        109    169    140    117    107     40     39     103
   17         87    100    115    107     84     39     22      79
   18         82     72     79     73     67     32     26      62
   19         59     58     58     51     37     25     21      44
   20         43     52     50     36     42     23     25      39
   21         28     33     38     34     30     24     21      30
   22         22     20     21     23     18     15     17      19
   23         18     15     10     12     15     22     14      15
 
TOTALS
 
12HR 7-19   1392   1457   1457   1275   1012    447    314    1051
16HR 6-22   1568   1636   1656   1441   1159    533    386    1197
18HR 6-24   1608   1671   1687   1476   1192    570    417    1232
24HR 0-24   1633   1697   1722   1510   1218    603    452    1262
 
 
 
 
*LOCATION   : ............................................................
*SITE NUMBER: 11700609
*FILE NUMBER:        8
*INTERVAL   :   15 MIN
*BATTERY    :    6.7 V
*RESTARTS   :        0
*CONFIG     :       12
*CHANNEL    :  1 OF  2
 
             MON    TUE    WED    THU    FRI    SAT    SUN    7-DAY
DATE    09/02/16     17     18     19     20     21     22   AVERAGE
 
START HOUR
 
    0          6      9     10      7     10     15     18      11
    1          2      5      8      7      6     11      9       7
    2          3      1      1      1      0      8      9       3
    3          1      0      3      1      0      4      9       3
    4          2      6      2      1      4      6      9       4
    5         11     10     10     10     10      4      3       8
    6         36     39     44     37     36     18      7      31
    7         76     76     76     64     70     19     12      56
    8        101    120    112    105     83     29     16      81
    9         85     85     84     76     67     37     14      64
   10         72     70     72     51     92     47     21      61
   11         68     66     71     72     83     63     23      64
   12         69     69     66     50    106     44     43      64
   13         59     54     57     65     97     55     45      62
   14         64     66     63     64     74     42     45      60
   15         75     72     67     80    102     52     32      69
   16         81     84     91     78    107     40     33      73
   17         85     83     80     90     82     44     36      71
   18         65     62     61     66     68     30     37      56
   19         38     46     46     58     52     27     36      43
   20         35     36     31     36     40     24     20      32
   21         26     29     33     33     26     23     21      27
   22         20     19     23     18     23     20     12      19
   23         17     15     17     17     18     17     13      16
 
TOTALS
 
12HR 7-19    900    907    900    861   1031    502    357     780
16HR 6-22   1035   1057   1054   1025   1185    594    441     913
18HR 6-24   1072   1091   1094   1060   1226    631    466     949
24HR 0-24   1097   1122   1128   1087   1256    679    523     985
 
 
 
 
*LOCATION   : ............................................................
*SITE NUMBER: 11700609
*FILE NUMBER:        8
*INTERVAL   :   15 MIN
*BATTERY    :    6.7 V
*RESTARTS   :        0
*CONFIG     :       12
*CHANNEL    :  1 OF  2
 
             MON    TUE    WED    THU    FRI    SAT    SUN    7-DAY
DATE    09/02/23     24     25     26     27     28     01   AVERAGE
 
START HOUR
 
    0          8      9     11      8      -      -      -       -
    1          3      6      6      6      -      -      -       -
    2          2      1      0      1      -      -      -       -
    3          1      3      2      3      -      -      -       -
    4          1      4      1      2      -      -      -       -
    5         12     10     10     13      -      -      -       -
    6         49     41     43     47      -      -      -       -
    7        101    108    115      -      -      -      -       -
    8        183    181    178      -      -      -      -       -
    9        118    109    116      -      -      -      -       -
   10         92     87     79      -      -      -      -       -
   11         90     83     99      -      -      -      -       -
   12         88     93     98      -      -      -      -       -
   13         94     96     95      -      -      -      -       -
   14         84     98    101      -      -      -      -       -
   15         96     98    112      -      -      -      -       -
   16        112    114    126      -      -      -      -       -
   17        122    106    115      -      -      -      -       -
   18         71     87     89      -      -      -      -       -
   19         62     65     50      -      -      -      -       -
   20         56     61     37      -      -      -      -       -
   21         35     64     35      -      -      -      -       -
   22         19     57     18      -      -      -      -       -
   23         13     24     13      -      -      -      -       -
 
TOTALS
 
12HR 7-19   1251   1260   1323      -      -      -      -       -
16HR 6-22   1453   1491   1488      -      -      -      -       -
18HR 6-24   1485   1572   1519      -      -      -      -       -
24HR 0-24   1512   1605   1549      -      -      -      -       -
 
 
 
 
*LOCATION   : ............................................................
*SITE NUMBER: 11700609
*FILE NUMBER:        8
*INTERVAL   :   15 MIN
*BATTERY    :    6.7 V
*RESTARTS   :        0
*CONFIG     :       12
*CHANNEL    :  2 OF  2
 
             MON    TUE    WED    THU    FRI    SAT    SUN    7-DAY
DATE    09/02/02     03     04     05     06     07     08   AVERAGE
 
START HOUR
 
    0          -      2      1      1      0      1      0       -
    1          -      0      0      0      0      0      1       -
    2          -      0      0      0      0      0      2       -
    3          -      0      0      0      0      0      1       -
    4          -      0      0      0      0      0      0       -
    5          -      0      0      1      0      0      0       -
    6          -     10      5      6      8      0      1       -
    7          -     24     33     30     21      1      3       -
    8          -     34     31     30     29      0      0       -
    9          -     22     17     19     12      3      0       -
   10          7      8     17      7      6      9      1       8
   11          7      6      4      4      6      6      0       5
   12          6      6      8      5      5      2      2       5
   13          4      4     11      8      8      3      4       6
   14          9      9      7     16      7      3      5       8
   15         20     18     18     15     19      4      1      14
   16         28     36     41     32     23      4      3      24
   17         27     22     27     26     25      2      8      20
   18         17     22     18     15     17      2      3      13
   19         10     12     16     13      8      3      3       9
   20         10      6      7      7      5      4      2       6
   21          8      9      3      2      5      2      3       5
   22          3      5      4      6      4      0      2       3
   23          3      0      2      1      2      0      0       1
 
TOTALS
 
12HR 7-19      -    211    232    207    178     39     30       -
16HR 6-22      -    248    263    235    204     48     39       -
18HR 6-24      -    253    269    242    210     48     41       -
24HR 0-24      -    255    270    244    210     49     45       -
 
 
 
 
*LOCATION   : ............................................................
*SITE NUMBER: 11700609
*FILE NUMBER:        8
*INTERVAL   :   15 MIN
*BATTERY    :    6.7 V
*RESTARTS   :        0
*CONFIG     :       12
*CHANNEL    :  2 OF  2
 
             MON    TUE    WED    THU    FRI    SAT    SUN    7-DAY
DATE    09/02/09     10     11     12     13     14     15   AVERAGE
 
START HOUR
 
    0          0      0      0      1      1      1      0       0
    1          1      0      1      2      0      0      0       1
    2          0      0      0      0      0      1      0       0
    3          0      1      0      0      0      0      1       0
    4          0      0      0      0      0      0      2       0
    5          0      0      1      2      0      0      0       0
    6          3      4      6      7      5      1      0       4
    7         28     28     25     26     20      3      2      19
    8         26     27     29     27     15      1      0      18
    9         16     16     15     15     16      1      0      11
   10          4      2      9      4      7      7      2       5
   11          2      9      5      4      7      9      4       6
   12         10      4      1      7      5      4      8       6
   13          2      2     11      6      5      8      8       6
   14         11      8      8     14      6      3      8       8
   15         15     15     15     16     12     11     10      13
   16         24     29     24     15     15      4      4      16
   17         24     25     22     19     11      4      1      15
   18         14     18     18     17      9      4      3      12
   19          6     10      5     10      7      3      4       6
   20          6      8     12      4      3      4      5       6
   21          7     11      6      3      4      3      2       5
   22          2      2      2      3      2      2      0       2
   23          1      1      5      0      1      0      1       1
 
TOTALS
 
12HR 7-19    176    183    182    170    128     59     50     135
16HR 6-22    198    216    211    194    147     70     61     157
18HR 6-24    201    219    218    197    150     72     62     160
24HR 0-24    202    220    220    202    151     74     65     162
 
 
 
 
*LOCATION   : ............................................................
*SITE NUMBER: 11700609
*FILE NUMBER:        8
*INTERVAL   :   15 MIN
*BATTERY    :    6.7 V
*RESTARTS   :        0
*CONFIG     :       12
*CHANNEL    :  2 OF  2
 
             MON    TUE    WED    THU    FRI    SAT    SUN    7-DAY
DATE    09/02/16     17     18     19     20     21     22   AVERAGE
 
START HOUR
 
    0          0      0      0      0      1      0      0       0
    1          1      0      0      0      1      1      1       1
    2          0      0      0      0      2      1      0       0
    3          0      0      0      0      0      0      0       0
    4          0      0      0      0      1      1      0       0
    5          0      0      0      0      0      2      1       0
    6          5      6      3      5      4      1      3       4
    7         21     21     23     18     17      5      1      15
    8         29     18     11     12     16      1      0      12
    9         11     15     11     10     10      3      4       9
   10          4      3      4      5      8      3      5       5
   11          5      3      8      6      2      9      1       5
   12          4      5      9      8      8      8     10       7
   13          4      8      8      9      9      7      2       7
   14         11      3      7      7      8      6     10       7
   15         14     15     10     13     15      7      4      11
   16         26     22     16     20     14      6      9      16
   17         21     24     14     15     16      4      5      14
   18          8     15     12     10      8      4      5       9
   19          8      6      9     10      3      3      2       6
   20          6      8      6      4      3      3      1       4
   21          3      5      3      5      1      5      0       3
   22          3      4      1      4      3      0      3       3
   23          1      1      1      2      1      2      0       1
 
TOTALS
 
12HR 7-19    158    152    133    133    131     63     56     118
16HR 6-22    180    177    154    157    142     75     62     135
18HR 6-24    184    182    156    163    146     77     65     139
24HR 0-24    185    182    156    163    151     82     67     141
 
 
 
 
*LOCATION   : ............................................................
*SITE NUMBER: 11700609
*FILE NUMBER:        8
*INTERVAL   :   15 MIN
*BATTERY    :    6.7 V
*RESTARTS   :        0
*CONFIG     :       12
*CHANNEL    :  2 OF  2
 
             MON    TUE    WED    THU    FRI    SAT    SUN    7-DAY
DATE    09/02/23     24     25     26     27     28     01   AVERAGE
 
START HOUR
 
    0          0      0      1      1      -      -      -       -
    1          0      0      0      0      -      -      -       -
    2          0      0      1      0      -      -      -       -
    3          0      0      0      0      -      -      -       -
    4          1      0      0      0      -      -      -       -
    5          1      2      0      1      -      -      -       -
    6          2      7      6      8      -      -      -       -
    7         24     24     23      -      -      -      -       -
    8         28     24     30      -      -      -      -       -
    9         18      7     13      -      -      -      -       -
   10          5      7      7      -      -      -      -       -
   11          4      4      8      -      -      -      -       -
   12          5     11      9      -      -      -      -       -
   13          5      1     11      -      -      -      -       -
   14         11     10      8      -      -      -      -       -
   15         13     18     19      -      -      -      -       -
   16         28     27     26      -      -      -      -       -
   17         23      9     16      -      -      -      -       -
   18         15     17     15      -      -      -      -       -
   19          8     10     14      -      -      -      -       -
   20          8     10      9      -      -      -      -       -
   21          8      7      6      -      -      -      -       -
   22          3      5      1      -      -      -      -       -
   23          0      0      2      -      -      -      -       -
 
TOTALS
 
12HR 7-19    179    159    1