 
 
 
*LOCATION   : ............................................................
*SITE NUMBER: 11700520
*FILE NUMBER:        2
*INTERVAL   :   15 MIN
*BATTERY    :    6.1 V
*RESTARTS   :        0
*CONFIG     :        0
*CHANNEL    :  1 OF  1
 
             FRI    SAT    SUN    MON    TUE    WED    THU    7-DAY
DATE    04/01/30     31     01     02     03     04     05   AVERAGE
 
START HOUR
 
    0          -      1      0      0      0      0      0       -
    1          -      1      0      1      1      0      1       -
    2          -      0      0      0      0      0      1       -
    3          -      2      0      0      1      1      0       -
    4          -      1      0      2      2      1      3       -
    5          -      0      0      0      0      0      1       -
    6          -      0      1      6      9      3      5       -
    7          -      1      0     16     18     15     19       -
    8          -      2      2     20     25      9     15       -
    9          -      7     10      8     16      8     15       -
   10          -      8     13     11      7      7     10       -
   11          -      9      0      7      9      7      6       -
   12          -     12      4     13     14      3     15       -
   13          -      7     12     25     29     11     23       -
   14          -      0     13      6      0      2     12       -
   15          -      3      2     29     18     27     18       -
   16         27      5      8     20     19     25     43      21
   17         27     10      0      9     23     10     18      14
   18          6      2      3     11     10     11     18       9
   19          7      6      1     12      5      5     11       7
   20          6      3      0      7     11      8      7       6
   21          5      4      0      3      4      7      5       4
   22          2      3      1      1      2      3      1       2
   23          2      1      0      2      1      0      0       1
 
TOTALS
 
12HR 7-19      -     66     67    175    188    135    212       -
16HR 6-22      -     79     69    203    217    158    240       -
18HR 6-24      -     83     70    206    220    161    241       -
24HR 0-24      -     88     70    209    224    163    247       -
 
 
 
 
*LOCATION   : ............................................................
*SITE NUMBER: 11700520
*FILE NUMBER:        2
*INTERVAL   :   15 MIN
*BATTERY    :    6.1 V
*RESTARTS   :        0
*CONFIG     :        0
*CHANNEL    :  1 OF  1
 
             FRI    SAT    SUN    MON    TUE    WED    THU    7-DAY
DATE    04/02/06     07     08     09     10     11     12   AVERAGE
 
START HOUR
 
    0          1      3      0      0      0      0      0       1
    1          4      0      0      0      0      2      1       1
    2         18      0      0      0      1      0      0       3
    3         13      1      0      1      0      0      0       2
    4         10      1      1      1      1      1      1       2
    5          0      1      0      0      0      0      0       0
    6          6      2      1      5      7      6      6       5
    7         20      2      3     23     20     14     13      14
    8         19      3      1     31     20     20     21      16
    9         20      4      2     14     12     16     13      12
   10         10     10      2     15     10      6      9       9
   11         14     15      5     12      5      5     10       9
   12         15     13     10     13     19     12     22      15
   13         12     31      0     37      0      9      5      13
   14          5     12      0      0      0      0      0       2
   15          0     10      4      0      0      0      0       2
   16          1     16      1      0      0      0      0       3
   17         23     11      6     13     16      4      8      12
   18          9      1      5     16     21     13     21      12
   19         11      1      4     12      6     10      8       7
   20         11      5      5     11      8      6      7       8
   21          5      3      1      4      5      5      6       4
   22          1      2      2      1      2      3      1       2
   23          2      1      2      0      0      3      1       1
 
TOTALS
 
12HR 7-19    148    128     39    174    123     99    122     119
16HR 6-22    181    139     50    206    149    126    149     143
18HR 6-24    184    142     54    207    151    132    151     146
24HR 0-24    230    148     55    209    153    135    153     155
 
 
 
 
*LOCATION   : ............................................................
*SITE NUMBER: 11700520
*FILE NUMBER:        2
*INTERVAL   :   15 MIN
*BATTERY    :    6.1 V
*RESTARTS   :        0
*CONFIG     :        0
*CHANNEL    :  1 OF  1
 
             FRI    SAT    SUN    MON    TUE    WED    THU    7-DAY
DATE    04/02/13     14     15     16     17     18     19   AVERAGE
 
START HOUR
 
    0          0      0      2      1      1      1      1       1
    1          3      0      0      0      1      3      2       1
    2          0      0      0      0      0      0      0       0
    3          0      0      0      0      0      1      0       0
    4          1      2      1      2      3      1      2       2
    5          0      1      0      0      1      0      0       0
    6          7      0      2      8      5      6      8       5
    7         22      2      6     17     23     13     14      14
    8         21      5      2     30     22     13     23      17
    9         19      2      4     15     20     14     23      14
   10         20     13      3      8      9     12      4      10
   11         11     11      8     31      9     10      9      13
   12         17     13      9    763     27     15      4     121
   13         30     31     34    210     31      9      0      49
   14         18     21     10      0      4      2      0       8
   15         53     24     15      0     32      0      0      18
   16       1579     14     18      0     16      0      0     232
   17         22      9      9      7     12      4      8      10
   18         12      4      6     23     17     12     16      13
   19         14      7      5     14     13      7     12      10
   20          4      3      8     14      7     10      8       8
   21          4      2      3      8      5      6      4       5
   22          3      1      1      4      2      5      2       3
   23          0      1      0      2      1      1      0       1
 
TOTALS
 
12HR 7-19   1824    149    124   1104    222    104    101     518
16HR 6-22   1853    161    142   1148    252    133    133     546
18HR 6-24   1856    163    143   1154    255    139    135     549
24HR 0-24   1860    166    146   1157    261    145    140     554
 
 
 
 
*LOCATION   : ............................................................
*SITE NUMBER: 11700520
*FILE NUMBER:        2
*INTERVAL   :   15 MIN
*BATTERY    :    6.1 V
*RESTARTS   :        0
*CONFIG     :        0
*CHANNEL    :  1 OF  1
 
             FRI    SAT    SUN    MON    TUE    WED    THU    7-DAY
DATE    04/02/20     21     22     23     24     25     26   AVERAGE
 
START HOUR
 
    0          0      1      0      1      2      2      3       1
    1          0      0      1      0      0      0      0       0
    2          1      1      2      0      1      0      0       1
    3          0      0      0      1      0      0      1       0
    4          1      0      1      1      1      2      1       1
    5          0      1      1      0      1      0      0       0
    6          9      1      0      9     12      9     10       7
    7         19      0      0     29     18     17     21      15
    8         19      7      0     30     21     31     24      19
    9         18      4      2     20     14     12     17      12
   10          6      9      6     13     15     12     10      10
   11         13     11     11     21     15     15     13      14
   12         28      6     46     57     66    327     16      78
   13         26     51      1      0     10   1756     29     268
   14         24     35      0      0    242      0     25      47
   15         61     36      0      0      0      0     68      24
   16         80     32      0      5      0      0     60      25
   17         36     29      2      5      3      0     50      18
   18         16      4      4     21     15     18     18      14
   19         10      8      3      6     12     10      9       8
   20          7      5      6     14      8      9      8       8
   21          3      1      3      5     12     19      6       7
   22          4      3      3      5      3      3      3       3
   23          4      3      3      2      0      2      1       2
 
TOTALS
 
12HR 7-19    346    224     72    201    419   2188    351     543
16HR 6-22    375    239     84    235    463   2235    384     574
18HR 6-24    383    245     90    242    466   2240    388     579
24HR 0-24    385    248     95    245    471   2244    393     583
 
 
 
 
*LOCATION   : ............................................................
*SITE NUMBER: 11700520
*FILE NUMBER:        2
*INTERVAL   :   15 MIN
*BATTERY    :    6.1 V
*RESTARTS   :        0
*CONFIG     :        0
*CHANNEL    :  1 OF  1
 
             FRI    SAT    SUN    MON    TUE    WED    THU    7-DAY
DATE    04/02/27     28     29     01     02     03     04   AVERAGE
 
START HOUR
 
    0          1      1      1      0      -      -      -       -
    1          1      1      2      0      -      -      -       -
    2          1      2      2      1      -      -      -       -
    3          0      0      0      1      -      -      -       -
    4          4      0      1      0      -      -      -       -
    5          1      2      2      2      -      -      -       -
    6          7      1      1      7      -      -      -       -
    7         15      2      0     24      -      -      -       -
    8         21      3      3      -      -      -      -       -
    9         15      4      2      -      -      -      -       -
   10          8     10      3      -      -      -      -       -
   11          6     11     11      -      -      -      -       -
   12          6     11      9      -      -      -      -       -
   13         27     27     25      -      -      -      -       -
   14         17      7      5      -      -      -      -       -
   15         34     18     13      -      -      -      -       -
   16         28     19      6      -      -      -      -       -
   17         22      2      0      -      -      -      -       -
   18         16      7      5      -      -      -      -       -
   19          8      4      2      -      -      -      -       -
   20          9      3      3      -      -      -      -       -
   21          6      2      4      -      -      -      -       -
   22          