 
 
 
*LOCATION   : ............................................................
*SITE NUMBER: 10704906
*FILE NUMBER:        2
*INTERVAL   :   15 MIN
*BATTERY    :    6.1 V
*RESTARTS   :        0
*CONFIG     :        0
*CHANNEL    :  1 OF  1
 
             MON    TUE    WED    THU    FRI    SAT    SUN    7-DAY
DATE    06/12/04     05     06     07     08     09     10   AVERAGE
 
START HOUR
 
    0          -      2      2      1      2      1      2       -
    1          -      1      4      2      0      2      3       -
    2          -      1      4      1      1      4      4       -
    3          -      1      0      2      0      6      3       -
    4          -      1      0      1      1      0      2       -
    5          -      3      1      3      3      3      0       -
    6          -     15      6     21     16      8      2       -
    7          -     48      4     39     35      2      5       -
    8          -     64      3     71     54     10      2       -
    9          -     50     11     48     35     13     14       -
   10          -     34     15     22     13     13     10       -
   11          -     24     19     14     22     18     27       -
   12          8     22     21     29     11     24     25      20
   13         17     24     33     37     13     29     28      26
   14         31     40     24     38     25     30     33      32
   15         32     42     25     51     51     31     36      38
   16         49     51     11     47     38     21     23      34
   17         32     51      9     64     28     13      9      29
   18         26     38     16     38     27     17     17      26
   19         13     16      9     22     21      6     10      14
   20         23     15      6     15     24      9     12      15
   21         15      9      5     14      8      1      7       8
   22          7      6      4      5      3     10      6       6
   23          2      2      2      4      6      7      2       4
 
TOTALS
 
12HR 7-19      -    488    191    498    352    221    229       -
16HR 6-22      -    543    217    570    421    245    260       -
18HR 6-24      -    551    223    579    430    262    268       -
24HR 0-24      -    560    234    589    437    278    282       -
 
 
 
 
*LOCATION   : ............................................................
*SITE NUMBER: 10704906
*FILE NUMBER:        2
*INTERVAL   :   15 MIN
*BATTERY    :    6.1 V
*RESTARTS   :        0
*CONFIG     :        0
*CHANNEL    :  1 OF  1
 
             MON    TUE    WED    THU    FRI    SAT    SUN    7-DAY
DATE    06/12/11     12     13     14     15     16     17   AVERAGE
 
START HOUR
 
    0          2      4      3      3      2      4      3       3
    1          1      0      1      0      1      2      2       1
    2          1      1      0      0      2      2      3       1
    3          0      1      0      1      1      4      6       2
    4          0      1      3      0      2      4      2       2
    5          3      3      4      2      8      1      1       3
    6         17     14     23     20     14      3      1      13
    7         45     38     48     38     45      2      3      31
    8         72     67     60     53     50      6      3      44
    9         49     50     38     47     39     11      5      34
   10         28     33     28     31     35     20     18      28
   11         24     21     26     31     22     25     23      25
   12         27     27     27     22     34     22     25      26
   13         22     33     22     25     40     25     16      26
   14         30     25     20     24     43     24     31      28
   15         47     44     46     38     53     29     23      40
   16         62     49     55     49     54     17     17      43
   17         71     48     41     38     42     17     12      38
   18         42     43     22     26     25     21      8      27
   19         22     28     25     17     15      9      8      18
   20         21     16     14     20     13     12      6      15
   21          6     13      8     11     10      8      4       9
   22          1      5      7      4      4      3      6       4
   23          4      3      5      2      5      2      1       3
 
TOTALS
 
12HR 7-19    519    478    433    422    482    219    184     391
16HR 6-22    585    549    503    490    534    251    203     445
18HR 6-24    590    557    515    496    543    256    210     452
24HR 0-24    597    567    526    502    559    273    227     464
 
 
 
 
*LOCATION   : ............................................................
*SITE NUMBER: 10704906
*FILE NUMBER:        2
*INTERVAL   :   15 MIN
*BATTERY    :    6.1 V
*RESTARTS   :        0
*CONFIG     :        0
*CHANNEL    :  1 OF  1
 
             MON    TUE    WED    THU    FRI    SAT    SUN    7-DAY
DATE    06/12/18     19     20     21     22     23     24   AVERAGE
 
START HOUR
 
    0          0      3      1      1      0      0      0       1
    1          2      1      1      1      2      2      1       1
    2          0      2      0      0      0      0      1       0
    3          0      1      0      1      0      3      0       1
    4          1      0      7      0      0      0      0       1
    5          2      5      3      3      4      1      0       3
    6         21     17     12     13     10      4      0      11
    7         43     26     17     28     16      1      0      19
    8         52     42     49     34     24      2      2      29
    9         40     25     23     22     21      8      6      21
   10         21     10     14     26     19     10      7      15
   11         11     15     14     24     18      8      5      14
   12         25     20      7     29     23     11      5      17
   13         27     16     15     30     18     13     13      19
   14         35     22     21     23     31     14      7      22
   15         42     35     29     43     33      8      3      28
   16         55     32     47     39     30      7      0      30
   17         60     34     25     35     16      7      4      26
   18         25     22     19     12     11     14      2      15
   19         21     16      9     12      8      4      1      10
   20         14      9     11     10      5      2      0       7
   21         13      9      9      7      6      1      3       7
   22          6      6      5      2      5      3      3       4
   23          1      3      5      2      6      2      0       3
 
TOTALS
 
12HR 7-19    436    299    280    345    260    103     54     254
16HR 6-22    505    350    321    387    289    114     58     289
18HR 6-24    512    359    331    391    300    119     61     296
24HR 0-24    517    371    343    397    306    125     63     303
 
 
 
 
*LOCATION   : ............................................................
*SITE NUMBER: 10704906
*FILE NUMBER:        2
*INTERVAL   :   15 MIN
*BATTERY    :    6.1 V
*RESTARTS   :        0
*CONFIG     :        0
*CHANNEL    :  1 OF  1
 
             MON    TUE    WED    THU    FRI    SAT    SUN    7-DAY
DATE    06/12/25     26     27     28     29     30     31   AVERAGE
 
START HOUR
 
    0          1      0      1      1      0      1      1       1
    1          1      2      2      1      3      0      0       1
    2          0      1      0      0      0      2      2       1
    3          0      1      0      2      0      0      1       1
    4          0      0      1      1      1      1      0       1
    5          0      0      2      3      3      0      0       1
    6          1      2      8      9      7      3      7       5
    7          0      4     12     16     12      1      0       6
    8          2      2     28     25     25      4      4      13
    9          4      3     15     15     20      7      7      10
   10          5      7     20     12     11      6      7      10
   11          9      9     13     15     13      3     10      10
   12          9     15     12     14     16     20      9      14
   13         11     16     20     12     16     30     16      17
   14          8     16     18     15     20     17      9      15
   15          3     14     17     23     17      9      7      13
   16          2      8     40     32     28     12      6      18
   17          5     11     29     18     16     16      5      14
   18          2     10     10     21     13      9      3      10
   19          2      6      6      5      7      6      7       6
   20          5     11      6     11      3      4      5       6
   21          1      3      9      7      0      7      3       4
   22          4      3      9      5      6      4      5       5
   23          1      2      2      0      3      2      8       3
 
TOTALS
 
12HR 7-19     60    115    234    218    207    134     83     150
16HR 6-22     69    137    263    250    224    154    105     172
18HR 6-24     74    142    274    255    233    160    118     179
24HR 0-24     76    146    280    263    240    164    122     184
 
 
 
 
*LOCATION   : ............................................................
*SITE NUMBER: 10704906
*FILE NUMBER:        2
*INTERVAL   :   15 MIN
*BATTERY    :    6.1 V
*RESTARTS   :        0
*CONFIG     :        0
*CHANNEL    :  1 OF  1
 
             MON    TUE    WED    THU    FRI    SAT    SUN    7-DAY
DATE    07/01/01     02     03     04     05     06     07   AVERAGE
 
START HOUR
 
    0          3      2      -      -      -      -      -       -
    1          1      0      -      -      -      -      -       -
    2          2      1      -      -      -      -      -       -
    3          1      2      -      -      -      -      -       -
    4          5      1      -      -      -      -      -       -
    5          0      4      -      -      -      -      -       -
    6          5      9      -      -      -      -      -       -
    7          3     29      -      -      -      -      -       -
    8          3     47      -      -      -      -      -       -
    9          1     30      -      -      -      -      -       -
   10          4      -      -      -      -      -      -       -
   11          7      -      -      -      -      -      -       -
   12          9      -      -      -      -      -      -       -
   13         15      -      -      -      -      -      -       -
   14         23      -      -      -      -      -      -       -
   15          9      -      -      -      -      -      -       -
   16          5      -      -      -      -      -      -       -
   17          3      -      -      -      -      -      -       -
   18          8      -      -      -      -      -      -       -
   19          5      -      -      -      -      -      -       -
   20          6      -      -      -      -      -      -       -
   21          0      -      -      -      -      -      -       -
   22          2      -      -      -      -      -      -       -
   23          1      -      -      -      -      -      -       -
 
TOTALS
 
12HR 7-19     90      -      -      -      -      -      -       -
16HR 6-22    106      -      -      -      -      -      -       -
18HR 6-24    109      -      -      -      -      -      -       -
24HR 0-24    121      -      -      -      -      -      -       -
 
