 
 
 
*LOCATION   : ............................................................
*SITE NUMBER: 11504928
*FILE NUMBER:        1
*INTERVAL   :   15 MIN
*BATTERY    :    6.4 V
*RESTARTS   :        0
*CONFIG     :        0
*CHANNEL    :  1 OF  1
 
             MON    TUE    WED    THU    FRI    SAT    SUN    7-DAY
DATE    06/12/04     05     06     07     08     09     10   AVERAGE
 
START HOUR
 
    0          -      1      1      6      4      4      7       -
    1          -      1      9      1      3      4      4       -
    2          -      3      3      0      1      8      1       -
    3          -      0      2      2      1      1      1       -
    4          -      3      0      1      3      3      0       -
    5          -      6      0      3      3      0      2       -
    6          -     17      2     17     18      5      1       -
    7          -     25      3     28     24      3      4       -
    8          -     43      4     50     36     10      8       -
    9          -     32      3     30     33     17      3       -
   10          -     32     18     29     29     22     13       -
   11          -     40     18     32     28     25     25       -
   12         18     38     26     34     29     34     21      29
   13         23     31     19     46     28     38     33      31
   14         31     27     18     36     23     44     34      30
   15         42     44     23     50     46     28     35      38
   16         38     54     21     61     42     15     24      36
   17         30     33     15     51     37     16     25      30
   18         16     27     12     34     24     14     18      21
   19         11     15     13     31     13      9     13      15
   20         17      8     19     21     17      6     11      14
   21          7      5      5     12     10     11     11       9
   22          6      4     10     10      9      3      5       7
   23          6      3      5      5      6      6      3       5
 
TOTALS
 
12HR 7-19      -    426    180    481    379    266    243       -
16HR 6-22      -    471    219    562    437    297    279       -
18HR 6-24      -    478    234    577    452    306    287       -
24HR 0-24      -    492    249    590    467    326    302       -
 
 
 
 
*LOCATION   : ............................................................
*SITE NUMBER: 11504928
*FILE NUMBER:        1
*INTERVAL   :   15 MIN
*BATTERY    :    6.4 V
*RESTARTS   :        0
*CONFIG     :        0
*CHANNEL    :  1 OF  1
 
             MON    TUE    WED    THU    FRI    SAT    SUN    7-DAY
DATE    06/12/11     12     13     14     15     16     17   AVERAGE
 
START HOUR
 
    0          5      1      2      0      4      9      5       4
    1          2      2      3      2      5      8      9       4
    2          2      0      0      3      0      5      1       2
    3          0      0      0      0      0      2      5       1
    4          1      1      1      0      2      1      5       2
    5          4      4      6      4      2      3      1       3
    6         20     16     14     20     10      3      1      12
    7         29     35     26     23     22      2      1      20
    8         50     47     53     48     33     15      5      36
    9         46     36     30     34     49     16      5      31
   10         38     35     35     30     37     20      9      29
   11         32     35     31     40     54     31     17      34
   12         33     34     32     29     41     37     23      33
   13         37     46     28     22     46     31     23      33
   14         51     49     24     28     41     23     21      34
   15         60     45     33     41     52     27     22      40
   16         55     55     55     43     44     21     13      41
   17         62     49     49     36     38     10     13      37
   18         28     26     27     34     24      8      7      22
   19         22     20     19     20     20      3      6      16
   20         23     16     11     16     15      7     11      14
   21         14     14     13     16     12     10     12      13
   22          5      9      8      9      9      5      5       7
   23          5      6      6      5      7      4      2       5
 
TOTALS
 
12HR 7-19    521    492    423    408    481    241    159     389
16HR 6-22    600    558    480    480    538    264    189     444
18HR 6-24    610    573    494    494    554    273    196     456
24HR 0-24    624    581    506    503    567    301    222     472
 
 
 
 
*LOCATION   : ............................................................
*SITE NUMBER: 11504928
*FILE NUMBER:        1
*INTERVAL   :   15 MIN
*BATTERY    :    6.4 V
*RESTARTS   :        0
*CONFIG     :        0
*CHANNEL    :  1 OF  1
 
             MON    TUE    WED    THU    FRI    SAT    SUN    7-DAY
DATE    06/12/18     19     20     21     22     23     24   AVERAGE
 
START HOUR
 
    0          3      5      2      3      1      5      1       3
    1          1      4      3      5      5      1      2       3
    2          2      2      1      0      0      3      0       1
    3          0      0      2      0      2      3      0       1
    4          1      4      1      1      1      2      0       1
    5          7      5      4      5      3      1      1       4
    6         21     13     14     15      7      4      1      11
    7         25     17     17     23     14      2      1      14
    8         41     36     28     34     29      6      2      25
    9         42     33     37     32     18      7      2      24
   10         30     27     27     24     33     10      8      23
   11         31     26     27     33     31     10      4      23
   12         31     23     24     24     33     25      3      23
   13         30     22     26     40     27     30      9      26
   14         46     21     28     28     27     18      9      25
   15         50     35     41     36     42     21      4      33
   16         53     41     34     54     25     14      2      32
   17         43     23     31     31     17     11      4      23
   18         36     27     20     23     12      9      1      18
   19         21      7     14     14      8      3      4      10
   20         11      8      9     12     17      4      2       9
   21         13      6      8      9      8      2      3       7
   22          9      1      2      1      6      2      3       3
   23          7      3      6      7      2      1      2       4
 
TOTALS
 
12HR 7-19    458    331    340    382    308    163     49     290
16HR 6-22    524    365    385    432    348    176     59     327
18HR 6-24    540    369    393    440    356    179     64     334
24HR 0-24    554    389    406    454    368    194     68     348
 
 
 
 
*LOCATION   : ............................................................
*SITE NUMBER: 11504928
*FILE NUMBER:        1
*INTERVAL   :   15 MIN
*BATTERY    :    6.4 V
*RESTARTS   :        0
*CONFIG     :        0
*CHANNEL    :  1 OF  1
 
             MON    TUE    WED    THU    FRI    SAT    SUN    7-DAY
DATE    06/12/25     26     27     28     29     30     31   AVERAGE
 
START HOUR
 
    0          2      1      2      2      0      5      2       2
    1          1      0      3      2      2      6      1       2
    2          0      1      1      0      0      2      0       1
    3          0      3      0      1      0      0      1       1
    4          0      0      2      0      1      1      0       1
    5          0      1      4      4      3      1      1       2
    6          2      3      9     10      8      3      0       5
    7          1      1     17     17     16      2      1       8
    8          1      0     20     23     12      1      2       8
    9          2      6     14     20     22      6      2      10
   10          0     10     22     19     16     11      8      12
   11          7      9     14     15     21     11      7      12
   12          4      2     23     22     14     18     19      15
   13          7     12     15     27     22     15     16      16
   14          9     11     18     22     21     13     12      15
   15          8      5     28     40     19     17      8      18
   16          7      8     30     33     28      7     11      18
   17          2      5     16     17     23      6      4      10
   18          1      4     10     21     12      6      3       8
   19          3      5      5     10      9      2      3       5
   20          2      5     16     10      4      7      2       7
   21          2      5      6      7      8      5      6       6
   22          2      3      1      4      5      1      8       3
   23          2      3      4      4      1      2      5       3
 
TOTALS
 
12HR 7-19     49     73    227    276    226    113     93     151
16HR 6-22     58     91    263    313    255    130    104     173
18HR 6-24     62     97    268    321    261    133    117     180
24HR 0-24     65    103    280    330    267    148    122     188
 
 
 
 
*LOCATION   : ............................................................
*SITE NUMBER: 11504928
*FILE NUMBER:        1
*INTERVAL   :   15 MIN
*BATTERY    :    6.4 V
*RESTARTS   :        0
*CONFIG     :        0
*CHANNEL    :  1 OF  1
 
             MON    TUE    WED    THU    FRI    SAT    SUN    7-DAY
DATE    07/01/01     02     03     04     05     06     07   AVERAGE
 
START HOUR
 
    0          6      0      -      -      -      -      -       -
    1          3      2      -      -      -      -      -       -
    2          4      0      -      -      -      -      -       -
    3          1      0      -      -      -      -      -       -
    4          3      1      -      -      -      -      -       -
    5          1      5      -      -      -      -      -       -
    6          1     12      -      -      -      -      -       -
    7          5     21      -      -      -      -      -       -
    8          3     26      -      -      -      -      -       -
    9          3     25      -      -      -      -      -       -
   10          5      -      -      -      -      -      -       -
   11          8      -      -      -      -      -      -       -
   12          6      -      -      -      -      -      -       -
   13          8      -      -      -      -      -      -       -
   14          6      -      -      -      -      -      -       -
   15          6      -      -      -      -      -      -       -
   16          2      -      -      -      -      -      -       -
   17          0      -      -      -      -      -      -       -
   18          5      -      -      -      -      -      -       -
   19          4      -      -      -      -      -      -       -
   20          2      -      -      -      -      -      -       -
   21          9      -      -      -      -      -      -       -
   22          