 
 
 
*LOCATION   : ............................................................
*SITE NUMBER: 11603611
*FILE NUMBER:       13
*INTERVAL   :   15 MIN
*BATTERY    :    6.1 V
*RESTARTS   :        0
*CONFIG     :        0
*CHANNEL    :  1 OF  1
 
             WED    THU    FRI    SAT    SUN    MON    TUE    7-DAY
DATE    06/09/06     07     08     09     10     11     12   AVERAGE
 
START HOUR
 
    0          -      2      4      1      2      1      2       -
    1          -      2      1      4      2      1      3       -
    2          -      1      3      6      9      4      1       -
    3          -      1      0      2      2      2      2       -
    4          -      2      2      0      1      1      1       -
    5          -     20     15      0      2     15     11       -
    6          -     44     32      4      6     42     41       -
    7          -     83     75      6     10     90     99       -
    8          -     77     59     26      6    100     75       -
    9          -     65     56     33     27     72     70       -
   10          -     63     65     55     77     58     60       -
   11          -     55     68     56    130     73     66       -
   12          -     79     81     73    171     59     72       -
   13          -     53     76     91    137     80     76       -
   14          -     84     73     82    113     96    103       -
   15         89    110     90     64     78    128    126      98
   16        143    100    105     83     39    152    157     111
   17        103    100     66     74     49    131    121      92
   18         96     70     50     42     38    125    121      77
   19         78     49     55     18     31     86     94      59
   20         67     30     35     12     28     56     56      41
   21         23     18     17     15     15     20     24      19
   22         13      9      7      4      3     13      8       8
   23          4      0      4      1      4      2      6       3
 
TOTALS
 
12HR 7-19      -    939    864    685    875   1164   1146       -
16HR 6-22      -   1080   1003    734    955   1368   1361       -
18HR 6-24      -   1089   1014    739    962   1383   1375       -
24HR 0-24      -   1117   1039    752    980   1407   1395       -
 
 
 
 
*LOCATION   : ............................................................
*SITE NUMBER: 11603611
*FILE NUMBER:       13
*INTERVAL   :   15 MIN
*BATTERY    :    6.1 V
*RESTARTS   :        0
*CONFIG     :        0
*CHANNEL    :  1 OF  1
 
             WED    THU    FRI    SAT    SUN    MON    TUE    7-DAY
DATE    06/09/13     14     15     16     17     18     19   AVERAGE
 
START HOUR
 
    0          3      0      3      3      4      0      1       2
    1          2      2      0      1      2      2      1       1
    2          2      1      3      1      3      2      2       2
    3          1      1      1      0      1      2      1       1
    4          2      1      1      0      0      2      2       1
    5         19     15     16      6      2     15     13      12
    6         45     42     39      7      8     42     47      33
    7        103     95     81     13      9     80     80      66
    8        108     98     80     20      6    105     91      73
    9         71     64     52     49     18     71     58      55
   10         59     68     64     83     22     64     53      59
   11         68     75     74     96     38     51     39      63
   12         67     55     97    102     36     61     51      67
   13         75     73    113     97     45     61     81      78
   14         95     97     99     82     47     82     87      84
   15        143    105    114     87     57    131    121     108
   16        177    133    126    100     48    128    145     122
   17        125    125     94     82     47    122     99      99
   18        115     91     88     36     58    118     93      86
   19         84     70     79     20     28     67     55      58
   20         57     43     38     15     33     54     59      43
   21         37     22     16     18     14     19     14      20
   22          5      7      9      5      4      6     12       7
   23          4      3      7      3      3      3      0       3
 
TOTALS
 
12HR 7-19   1206   1079   1082    847    431   1074    998     960
16HR 6-22   1429   1256   1254    907    514   1256   1173    1113
18HR 6-24   1438   1266   1270    915    521   1265   1185    1123
24HR 0-24   1467   1286   1294    926    533   1288   1205    1143
 
 
 
 
*LOCATION   : ............................................................
*SITE NUMBER: 11603611
*FILE NUMBER:       13
*INTERVAL   :   15 MIN
*BATTERY    :    6.1 V
*RESTARTS   :        0
*CONFIG     :        0
*CHANNEL    :  1 OF  1
 
             WED    THU    FRI    SAT    SUN    MON    TUE    7-DAY
DATE    06/09/20     21     22     23     24     25     26   AVERAGE
 
START HOUR
 
    0          2      1      3      1      3      5      1       2
    1          0      2      2      5      1      2      0       2
    2          3      4      2      2      2      2      2       2
    3          1      0      2      1      2      0      0       1
    4          4      0      0      1      2      1      4       2
    5         12     19     19      4      1     21     15      13
    6         35     38     36      8      2     40     36      28
    7         52     85     65     11      7     74     72      52
    8         71    101     81     18      6    111     85      68
    9         45     63     62     60     13     54     70      52
   10         33     53     56     68     30     46     60      49
   11         50     50     48     89     36     67     59      57
   12         44     60     73    108     62     48     73      67
   13         58     82     85    116     65     63     61      76
   14         75     82     99     86     62     68     73      78
   15         88    123    105     86     52    116    111      97
   16         95    138    125     85     31    145    142     109
   17         93    108     90     94     43     79     99      87
   18         72     71     91     43     36    103     86      72
   19         59     74     62     17     47     64     61      55
   20         61     44     32     11     19     46     53      38
   21         36     15     18     11     11     20     14      18
   22          8      8      1      6      4      5      5       5
   23          3      6      3      4      7      2      0       4
 
TOTALS
 
12HR 7-19    776   1016    980    864    443    974    991     863
16HR 6-22    967   1187   1128    911    522   1144   1155    1002
18HR 6-24    978   1201   1132    921    533   1151   1160    1011
24HR 0-24   1000   1227   1160    935    544   1182   1182    1033
 
 
 
 
*LOCATION   : ............................................................
*SITE NUMBER: 11603611
*FILE NUMBER:       13
*INTERVAL   :   15 MIN
*BATTERY    :    6.1 V
*RESTARTS   :        0
*CONFIG     :        0
*CHANNEL    :  1 OF  1
 
             WED    THU    FRI    SAT    SUN    MON    TUE    7-DAY
DATE    06/09/27     28     29     30     01     02     03   AVERAGE
 
START HOUR
 
    0          0      2      1      2      1      0      -       -
    1          1      3      4      4      3      0      -       -
    2          3      1      1      1      3      2      -       -
    3          2      0      2      1      3      0      -       -
    4          3      2      7      1      0      1      -       -
    5         17     16     14      4      3     15      -       -
    6         33     30     30      7      9     35      -       -
    7         76     79     68      6      3     63      -       -
    8         81     95     93     35      3     84      -       -
    9         53     52     50     40     10     52      -       -
   10         45     54     61     57      5     62      -       -
   11         61     58     63     61      3     62      -       -
   12         54     62     73     94     13     56      -       -
   13         66     52     95     71      7     64      -       -
   14         92     70     81     76     14      -      -       -
   15        114     82     98     67      9      -      -       -
   16        120    119     93     38     16      -      -       -
   17        109     94     73     61     34      -      -       -
   18        110     69     53     23     12      -      -       -
   19         84     37     39      9      6      -      -       -
   20         49     41     26     10     11      -      -       -
   21         20     15      7      3      4      -      -       -
   22          6     10     12      1      2      -      -       -
   23          5      0      4      3      1      -      -       -
 
TOTALS
 
12HR 7-19    981    886    901    629    129      -      -       -
16HR 6-22   1167   1009   1003    658    159      -      -       -
18HR 6-24   1178   1019   1019    662    162      -      -       -
24HR 0-24   1204   1043   1048    675    175      -      -       -
 
