 
 
 
*LOCATION   : ............................................................
*SITE NUMBER: 12003501
*FILE NUMBER:        6
*INTERVAL   :   15 MIN
*BATTERY    :    5.9 V
*RESTARTS   :        0
*CONFIG     :        0
*CHANNEL    :  1 OF  1
 
             FRI    SAT    SUN    MON    TUE    WED    THU    7-DAY
DATE    06/09/01     02     03     04     05     06     07   AVERAGE
 
START HOUR
 
    0          -      7      1      2      4      5      2       -
    1          -      4      0      0      0      0      1       -
    2          -      6      3      1      0      1      1       -
    3          -      3      0      2      1      0      0       -
    4          -      0      0      1      3      3      1       -
    5          -      1      2      8      4      7      7       -
    6          -      5      4     37     54     49     44       -
    7          -     18      8    150    154    167    144       -
    8          -     20      3    125    196    175    172       -
    9          -     37     10     58     78     79     70       -
   10          -     32     26     29     57     44     42       -
   11          -     59     29     26     46     41     37       -
   12          -     67     56     35     46     41     44       -
   13          -     59     56     32     43     46     60       -
   14          -     57     74     39     66     55     40       -
   15        103     72     54     87     89    116    124      92
   16        153     41     63    124    156    149    157     120
   17        105     60     67    108    127    135    119     103
   18         65     46     53     81    110    107     97      80
   19         56     23     44     84     98    114     45      66
   20         39     24     37     65     77     62     36      49
   21         24     14     11     20     23     28     18      20
   22         10      7      3      8      9     57      8      15
   23          4      1      3      3      3      5      2       3
 
TOTALS
 
12HR 7-19      -    568    499    894   1168   1155   1106       -
16HR 6-22      -    634    595   1100   1420   1408   1249       -
18HR 6-24      -    642    601   1111   1432   1470   1259       -
24HR 0-24      -    663    607   1125   1444   1486   1271       -

 
 
 
 





















*LOCATION   : ............................................................
*SITE NUMBER: 12003501
*FILE NUMBER:        6
*INTERVAL   :   15 MIN
*BATTERY    :    5.9 V
*RESTARTS   :        0
*CONFIG     :        0
*CHANNEL    :  1 OF  1
 
             FRI    SAT    SUN    MON    TUE    WED    THU    7-DAY
DATE    06/09/08     09     10     11     12     13     14   AVERAGE
 
START HOUR
 
    0          1      0      3      2      0      1      5       2
    1          2      1      0      0      1      1      0       1
    2          0      2      0      1      0      0      1       1
    3          0      0      2      1      0      1      0       1
    4          1      1      1      3      3      2      1       2
    5          7      1      3     11      7      6      6       6
    6         30      8      6     38     39     40     34      28
    7        155      8     10    173    173    173    143     119
    8        129     20      9    197    181    188    182     129
    9         62     28     25     87     94     89     69      65
   10         31     29     38     42     40     36     23      34
   11         28     45     61     46     52     36     43      44
   12         50     44     61     57     34     48     48      49
   13         45     43     78     64     37     47     41      51
   14         65     39     78     57     68     63     54      61
   15         81     51     61    112    108    109    112      91
   16        130     27     68    195    164    180    155     131
   17         76     38     72    166    130    136    105     103
   18         55     26     68    103    106    119    115      85
   19         25     27     59     84     94     88     67      63
   20         27     16     43     76     52     43     56      45
   21          6     11     21     25     31     21     27      20
   22          5      7      4      6      6      9     13       7
   23          7      5      3      5      4      4      2       4
 
TOTALS
 
12HR 7-19    907    398    629   1299   1187   1224   1090     962
16HR 6-22    995    460    758   1522   1403   1416   1274    1118
18HR 6-24   1007    472    765   1533   1413   1429   1289    1130
24HR 0-24   1018    477    774   1551   1424   1440   1302    1141

 
 
 
 


















*LOCATION   : ............................................................
*SITE NUMBER: 12003501
*FILE NUMBER:        6
*INTERVAL   :   15 MIN
*BATTERY    :    5.9 V
*RESTARTS   :        0
*CONFIG     :        0
*CHANNEL    :  1 OF  1
 
             FRI    SAT    SUN    MON    TUE    WED    THU    7-DAY
DATE    06/09/15     16     17     18     19     20     21   AVERAGE
 
START HOUR
 
    0          4      2      3      2      2      2      4       3
    1          1      2      1      0      0      1      1       1
    2          1      2      1      0      2      1      0       1
    3          0      1      1      0      0      1      0       0
    4          3      1      2      3      1      2      2       2
    5          5      1      2      5      8      6      7       5
    6         36      8      2     34     34     27     41      26
    7        116     18     11    134    161    102    148      99
    8        166     18     15    173    164     90    149     111
    9         58     41     20     77     80     40     85      57
   10         38     27     35     39     35     16     42      33
   11         31     70     56     34     34     18     34      40
   12         42     78     75     45     35     30     41      49
   13         38     62     70     41     40     29     55      48
   14         52     85     69     39     37     27     59      53
   15        102     53     73     98     85     64     91      81
   16        125     41     55    141    153     99    150     109
   17         96     29     54    132    114    100    103      90
   18         60     49     36     84     77     82    109      71
   19         48     20     28     77     78     51     63      52
   20         38     23     29     43     47     59     48      41
   21         12     10     10     19     26     18     14      16
   22         10      6     11      8     10      9      6       9
   23          4      3      3      8      6      7      9       6
 
TOTALS
 
12HR 7-19    924    571    569   1037   1015    697   1066     840
16HR 6-22   1058    632    638   1210   1200    852   1232     975
18HR 6-24   1072    641    652   1226   1216    868   1247     989
24HR 0-24   1086    650    662   1236   1229    881   1261    1001

 
 
 
 










*LOCATION   : ............................................................
*SITE NUMBER: 12003501
*FILE NUMBER:        6
*INTERVAL   :   15 MIN
*BATTERY    :    5.9 V
*RESTARTS   :        0
*CONFIG     :        0
*CHANNEL    :  1 OF  1
 
             FRI    SAT    SUN    MON    TUE    WED    THU    7-DAY
DATE    06/09/22     23     24     25     26     27     28   AVERAGE
 
START HOUR
 
    0          3      4      2      3      4      2      2       3
    1          3      3      0      2      0      1      1       1
    2          1      0      0      0      0      0      0       0
    3          0      0      0      0      1      0      0       0
    4          1      3      4      2      1      2      4       2
    5          9      0      2      7      9      6      7       6
    6         34      5      3     26     35     33     27      23
    7        145     10     12    133    140    135    125     100
    8        129     15     13    168    159    156      -       -
    9         65     32     19     63     69     76      -       -
   10         33     41     42     37     36     39      -       -
   11         29     55     53     32     49     38      -       -
   12         43     63     91     46     44     32      -       -
   13         79     63    105     46     45     41      -       -
   14         74     52     82     44     47     42      -       -
   15         85     60     55     84     76     79      -       -
   16        127     53     67    135    149    130      -       -
   17         98     39     48    123    107    123      -       -
   18         75     55     46     85     97     84      -       -
   19         41     32     32     55     62     62      -       -
   20         35     21     18     42     37     32      -       -
   21         11      4      7     20     26     20      -       -
   22          1      3      7      6     10      7      -       -
   23          3      3      9      2      7      6      -       -
 
TOTALS
 
12HR 7-19    982    538    633    996   1018    975      -       -
16HR 6-22   1103    600    693   1139   1178   1122      -       -
18HR 6-24   1107    606    709   1147   1195   1135      -       -
24HR 0-24   1124    616    717   1161   1210   1146      -       -

 

