 
 
 
*LOCATION   : ............................................................
*SITE NUMBER: 10803111
*FILE NUMBER:       27
*INTERVAL   :   15 MIN
*BATTERY    :    6.1 V
*RESTARTS   :        0
*CONFIG     :       12
*CHANNEL    :  1 OF  2
 
             TUE    WED    THU    FRI    SAT    SUN    MON    7-DAY
DATE    05/08/02     03     04     05     06     07     08   AVERAGE
 
START HOUR
 
    0          -     13     16      8     22     12     13       -
    1          -      5     14      7     17     13      2       -
    2          -      4      3      4     14      8      4       -
    3          -      1      5      0      4      3      5       -
    4          -      3      6      0      3      3      3       -
    5          -     13      9      4      8      1     14       -
    6          -     68     65     40     12     10     53       -
    7          -    130    100     66     19      3    126       -
    8          -    166    143     93     31     11    161       -
    9          -    130    114     89     51     17     55       -
   10          -    107     90     43     50     19     58       -
   11         88    112    101     79    108     43     51      83
   12         94    136     84     91    127     76     28      91
   13        108    149     99    107    134    182     34     116
   14        123    132    110    161    135    146     40     121
   15        140    223    147    170    173    115     86     151
   16        208    275    159    176    124    147     95     169
   17        179    227    138    153    165    109     91     152
   18        122    189     92    145    115    108     57     118
   19        109    173     60    131    108    104     51     105
   20        102    153     44     91    110     78     51      90
   21         91    119     30     58     74     69     36      68
   22         48     52     24     37     29     39     24      36
   23         14     22     10     19     20     17      5      15
 
TOTALS
 
12HR 7-19      -   1976   1377   1373   1232    976    882       -
16HR 6-22      -   2489   1576   1693   1536   1237   1073       -
18HR 6-24      -   2563   1610   1749   1585   1293   1102       -
24HR 0-24      -   2602   1663   1772   1653   1333   1143       -



 
 
 
 
*LOCATION   : ............................................................
*SITE NUMBER: 10803111
*FILE NUMBER:       27
*INTERVAL   :   15 MIN
*BATTERY    :    6.1 V
*RESTARTS   :        0
*CONFIG     :       12
*CHANNEL    :  1 OF  2
 
             TUE    WED    THU    FRI    SAT    SUN    MON    7-DAY
DATE    05/08/09     10     11     12     13     14     15   AVERAGE
 
START HOUR
 
    0         10     16     16      8     22     13      8      13
    1          2      3      2      4     19     25      6       9
    2          0      2      1      5     11     13      4       5
    3          0      1      1      1     10      9      0       3
    4          3      3      2      1      9     12      2       5
    5         17      5     11      6      1      0     10       7
    6         57     24     28     21      8      3     55      28
    7        136     40     75     48      7      7    136      64
    8        206     64    112    114     16      9    197     103
    9        143     56     70     78     25     26    126      75
   10        104     46     54     59     35     27     68      56
   11        109     42     38     64     62     26     75      59
   12        118     27     29     61     88     50     91      66
   13        109     27     27     96     84     63    116      75
   14        133     31     35    111     89     60    111      81
   15        212     76     72    172    172     81    181     138
   16        312     90    119    154    219    126    257     182
   17        282     77     91    130    100    107    227     145
   18        189     89     63    106     71     96    157     110
   19         50     45     51     78     38     80    166      73
   20         61     30     32     62     37     53    131      58
   21         38     33     31     67     31     37     85      46
   22         25     20     17     38     29     30     30      27
   23         20     12     21     18     22     24     13      19
 
TOTALS
 
12HR 7-19   2053    665    785   1193    968    678   1742    1155
16HR 6-22   2259    797    927   1421   1082    851   2179    1359
18HR 6-24   2304    829    965   1477   1133    905   2222    1405
24HR 0-24   2336    859    998   1502   1205    977   2252    1447



 
 
 
 
*LOCATION   : ............................................................
*SITE NUMBER: 10803111
*FILE NUMBER:       27
*INTERVAL   :   15 MIN
*BATTERY    :    6.1 V
*RESTARTS   :        0
*CONFIG     :       12
*CHANNEL    :  1 OF  2
 
             TUE    WED    THU    FRI    SAT    SUN    MON    7-DAY
DATE    05/08/16     17     18     19     20     21     22   AVERAGE
 
START HOUR
 
    0          7     10     11     18     34     16      6      15
    1          8      2      9     14     21     10      1       9
    2          4      5      3      1     16     11      0       6
    3          6      0      3      1     11     20      3       6
    4          1      3      2      4     12     13      1       5
    5         12      9     12      6      9     12     10      10
    6         57     64     44     54     11     14     59      43
    7        138    155    155    157     11      5    152     110
    8        201    211    210    177     35      5    217     151
    9        115    120    120    120     44     31    110      94
   10         62     78     86     99     60     44     61      70
   11         56     70     94     99    122     32     66      77
   12         62     92    101    103    123     57     65      86
   13         82     87    104    126    142     63     81      98
   14         77    106    111    140    191     65     79     110
   15        139    177    173    186    146    110    142     153
   16        231    236    258    243    139    113    219     206
   17        191    205    209    166    134    111    196     173
   18         97    121    168    129     91    118    147     124
   19         98    118    173    106     93     83    118     113
   20         81     91    125     68     73     58     98      85
   21         53     62    111     54     49     32     62      60
   22         33     34     90     55     33     14     19      40
   23          8     14     27     37     24     14     12      19
 
TOTALS
 
12HR 7-19   1451   1658   1789   1745   1238    754   1535    1453
16HR 6-22   1740   1993   2242   2027   1464    941   1872    1754
18HR 6-24   1781   2041   2359   2119   1521    969   1903    1813
24HR 0-24   1819   2070   2399   2163   1624   1051   1924    1864



 
 
 
 
*LOCATION   : ............................................................
*SITE NUMBER: 10803111
*FILE NUMBER:       27
*INTERVAL   :   15 MIN
*BATTERY    :    6.1 V
*RESTARTS   :        0
*CONFIG     :       12
*CHANNEL    :  1 OF  2
 
             TUE    WED    THU    FRI    SAT    SUN    MON    7-DAY
DATE    05/08/23     24     25     26     27     28     29   AVERAGE
 
START HOUR
 
    0          8      9      5      -      -      -      -       -
    1          3      7      2      -      -      -      -       -
    2          1      1      7      -      -      -      -       -
    3          3      0      4      -      -      -      -       -
    4          1      2      4      -      -      -      -       -
    5         11     11     12      -      -      -      -       -
    6         60     55     55      -      -      -      -       -
    7        150    156    147      -      -      -      -       -
    8        205    190    194      -      -      -      -       -
    9        132    111    118      -      -      -      -       -
   10         78     71     85      -      -      -      -       -
   11         76     75    121      -      -      -      -       -
   12         96     83     97      -      -      -      -       -
   13         84     93      -      -      -      -      -       -
   14         75    106      -      -      -      -      -       -
   15        147    169      -      -      -      -      -       -
   16        245    227      -      -      -      -      -       -
   17        198    189      -      -      -      -      -       -
   18        153    177      -      -      -      -      -       -
   19        102    160      -      -      -      -      -       -
   20         89    100      -      -      -      -      -       -
   21         66     80      -      -      -      -      -       -
   22         35     35      -      -      -      -      -       -
   23         16     14      -      -      -      -      -       -
 
TOTALS
 
12HR 7-19   1639   1647      -      -      -      -      -       -
16HR 6-22   1956   2042      -      -      -      -      -       -
18HR 6-24   2007   2091      -      -      -      -      -       -
24HR 0-24   2034   2121      -      -      -      -      -       -

 
