 
 
 
*LOCATION   : ............................................................
*SITE NUMBER: 11203118
*FILE NUMBER:       25
*INTERVAL   :   15 MIN
*BATTERY    :    6.1 V
*RESTARTS   :        0
*CONFIG     :       12
*CHANNEL    :  1 OF  2
 
             TUE    WED    THU    FRI    SAT    SUN    MON    7-DAY
DATE    05/08/02     03     04     05     06     07     08   AVERAGE
 
START HOUR
 
    0          -      0      0      0      1      0      1       -
    1          -      1      0      0      0      2      0       -
    2          -      0      0      1      2      0      0       -
    3          -      0      0      0      0      0      0       -
    4          -      0      1      0      2      0      0       -
    5          -      2      0      1      1      1      1       -
    6          -     20     11     10      1      2     15       -
    7          -     23     14     11      8      0     22       -
    8          -     25     11     12      4      2      8       -
    9          -     16     10      7     16      1      4       -
   10          -     17     10     10     18      2      5       -
   11          -     48     21     17     16      3     14       -
   12          -     29     12     13     26      7      2       -
   13          -     34     17     21     33     15      0       -
   14          -     42     18     26     38     40      4       -
   15         35     33     16     24     37     25      9      26
   16         36     42     34     25     33     25     21      31
   17         21     38     21     29     19     29      5      23
   18         16     49     16     24     22     30      5      23
   19         24     36     19     20     14     25      8      21
   20         14     33      6     22      3     30      7      16
   21         13     16      3     16      8     17      8      12
   22         11      4      2      2      1      9      1       4
   23          1      0      0      0      0      2      1       1
 
TOTALS
 
12HR 7-19      -    396    200    219    270    179     99       -
16HR 6-22      -    501    239    287    296    253    137       -
18HR 6-24      -    505    241    289    297    264    139       -
24HR 0-24      -    508    242    291    303    267    141       -



 
 
 
 
*LOCATION   : ............................................................
*SITE NUMBER: 11203118
*FILE NUMBER:       25
*INTERVAL   :   15 MIN
*BATTERY    :    6.1 V
*RESTARTS   :        0
*CONFIG     :       12
*CHANNEL    :  1 OF  2
 
             TUE    WED    THU    FRI    SAT    SUN    MON    7-DAY
DATE    05/08/09     10     11     12     13     14     15   AVERAGE
 
START HOUR
 
    0          0      0      0      0      0      0      0       0
    1          0      0      0      0      0      0      1       0
    2          0      0      0      0      1      0      0       0
    3          0      0      1      0      0      0      0       0
    4          0      0      0      0      0      0      0       0
    5          1      1      0      2      1      0      1       1
    6         16      4      8      4      2      2     12       7
    7         21      9     12      4      0      0     20       9
    8         19      4      5      9      2      0     22       9
    9          8      5      3      7      7      6      9       6
   10         11      3      4      7     11     10     11       8
   11         19      6      2      9      9      3     18       9
   12         23     12      3     10      9     10     13      11
   13          8      2      3     15     22     11     24      12
   14         24      7      6     16     19     13     42      18
   15         39      3     10     16     14     10     27      17
   16         56     12     14     26     15     16     52      27
   17         54     21      9     19     33     32     43      30
   18         32      6      5     18     13     26     43      20
   19          8      5      7     19      5     18     51      16
   20          9      2      8     18      6     24     25      13
   21          8      1      7     12      6     17     11       9
   22          3      2      4      5      1      1      0       2
   23          1      1      0      3      1      0      3       1
 
TOTALS
 
12HR 7-19    314     90     76    156    154    137    324     179
16HR 6-22    355    102    106    209    173    198    423     224
18HR 6-24    359    105    110    217    175    199    426     227
24HR 0-24    360    106    111    219    177    199    428     229



 
 
 
 
*LOCATION   : ............................................................
*SITE NUMBER: 11203118
*FILE NUMBER:       25
*INTERVAL   :   15 MIN
*BATTERY    :    6.1 V
*RESTARTS   :        0
*CONFIG     :       12
*CHANNEL    :  1 OF  2
 
             TUE    WED    THU    FRI    SAT    SUN    MON    7-DAY
DATE    05/08/16     17     18     19     20     21     22   AVERAGE
 
START HOUR
 
    0          0      0      2      1      0      0      0       0
    1          0      1      1      1      2      0      0       1
    2          0      0      0      0      0      2      0       0
    3          0      0      0      0      1      0      0       0
    4          0      0      0      0      1      0      0       0
    5          1      1      1      1      3      1      2       1
    6         14     18     10     11      3      1     18      11
    7         32     41     39     31      4      3     33      26
    8         26     19     25     34      9      3     25      20
    9          9     15      9     11      7      6     12      10
   10         11     14     13     10     19     19     15      14
   11         10     10     12     21     13      7     12      12
   12         11     16     22     27     28     10      7      17
   13          5     19     24     13     39     16      9      18
   14         14     19     21     31     42     16     16      23
   15         17     30     32     34     52     21     27      30
   16         36     30     41     39     24     18     35      32
   17         32     33     45     24     25     25     36      31
   18         13     28     36     25     22     10     28      23
   19         16     16     35     26     23     37     29      26
   20         10     13     17     21     17     15     20      16
   21          4      4     13     14      5      9      7       8
   22          1      1      1      4      1      1      0       1
   23          0      0      1      3      0      0      0       1
 
TOTALS
 
12HR 7-19    216    274    319    300    284    154    255     257
16HR 6-22    260    325    394    372    332    216    329     318
18HR 6-24    261    326    396    379    333    217    329     320
24HR 0-24    262    328    400    382    340    220    331     323



 
 
 
 
*LOCATION   : ............................................................
*SITE NUMBER: 11203118
*FILE NUMBER:       25
*INTERVAL   :   15 MIN
*BATTERY    :    6.1 V
*RESTARTS   :        0
*CONFIG     :       12
*CHANNEL    :  1 OF  2
 
             TUE    WED    THU    FRI    SAT    SUN    MON    7-DAY
DATE    05/08/23     24     25     26     27     28     29   AVERAGE
 
START HOUR
 
    0          1      2      0      -      -      -      -       -
    1          0      0      2      -      -      -      -       -
    2          0      0      0      -      -      -      -       -
    3          0      0      0      -      -      -      -       -
    4          2      1      2      -      -      -      -       -
    5          0      0      3      -      -      -      -       -
    6         13      9     14      -      -      -      -       -
    7         31     34     27      -      -      -      -       -
    8         27     27     18      -      -      -      -       -
    9          8     15     14      -      -      -      -       -
   10          8      6     10      -      -      -      -       -
   11         10      8     14      -      -      -      -       -
   12          9     16      -      -      -      -      -       -
   13         16      8      -      -      -      -      -       -
   14         17     13      -      -      -      -      -       -
   15         24     38      -      -      -      -      -       -
   16         36     36      -      -      -      -      -       -
   17         24     42      -      -      -      -      -       -
   18         30     32      -      -      -      -      -       -
   19         15     32      -      -      -      -      -       -
   20         18     24      -      -      -      -      -       -
   21          7      5      -      -      -      -      -       -
   22          1      2      -      -      -      -      -       -
   23          0      0      -      -      -      -      -       -
 
TOTALS
 
12HR 7-19    240    275      -      -      -      -      -       -
16HR 6-22    293    345      -      -      -      -      -       -
18HR 6-24    294    347      -      -      -      -      -       -
24HR 0-24    297    350      -      -      -      -      -       -


 
 
 
 
