*LOCATION	:	..	........	.......	.......	.......	.......	.......	...............
*SITE NUMB	ER:	10	202218						
*FILE NUMB	ER:		1						
*INTERVAL	:		15 MIN						
*BATTERY	:		6.3 V						
*RESTARTS	:		0						
*CONFIG	:		0						
*CHANNEL	:	1	OF  1						

		FRI	SAT	SUN	MON	TUE	WED	THU	7-DAY
DATE    08	/05	/30	31	1	2	3	4	5	AVERAGE

START HOUR									

0		-	10	8	2	4	3	9	-
1		-	3	10	6	2	2	1	-
2		-	6	1	0	0	0	0	-
3		-	3	5	2	1	1	1	-
4		-	3	0	2	3	2	2	-
5		-	7	1	17	22	24	19	-
6		-	15	13	117	141	144	139	-
7		-	22	14	323	349	347	337	-
8		-	27	19	281	322	327	309	-
9		-	32	68	129	118	118	112	-
10		-	55	91	46	64	70	65	-
11		-	66	110	44	58	69	78	-
12		78	95	134	47	51	58	54	74
13		89	81	147	50	68	67	74	82
14		104	94	179	59	83	91	98	101
15		228	104	125	174	206	196	215	178
16		265	68	103	310	311	362	357	254
17		190	78	108	271	276	285	286	213
18		111	69	92	172	167	181	211	143
19		106	61	66	138	161	156	168	122
20		68	51	65	111	121	121	131	95
21		54	32	36	78	65	69	83	60
22		22	20	24	26	32	40	36	29
23		10	13	9	5	14	8	12	10

TOTALS									

12HR 7-19		-	791	1190	1906	2073	2171	2196	-
16HR 6-22		-	950	1370	2350	2561	2661	2717	-
18HR 6-24		-	983	1403	2381	2607	2709	2765	-
24HR 0-24		-	1015	1428	2410	2639	2741	2797	-
									
					1,264428122	1,27303425	1,262551819	1,273679417	


*LOCATION	:	..	........	.......	.......	.......	.......	.......	...............
*SITE NUMB	ER:	10	202218						
*FILE NUMB	ER:		1						
*INTERVAL	:		15 MIN						
*BATTERY	:		6.3 V						
*RESTARTS	:		0						
*CONFIG	:		0						
*CHANNEL	:	1	OF  1						

		FRI	SAT	SUN	MON	TUE	WED	THU	7-DAY
DATE    08	/06	/06	7	8	9	10	11	12	AVERAGE

START HOUR									

0		5	8	9	4	2	5	3	5
1		7	9	0	0	1	0	0	2
2		0	1	3	2	0	1	1	1
3		2	0	0	2	3	1	3	2
4		1	1	0	0	0	0	0	0
5		16	4	1	15	17	21	15	13
6		117	11	8	104	85	112	78	74
7		301	11	9	322	241	274	243	200
8		295	35	16	299	172	265	171	179
9		102	34	38	120	54	121	82	79
10		73	44	56	51	18	46	47	48
11		57	119	74	40	16	46	27	54
12		49	80	115	36	14	30	48	53
13		95	80	109	45	29	45	35	63
14		114	84	114	66	30	48	57	73
15		242	79	76	177	148	156	144	146
16		287	58	81	277	181	251	231	195
17		186	76	64	229	133	188	161	148
18		118	58	75	135	116	102	103	101
19		56	46	44	76	75	79	80	65
20		62	33	43	67	76	52	56	56
21		53	24	39	41	29	42	52	40
22		21	20	18	21	20	12	26	20
23		16	5	7	14	14	11	15	12

TOTALS									

12HR 7-19	1	1919	758	827	1797	1152	1572	1349	1339
16HR 6-22	2	2207	872	961	2085	1417	1857	1615	1573
18HR 6-24	2	2244	897	986	2120	1451	1880	1656	1605
24HR 0-24	2	2275	920	999	2143	1474	1908	1678	1628
		1,185513288			1,192543127	1,279513889	1,213740458	1,243884359	



*LOCATION	:	..	........	.......	.......	.......	.......	.......	...............
*SITE NUMB	ER:	10	202218						
*FILE NUMB	ER:		1						
*INTERVAL	:		15 MIN						
*BATTERY	:		6.3 V						
*RESTARTS	:		0						
*CONFIG	:		0						
*CHANNEL	:	1	OF  1						

		FRI	SAT	SUN	MON	TUE	WED	THU	7-DAY
DATE    08	/06	/13	14	15	16	17	18	19	AVERAGE

START HOUR									

0		5	9	2	7	5	5	5	5
1		2	2	4	3	4	0	1	2
2		0	2	0	0	1	2	3	1
3		1	3	1	1	2	2	2	2
4		2	0	1	1	1	0	1	1
5		18	5	2	22	21	12	16	14
6		90	13	6	113	92	50	97	66
7		242	13	5	294	216	104	212	155
8		210	19	18	242	176	91	171	132
9		89	29	34	106	78	46	100	69
10		63	35	35	45	43	22	51	42
11		45	50	55	47	80	32	53	52
12		43	56	85	69	37	14	60	52
13		72	51	62	49	37	21	95	55
14		88	47	69	62	46	47	132	70
15		183	52	64	185	89	70	223	124
16		217	48	88	316	164	122	158	159
17		200	30	89	245	123	102	110	128
18		107	29	103	179	70	76	86	93
19		72	11	79	145	38	75	56	68
20		53	7	61	118	39	66	49	56
21		51	14	31	60	35	53	34	40
22		34	3	13	39	12	22	14	20
23		9	4	8	18	8	14	4	9

TOTALS									

12HR 7-19	1	559	459	707	1839	1159	747	1451	1132
16HR 6-22	1	825	504	884	2275	1363	991	1687	1361
18HR 6-24	1	868	511	905	2332	1383	1027	1705	1390
24HR 0-24	1	896	532	915	2366	1417	1048	1733	1415
									



*LOCATION	:	..	........	.......	.......	.......	.......	.......	...............
*SITE NUMB	ER:	10	202218						
*FILE NUMB	ER:		1						
*INTERVAL	:		15 MIN						
*BATTERY	:		6.3 V						
*RESTARTS	:		0						
*CONFIG	:		0						
*CHANNEL	:	1	OF  1						

		FRI	SAT	SUN	MON	TUE	WED	THU	7-DAY
DATE    08	/06	/20	21	22	23	24	25	26	AVERAGE

START HOUR									

0		2	9	7	2	0	5	-	-
1		1	6	5	1	1	1	-	-
2		4	2	1	0	0	0	-	-
3		1	2	0	0	1	1	-	-
4		0	0	0	1	2	2	-	-
5		4	1	4	10	10	15	-	-
6		5	5	7	79	54	99	-	-
7		5	4	6	217	119	245	-	-
8		13	5	13	198	121	239	-	-
9		17	26	23	87	75	105	-	-
10		23	32	52	35	35	49	-	-
11		38	47	57	35	28	46	-	-
12		24	66	92	19	28	45	-	-
13		42	63	76	11	32	48	-	-
14		32	109	66	32	40	54	-	-
15		33	58	57	81	67	-	-	-
16		49	73	81	140	116	-	-	-
17		25	72	63	146	111	-	-	-
18		24	46	68	99	100	-	-	-
19		15	44	40	37	61	-	-	-
20		15	28	58	30	42	-	-	-
21		9	20	23	30	46	-	-	-
22		9	8	9	19	32	-	-	-
23		10	4	2	2	4	-	-	-

TOTALS									

12HR 7-19		325	601	654	1100	872	-	-	-
16HR 6-22		369	698	782	1276	1075	-	-	-
18HR 6-24		388							
