*LOCATION	: ..	........	.......	.......	.......	.......	.......	...............
*SITE NUMB	ER: 12	2232						
*FILE NUMB	ER:	3						
*INTERVAL	:	15 MIN						
*BATTERY	:	6.2 V						
*RESTARTS	:	0						
*CONFIG	:	0						
*CHANNEL	:  1	OF  1						

	FRI	SAT	SUN	MON	TUE	WED	THU	7-DAY
DATE    08	/05/30	31	1	2	3	4	5	AVERAGE

START HOUR								

0	-	3	3	1	4	3	3	-
1	-	2	6	1	0	1	1	-
2	-	5	2	0	0	0	0	-
3	-	0	4	0	0	1	1	-
4	-	4	2	2	2	2	4	-
5	-	3	3	4	9	12	9	-
6	-	9	9	82	87	80	99	-
7	-	18	12	215	237	221	229	-
8	-	26	12	251	248	242	242	-
9	-	41	35	79	98	101	94	-
10	-	45	59	55	51	68	63	-
11	-	83	80	53	57	61	70	-
12	66	72	95	40	52	92	72	70
13	51	66	107	70	68	69	44	68
14	104	63	138	60	86	77	87	88
15	162	60	72	135	161	178	170	134
16	166	75	86	241	218	225	246	180
17	146	54	78	174	181	192	175	143
18	79	39	85	151	133	151	158	114
19	43	34	45	99	103	119	111	79
20	37	27	44	65	84	94	101	65
21	32	19	27	41	45	47	54	38
22	13	17	10	12	22	33	18	18
23	9	5	7	8	8	7	11	8

TOTALS								

12HR 7-19	-	642	859	1524	1590	1677	1650	-
16HR 6-22	-	731	984	1811	1909	2017	2015	-
18HR 6-24	-	753	1001	1831	1939	2057	2044	-
24HR 0-24	-	770	1021	1839	1954	2076	2062	-
								
				1,206692913	1,228930818	1,237924866	1,24969697	


*LOCATION	: ..	........	.......	.......	.......	.......	.......	...............
*SITE NUMB	ER: 12	2232						
*FILE NUMB	ER:	3						
*INTERVAL	:	15 MIN						
*BATTERY	:	6.2 V						
*RESTARTS	:	0						
*CONFIG	:	0						
*CHANNEL	:  1	OF  1						

	FRI	SAT	SUN	MON	TUE	WED	THU	7-DAY
DATE    08	/06/06	7	8	9	10	11	12	AVERAGE

START HOUR								

0	5	6	8	3	4	1	3	4
1	6	3	2	1	3	2	3	3
2	1	6	3	2	1	0	1	2
3	0	3	6	1	1	0	1	2
4	1	3	2	1	1	2	2	2
5	10	3	2	13	8	10	8	8
6	68	9	5	74	63	78	65	52
7	199	19	11	213	163	204	162	139
8	201	37	21	252	124	201	153	141
9	99	41	37	82	39	83	81	66
10	66	57	59	65	12	48	41	50
11	66	68	67	35	20	50	46	50
12	88	82	65	54	9	51	41	56
13	68	74	107	36	31	43	49	58
14	116	68	94	62	27	43	63	68
15	179	77	80	120	78	112	99	106
16	191	63	59	222	138	165	145	140
17	136	55	60	154	122	115	128	110
18	88	44	62	120	73	87	92	81
19	70	38	62	85	56	62	70	63
20	51	33	45	55	44	46	43	45
21	35	15	38	28	21	21	27	26
22	22	16	21	16	11	16	10	16
23	8	9	5	8	7	6	10	8

TOTALS								

12HR 7-19	1497	685	722	1415	836	1202	1100	1065
16HR 6-22	1721	780	872	1657	1020	1409	1305	1252
18HR 6-24	1751	805	898	1681	1038	1431	1325	1276
24HR 0-24	1774	829	921	1702	1056	1446	1343	1296
	1,18503674			1,202826855	1,263157895	1,202995008	1,220909091	



*LOCATION	: ..	........	.......	.......	.......	.......	.......	...............
*SITE NUMB	ER: 12	2232						
*FILE NUMB	ER:	3						
*INTERVAL	:	15 MIN						
*BATTERY	:	6.2 V						
*RESTARTS	:	0						
*CONFIG	:	0						
*CHANNEL	:  1	OF  1						

	FRI	SAT	SUN	MON	TUE	WED	THU	7-DAY
DATE    08	/06/13	14	15	16	17	18	19	AVERAGE

START HOUR								

0	4	2	1	2	4	2	3	3
1	1	7	2	0	0	3	2	2
2	1	3	1	0	1	0	2	1
3	1	3	1	1	1	2	0	1
4	6	1	1	1	1	1	5	2
5	6	3	2	11	9	5	8	6
6	54	9	7	79	61	26	52	41
7	164	9	5	181	143	79	154	105
8	148	21	19	232	152	83	163	117
9	73	36	12	87	65	41	54	53
10	56	36	27	51	49	31	56	44
11	48	49	45	49	55	24	43	45
12	69	57	53	57	47	15	57	51
13	40	76	65	45	56	27	68	54
14	77	55	51	76	52	28	100	63
15	124	54	49	138	63	53	148	90
16	152	42	50	233	117	92	115	114
17	119	29	54	161	76	77	81	85
18	83	21	47	118	62	76	82	70
19	49	15	51	113	34	52	38	50
20	56	12	46	88	32	38	37	44
21	34	10	26	63	33	24	28	31
22	18	3	11	45	16	17	8	17
23	17	1	6	19	6	4	6	8

TOTALS								

12HR 7-19	1153	485	477	1428	937	626	1121	890
16HR 6-22	1346	531	607	1771	1097	766	1276	1056
18HR 6-24	1381	535	624	1835	1119	787	1290	1082
24HR 0-24	1400	554	632	1850	1135	800	1310	1097
								
	1,214223764			1,295518207	1,2113127	1,277955272		


*LOCATION	: ..	........	.......	.......	.......	.......	.......	...............
*SITE NUMB	ER: 12	2232						
*FILE NUMB	ER:	3						
*INTERVAL	:	15 MIN						
*BATTERY	:	6.2 V						
*RESTARTS	:	0						
*CONFIG	:	0						
*CHANNEL	:  1	OF  1						

	FRI	SAT	SUN	MON	TUE	WED	THU	7-DAY
DATE    08	/06/20	21	22	23	24	25	26	AVERAGE

START HOUR								

0	4	3	1	2	-	-	-	-
1	1	1	0	1	-	-	-	-
2	1	0	0	0	-	-	-	-
3	1	3	1	0	-	-	-	-
4	0	0	2	1	-	-	-	-
5	1	0	0	8	-	-	-	-
6	13	5	6	54	-	-	-	-
7	17	5	11	144	-	-	-	-
8	18	6	20	168	-	-	-	-
9	22	7	19	-	-	-	-	-
10	33	15	24	-	-	-	-	-
11	28	46	42	-	-	-	-	-
12	19	49	62	-	-	-	-	-
13	26	58	52	-	-	-	-	-
14	24	54	58	-	-	-	-	-
15	24	49	52	-	-	-	-	-
16	22	31	41	-	-	-	-	-
17	26	40	43	-	-	-	-	-
18	11	20	35	-	-	-	-	-
19	7	20	52	-	-	-	-	-
20	8	16	30	-	-	-	-	-
21	4	10	30	-	-	-	-	-
22	4	6	7	-	-	-	-	-
23	2	2	3	-	-	-	-	-

TOTALS								

12HR 7-19	270	380	459	-	-	-	-	-
16HR 6-22	302	431	577	-	-	-	-	-
18HR 6-24	308							
