 
 
 
*LOCATION   : ............................................................
*SITE NUMBER: 10703136
*FILE NUMBER:       24
*INTERVAL   :   15 MIN
*BATTERY    :    6.0 V
*RESTARTS   :        0
*CONFIG     :        0
*CHANNEL    :  1 OF  1
 
             MON    TUE    WED    THU    FRI    SAT    SUN    7-DAY
DATE    05/08/01     02     03     04     05     06     07   AVERAGE
 
START HOUR
 
    0          -      9      8     10      5     11     20       -
    1          -      7      7      8      3     11     20       -
    2          -      0      2     10      1      5      9       -
    3          -      0      2      6      1     14     15       -
    4          -      5      7      7      5      7      5       -
    5          -     13     13      8     10      5      2       -
    6          -     54     52     37     30     12      5       -
    7          -    144    168    140     93     18      4       -
    8          -    209    256    172    116     37      7       -
    9          -    100    126    128     90     54     15       -
   10          -     78     98     85     49     53     20       -
   11         79     82     98     80    101     69     24      76
   12         80     97    104     79     94     73     52      83
   13         90    111    110     85     92    105     74      95
   14        123    118    108     95    111    122     93     110
   15        197    179    224    151    176    125     86     163
   16        249    227    314    217    186    122     78     199
   17        220    199    249    161    150    105    107     170
   18        161    147    188     90    131     83     82     126
   19        131    126    145     71     78     43     62      94
   20         90     79    100     43     69     64     88      76
   21         62     59     88     24     50     34     43      51
   22         30     34     59     19     38     30     24      33
   23         17     20     22     11     23     10     11      16
 
TOTALS
 
12HR 7-19      -   1691   2043   1483   1389    966    642       -
16HR 6-22      -   2009   2428   1658   1616   1119    840       -
18HR 6-24      -   2063   2509   1688   1677   1159    875       -
24HR 0-24      -   2097   2548   1737   1702   1212    946       -



 
 
 
 
*LOCATION   : ............................................................
*SITE NUMBER: 10703136
*FILE NUMBER:       24
*INTERVAL   :   15 MIN
*BATTERY    :    6.0 V
*RESTARTS   :        0
*CONFIG     :        0
*CHANNEL    :  1 OF  1
 
             MON    TUE    WED    THU    FRI    SAT    SUN    7-DAY
DATE    05/08/08     09     10     11     12     13     14   AVERAGE
 
START HOUR
 
    0          2      2      7      6      5     13     13       7
    1          4      4      9      3      5     17     25      10
    2          4      1      4      2      3      8      5       4
    3          1      5      1      0      2      9     13       4
    4          4      3      3      4      1     10      7       5
    5         12     10      8      7      8      4      3       7
    6         44     44     21     29     20      9     13      26
    7        163    187     69     93     70     11      4      85
    8        191    265     81    147    128     24      9     121
    9         77    136     67     90     89     23     17      71
   10         50    102     42     43     65     38     28      53
   11         52     90     44     37     68     70     31      56
   12         13     93     35     29     62     86     26      49
   13         31     92     35     26     77    111     60      62
   14         35    128     35     39     89    128     77      76
   15         88    220     87     88    155    110     56     115
   16        135    298    116    131    166    131     67     149
   17        140    272     98    109    160     93     94     138
   18         68    161     74     70     95     67     67      86
   19         44     66     31     37     75     44     44      49
   20         34     57     27     40     53     28     36      39
   21         34     39     12     20     52     27     54      34
   22         19     22     10      5     39     38     17      21
   23          7     10     11     11     21     16     10      12
 
TOTALS
 
12HR 7-19   1043   2044    783    902   1224    892    536    1061
16HR 6-22   1199   2250    874   1028   1424   1000    683    1208
18HR 6-24   1225   2282    895   1044   1484   1054    710    1242
24HR 0-24   1252   2307    927   1066   1508   1115    776    1279



 
 
 
 
*LOCATION   : ............................................................
*SITE NUMBER: 10703136
*FILE NUMBER:       24
*INTERVAL   :   15 MIN
*BATTERY    :    6.0 V
*RESTARTS   :        0
*CONFIG     :        0
*CHANNEL    :  1 OF  1
 
             MON    TUE    WED    THU    FRI    SAT    SUN    7-DAY
DATE    05/08/15     16     17     18     19     20     21   AVERAGE
 
START HOUR
 
    0          6      2      5     12     13     32     18      13
    1          3      4      0      6      8     25     13       8
    2          5      4      7      5      5     17     18       9
    3          1      4      2      2      2     11     11       5
    4          5      1      4      7      3     17     13       7
    5         12     12     11     22      9      3      9      11
    6         42     46     41     47     41     12      5      33
    7        187    171    178    197    156     18     19     132
    8        274    250    313    284    239     37     19     202
    9        153    162    133    168    145     45     24     119
   10         91     80     97     98     95     60     30      79
   11         88     82     71     97     90     76     25      76
   12        100     57    104    101     84     98     37      83
   13        119     89    112     72    113    122     41      95
   14        148     91     81    121    151    125     60     111
   15        218    155    198    214    223    143     47     171
   16        288    279    332    300    251     87     76     230
   17        253    236    265    247    219    109    101     204
   18        201    158    182    224    158    100     81     158
   19        146    116    148    174    114     71     75     121
   20        101     81    109     92     99     75     67      89
   21         74     41     61     80     95     63     56      67
   22         23     26     31     38     71     29     18      34
   23         15     12     21     20     65     22     17      25
 
TOTALS
 
12HR 7-19   2120   1810   2066   2123   1924   1020    560    1660
16HR 6-22   2483   2094   2425   2516   2273   1241    763    1971
18HR 6-24   2521   2132   2477   2574   2409   1292    798    2029
24HR 0-24   2553   2159   2506   2628   2449   1397    880    2082



 
 
 
 
*LOCATION   : ............................................................
*SITE NUMBER: 10703136
*FILE NUMBER:       24
*INTERVAL   :   15 MIN
*BATTERY    :    6.0 V
*RESTARTS   :        0
*CONFIG     :        0
*CHANNEL    :  1 OF  1
 
             MON    TUE    WED    THU    FRI    SAT    SUN    7-DAY
DATE    05/08/22     23     24     25     26     27     28   AVERAGE
 
START HOUR
 
    0          5      6      7     12     40     10     11      13
    1          6      4      5     10     27     11     13      11
    2          2      5      4      1     13      8      8       6
    3          0      1      2      8     11      8      5       5
    4          2      1      2      4      5      3      4       3
    5         15      9     17     17     16      5      4      12
    6         54     53     51     50     35     11      8      37
    7        204    218    210    187    120     10      7     137
    8        318    304    256    283    205     28     12     201
    9        121    147    148    163    104     52     26     109
   10         94     81     88     72     70     53     13      67
   11         82     78     77     99     55     64      8      66
   12         79     75     93     97     62     99     21      75
   13         77     96    114    129     73     81     11      83
   14        107    116    113    118    106     98     11      96
   15        186    201    239    203    140     93      6     153
   16        293    299    276    291    103     84      8     193
   17        247    253    245    232    111     88      8     169
   18        159    193    178    194     61     74     20     126
   19        115    120    134    130     41     78     12      90
   20         94    101     94    117     28     36     10      69
   21         66     67     48     92     33     31      7      49
   22         20     49     38     65     20     40     10      35
   23         11     10     21     49     18     19      6      19
 
TOTALS
 
12HR 7-19   1967   2061   2037   2068   1210    824    151    1474
16HR 6-22   2296   2402   2364   2457   1347    980    188    1719
18HR 6-24   2327   2461   2423   2571   1385   1039    204    1773
24HR 0-24   2357   2487   2460   2623   1497   1084    249    1822



 
 
 
 
*LOCATION   : ............................................................
*SITE NUMBER: 10703136
*FILE NUMBER:       24
*INTERVAL   :   15 MIN
*BATTERY    :    6.0 V
*RESTARTS   :        0
*CONFIG     :        0
*CHANNEL    :  1 OF  1
 
             MON    TUE    WED    THU    FRI    SAT    SUN    7-DAY
DATE    05/08/29     30     31     01     02     03     04   AVERAGE
 
START HOUR
 
    0          2      -      -      -      -      -      -       -
    1          2      -      -      -      -      -      -       -
    2          2      -      -      -      -      -      -       -
    3          1      -      -      -      -      -      -       -
    4          0      -      -      -      -      -      -       -
    5          9      -      -      -      -      -      -       -
    6         39      -      -      -      -      -      -       -
    7        140      -      -      -      -      -      -       -
    8        258      -      -      -      -      -      -       -
    9        105      -      -      -      -      -      -       -
   10         72      -      -      -      -      -      -       -
   11         78      -      -      -      -      -      -       -
   12         78      -      -      -      -      -      -       -
   13         77      -      -      -      -      -      -       -
   14          -      -      -      -      -      -      -       -
   15          -      -      -      -      -      -      -       -
   16          -      -      -      -      -      -      -       -
   17          -      -      -      -      -      -      -       -
   18          -      -      -      -      -      -      -       -
   19          -      -      -      -      -      -      -       -
   20          -      -      -      -      -      -      -       -
   21          -      -      -      -      -      -      -       -
   22          -      -      -      -      -      -      -       -
   23          -      -      -      -      -      -      -       -
 
TOTALS
 
12HR 7-19      -      -      -      -      -      -      -       -
16HR 6-22      -      -      -      -      -      -      -       -
18HR 6-24      -      -      -      -      -      -      -       -
24HR 0-24      -      -      -      -      -      -      -       -

 
