*LOCATION	: ..	........	.......	.......	.......	.......	.......	...............
*SITE NUMB	ER: 11	703126						
*FILE NUMB	ER:	3						
*INTERVAL	:	15 MIN						
*BATTERY	:	6.2 V						
*RESTARTS	:	0						
*CONFIG	:	12						
*CHANNEL	:  1	OF  2						

	MON	TUE	WED	THU	FRI	SAT	SUN	7-DAY
DATE    05	/08/01	2	3	4	5	6	7	AVERAGE

START HOUR								

0	-	12	19	28	17	38	27	-
1	-	10	8	10	6	20	19	-
2	-	1	5	9	0	17	7	-
3	-	2	5	3	3	17	10	-
4	-	8	4	5	4	7	7	-
5	-	22	23	25	23	8	8	-
6	-	72	85	75	61	30	7	-
7	-	191	243	190	145	43	21	-
8	-	280	303	234	194	61	17	-
9	155	160	187	155	170	87	26	134
10	122	160	136	132	141	133	33	122
11	139	121	180	150	191	154	65	143
12	166	155	177	148	192	179	94	159
13	167	177	174	133	183	171	156	166
14	158	197	189	130	227	206	184	184
15	200	221	270	187	293	222	148	220
16	312	324	408	283	143	173	170	259
17	319	286	374	218	189	140	155	240
18	257	236	289	160	83	119	128	182
19	246	358	227	149	166	139	157	206
20	181	337	239	473	149	159	121	237
21	159	241	201	129	176	97	101	158
22	73	85	111	33	61	42	68	68
23	27	34	33	17	36	36	25	30

TOTALS								

12HR 7-19	-	2508	2930	2120	2151	1688	1197	-
16HR 6-22	-	3516	3682	2946	2703	2113	1583	-
18HR 6-24	-	3635	3826	2996	2800	2191	1676	-
24HR 0-24	-	3690	3890	3076	2853	2298	1754	-
								



*LOCATION	: ..	........	.......	.......	.......	.......	.......	...............
*SITE NUMB	ER: 11	703126						
*FILE NUMB	ER:	3						
*INTERVAL	:	15 MIN						
*BATTERY	:	6.2 V						
*RESTARTS	:	0						
*CONFIG	:	12						
*CHANNEL	:  1	OF  2						

	MON	TUE	WED	THU	FRI	SAT	SUN	7-DAY
DATE    05	/08/08	9	10	11	12	13	14	AVERAGE

START HOUR								

0	12	15	17	12	9	22	31	17
1	9	3	13	9	7	29	16	12
2	6	1	1	1	3	16	8	5
3	5	1	3	3	4	18	25	8
4	3	6	2	3	4	18	8	6
5	25	21	19	21	16	12	5	17
6	73	84	54	61	51	19	18	51
7	213	223	110	134	122	26	25	122
8	259	335	150	212	200	47	33	177
9	129	189	100	132	150	59	34	113
10	112	145	82	93	131	86	59	101
11	86	160	88	73	130	125	67	104
12	61	162	97	54	140	153	76	106
13	62	148	85	71	151	212	110	120
14	68	170	80	98	173	294	156	148
15	114	248	119	109	170	238	125	160
16	201	377	153	188	252	257	158	227
17	203	397	153	167	216	164	171	210
18	122	279	114	253	198	159	131	179
19	120	118	151	287	230	110	189	172
20	115	152	133	143	140	104	100	1232
21	75	155	85	156	147	89	80	306
22	17	31	26	36	52	39	38	34
23	18	23	20	16	29	51	32	27

TOTALS								

12HR 7-19	1630	2833	1331	1584	2033	1820	1145	1768
16HR 6-22	2013	3342	1754	2231	9326	2142	3899	3530
18HR 6-24	2048	3396	1800	2283	9407	2232	3969	3591
24HR 0-24	2108	3443	1855	2332	2725	2347	1695	3657
								



*LOCATION	: ..	........	.......	.......	.......	.......	.......	...............
*SITE NUMB	ER: 11	703126						
*FILE NUMB	ER:	3						
*INTERVAL	:	15 MIN						
*BATTERY	:	6.2 V						
*RESTARTS	:	0						
*CONFIG	:	12						
*CHANNEL	:  1	OF  2						

	MON	TUE	WED	THU	FRI	SAT	SUN	7-DAY
DATE    05	/08/15	16	17	18	19	20	21	AVERAGE

START HOUR								

0	16	13	18	12	22	52	32	24
1	9	6	6	12	9	39	24	15
2	1	0	3	6	5	20	14	7
3	3	0	1	2	3	15	15	6
4	3	2	4	2	9	7	18	6
5	16	22	17	21	18	10	5	16
6	88	91	104	91	92	30	13	73
7	242	244	271	272	244	36	26	191
8	327	312	372	339	331	58	36	254
9	187	208	211	211	195	118	51	169
10	145	117	152	154	129	146	86	133
11	156	151	143	163	165	164	68	144
12	159	132	127	194	160	193	82	150
13	158	120	152	158	200	259	113	166
14	187	155	171	206	214	191	132	179
15	236	208	226	269	269	230	111	221
16	374	336	380	360	364	194	115	303
17	374	313	314	376	297	193	198	295
18	301	238	335	246	308	166	265	266
19	357	218	424	248	262	123	258	270
20	338	261	363	357	247	108	162	262
21	185	180	179	181	171	650	105	592
22	60	52	50	69	108	36	30	58
23	20	24	31	34	117	39	21	41

TOTALS								

12HR 7-19	2846	2534	2854	2948	2876	1948	1283	2470
16HR 6-22	3814	5776	3924	3825	3648	2859	1821	3667
18HR 6-24	3894	5852	4005	3928	3873	2934	1872	3765
24HR 0-24	3942	3403	4054	3983	3939	3077	1980	3839
								



*LOCATION	: ..	........	.......	.......	.......	.......	.......	...............
*SITE NUMB	ER: 11	703126						
*FILE NUMB	ER:	3						
*INTERVAL	:	15 MIN						
*BATTERY	:	6.2 V						
*RESTARTS	:	0						
*CONFIG	:	12						
*CHANNEL	:  1	OF  2						

	MON	TUE	WED	THU	FRI	SAT	SUN	7-DAY
DATE    05	/08/22	23	24	25	26	27	28	AVERAGE

START HOUR								

0	13	12	19	22	45	-	-	-
1	5	5	11	13	22	-	-	-
2	4	0	4	2	7	-	-	-
3	3	2	1	4	10	-	-	-
4	8	8	5	4	8	-	-	-
5	20	19	16	20	19	-	-	-
6	96	98	88	106	71	-	-	-
7	261	273	266	260	193	-	-	-
8	362	335	383	366	-	-	-	-
9	186	204	190	209	-	-	-	-
10	126	120	117	159	-	-	-	-
11	129	122	122	140	-	-	-	-
12	115	154	143	139	-	-	-	-
13	142	154	126	153	-	-	-	-
14	150	149	188	175	-	-	-	-
15	213	214	244	247	-	-	-	-
16	371	363	347	384	-	-	-	-
17	359	389	373	319	-	-	-	-
18	286	365	260	271	-	-	-	-
19	207	200	216	206	-	-	-	-
20	207	292	178	182	-	-	-	-
21	100	100	169	104	-	-	-	-
22	56	56	55	56	-	-	-	-
23	19	31	33	53	-	-	-	-

TOTALS								

12HR 7-19	2700	2842	2759	2822	-	-	-	-
16HR 6-22	3310	6312	3410	3420	-	-	-	-
18HR 6-24	3385	6399	3498	3529	-	-	-	-
24HR 0-24	3438	3665	3554	3594	-	-	-	-
								



*LOCATION	: ..	........	.......	.......	.......	.......	.......	...............
*SITE NUMB	ER: 11	703126						
*FILE NUMB	ER:	3						
*INTERVAL	:	15 MIN						
*BATTERY	:	6.2 V						
*RESTARTS	:	0						
*CONFIG	:	12						
*CHANNEL	:  2	OF  2						

	MON	TUE	WED	THU	FRI	SAT	SUN	7-DAY
DATE    05	/08/01	2	3	4	5	6	7	AVERAGE

START HOUR								

0	-	2	5	11	2	11	8	-
1	-	2	1	4	1	7	12	-
2	-	3	2	4	1	12	4	-
3	-	1	1	2	0	9	3	-
4	-	2	0	6	2	1	2	-
5	-	3	6	4	5	1	1	-
6	-	50	42	38	27	11	8	-
7	-	99	144	92	81	19	8	-
8	-	123	174	110	78	26	7	-
9	57	78	80	60	44	49	9	54
10	40	33	53	48	38	39	12	38
11	36	44	53	48	49	71	38	48
12	51	53	61	58	71	71	42	58
13	54	60	65	53	73	100	68	68
14	45	51	68	44	89	62	76	62
15	91	68	112	84	121	84	77	91
16	172	160	201	100	355	86	48	160
17	131	121	155	96	284	52	60	128
18	106	117	140	59	258	73	78	119
19	89	10553	143	83	141	2425	53	1927
20	101	14455	544	4980	167	624	59	2990
21	116	11372	111	10948	111	7253	69	4283
22	41	6125	48	6	51	235	38	935
23	9	17	16	6	14	10	10	12

TOTALS								

12HR 7-19	-	1007	1306	852	1541	732	523	-
16HR 6-22	-	37437	2146	16901	1987	11045	712	-
18HR 6-24	-	43579	2210	16913	2052	11290	760	-
24HR 0-24	-	43592	2225	16944	2063	11331	790	-
								



*LOCATION	: ..	........	.......	.......	.......	.......	.......	...............
*SITE NUMB	ER: 11	703126						
*FILE NUMB	ER:	3						
*INTERVAL	:	15 MIN						
*BATTERY	:	6.2 V						
*RESTARTS	:	0						
*CONFIG	:	12						
*CHANNEL	:  2	OF  2						

	MON	TUE	WED	THU	FRI	SAT	SUN	7-DAY
DATE    05	/08/08	9	10	11	12	13	14	AVERAGE

START HOUR								

0	6	4	6	2	3	7	11	6
1	5	0	1	4	2	11	8	4
2	1	0	1	2	2	7	5	3
3	3	0	0	1	1	2	5	2
4	2	5	2	1	3	5	4	3
5	4	7	1	3	4	2	1	3
6	53	51	17	23	27	8	5	26
7	89	127	36	68	41	8	8	54
8	135	196	57	110	98	8	12	88
9	59	86	44	41	52	16	9	44
10	36	66	13	21	34	41	22	33
11	27	59	18	12	28	48	19	30
12	12	52	21	17	32	51	29	31
13	22	79	14	9	51	90	48	45
14	21	69	14	27	52	179	60	60
15	49	133	39	45	89	131	74	80
16	72	193	62	84	97	141	78	104
17	93	194	54	78	94	79	82	96
18	46	128	44	117	66	86	85	82
19	80	50	50	8319	1505	82	7427	2502
20	338	115	36	12867	6336	58	5255	3572
21	5778	57	2430	10652	10289	33	10914	5736
22	12	20	11	11	21	21	15	16
23	3	5	7	5	10	13	14	8

TOTALS								

12HR 7-19	661	1382	416	629	734	878	526	747
16HR 6-22	6910	1655	2949	32490	18891	1059	24127	12583
18HR 6-24	6925	1680	2967	32506	18922	1093	24156	12607
24HR 0-24	6946	1696	2978	32519	18937	1127	24190	12628
								



*LOCATION	: ..	........	.......	.......	.......	.......	.......	...............
*SITE NUMB	ER: 11	703126						
*FILE NUMB	ER:	3						
*INTERVAL	:	15 MIN						
*BATTERY	:	6.2 V						
*RESTARTS	:	0						
*CONFIG	:	12						
*CHANNEL	:  2	OF  2						

	MON	TUE	WED	THU	FRI	SAT	SUN	7-DAY
DATE    05	/08/15	16	17	18	19	20	21	AVERAGE

START HOUR								

0	4	6	6	7	10	24	6	9
1	0	2	0	0	2	13	9	4
2	1	1	0	0	3	9	3	2
3	0	1	1	3	2	6	13	4
4	4	4	0	1	2	4	3	3
5	10	8	9	3	6	1	4	6
6	44	46	48	48	46	2	6	34
7	131	116	152	138	108	6	14	95
8	185	174	177	205	142	17	11	130
9	71	85	116	64	77	42	18	68
10	60	46	43	44	46	41	27	44
11	51	40	39	56	52	73	23	48
12	44	34	38	57	65	73	24	48
13	51	39	47	66	65	87	32	55
14	70	40	48	71	78	83	40	61
15	116	83	110	118	124	76	48	96
16	180	159	174	175	136	69	48	134
17	182	132	133	151	121	56	88	123
18	119	128	3472	118	2633	57	1364	1127
19	1511	119	4064	113	512	39	8074	2062
20	6315	5463	11025	6305	109	39	3780	4719
21	6255	8811	7409	7512	3652	597	5077	5616
22	22	20	19	20	45	12	12	21
23	5	6	9	15	32	12	12	13

TOTALS								

12HR 7-19	1260	1076	4549	1263	3647	680	1737	2030
16HR 6-22	15385	15515	27095	15241	7966	1357	18674	14462
18HR 6-24	15412	15541	27123	15276	8043	1381	18698	14496
24HR 0-24	15431	15563	27139	15290	8068	1438	18736	14524
								



*LOCATION	: ..	........	.......	.......	.......	.......	.......	...............
*SITE NUMB	ER: 11	703126						
*FILE NUMB	ER:	3						
*INTERVAL	:	15 MIN						
*BATTERY	:	6.2 V						
*RESTARTS	:	0						
*CONFIG	:	12						
*CHANNEL	:  2	OF  2						

	MON	TUE	WED	THU	FRI	SAT	SUN	7-DAY
DATE    05	/08/22	23	24	25	26	27	28	AVERAGE

START HOUR								

0	4	2	9	9	23	-	-	-
1	0	0	2	3	12	-	-	-
2	4	1	0	2	6	-	-	-
3	0	2	0	1	7	-	-	-
4	2	2	4	4	3	-	-	-
5	6	7	8	6	7	-	-	-
6	56	55	50	51	38	-	-	-
7	140	153	144	121	84	-	-	-
8	217	196	177	190	-	-	-	-
9	77	93	95	100	-	-	-	-
10	34	51	52	40	-	-	-	-
11	44	48	44	51	-	-	-	-
12	42	43	45	46	-	-	-	-
13	60	54	83	60	-	-	-	-
14	50	50	78	70	-	-	-	-
15	103	108	114	124	-	-	-	-
16	163	178	187	174	-	-	-	-
17	163	176	163	137	-	-	-	-
18	127	4598	138	134	-	-	-	-
19	121	9208	112	121	-	-	-	-
20	186	952	92	107	-	-	-	-
21	58	4721	58	62	-	-	-	-
22	22	31	28	33	-	-	-	-
23	12	13	13	33	-	-	-	-

TOTALS								

12HR 7-19	1220	5748	1320	1247	-	-	-	-
16HR 6-22	1641	20684	1632	1588	-	-	-	-
18HR 6-24	1675	20728	1673	1654	-	-	-	-
24HR 0-24	1691	20742	1696	1679	-	-	-	-
								
								
