 
 
 
*LOCATION   : ............................................................
*SITE NUMBER: 11803112
*FILE NUMBER:       28
*INTERVAL   :   15 MIN
*BATTERY    :    6.4 V
*RESTARTS   :        0
*CONFIG     :       12
*CHANNEL    :  1 OF  2
 
             TUE    WED    THU    FRI    SAT    SUN    MON    7-DAY
DATE    05/08/02     03     04     05     06     07     08   AVERAGE
 
START HOUR
 
    0          -      3      3      3      6      2      4       -
    1          -      3      2      1      3      0      0       -
    2          -      1      1      0      2      1      1       -
    3          -      0      0      1      5      0      1       -
    4          -      0      1      0      4      0      1       -
    5          -     13     18     10      3      0      8       -
    6          -     71     37     35      6      8     46       -
    7          -    109     69     59     16      4     89       -
    8          -     66     37     27     23      7     39       -
    9          -     36     25     32     42     22     18       -
   10          -     72     47     29     51      5     21       -
   11          -     52     61     49     48     15     35       -
   12          -     62     38     50     65     33     14       -
   13          -     82     77     60     89     52     27       -
   14          -     82     51     67     92     56     27       -
   15         85    100     82     82     81     88     44      80
   16        105    149     93    101     75     75     66      95
   17         85    138     75     91     65     86     45      84
   18         76    111     46     83     62     79     17      68
   19        106     81     27     64     42     47     24      56
   20         67     80     16     76     34     58     16      50
   21         49     56     11     23     29     30     16      31
   22         14     20      6     28     20     25      5      17
   23         15     11      4      6      3      6      6       7
 
TOTALS
 
12HR 7-19      -   1059    701    730    709    522    442       -
16HR 6-22      -   1347    792    928    820    665    544       -
18HR 6-24      -   1378    802    962    843    696    555       -
24HR 0-24      -   1398    827    977    866    699    570       -



 
 
 
 
*LOCATION   : ............................................................
*SITE NUMBER: 11803112
*FILE NUMBER:       28
*INTERVAL   :   15 MIN
*BATTERY    :    6.4 V
*RESTARTS   :        0
*CONFIG     :       12
*CHANNEL    :  1 OF  2
 
             TUE    WED    THU    FRI    SAT    SUN    MON    7-DAY
DATE    05/08/09     10     11     12     13     14     15   AVERAGE
 
START HOUR
 
    0          1      3      1      5      4      4      1       3
    1          0      2      1      4      2      1      0       1
    2          0      0      0      1      1      1      0       0
    3          1      1      1      0      0      0      0       0
    4          0      0      0      0      0      0      0       0
    5         10      8      8      8      0      2      6       6
    6         54     24     28     30      8      5     50      28
    7        100     24     51     35      8      4    108      47
    8         55     11     43     22     16      6     47      29
    9         50     16     23     39     26     16     48      31
   10         42     23     28     12     52     21     48      32
   11         48     20      8     35     31     29     39      30
   12         75     34     13     35     36     30     81      43
   13         69     36     19     43     43     55     79      49
   14         85     37     28     52     60     40     73      54
   15        108     24     38     50     42     30     93      55
   16        172     38     74     82     47     65    161      91
   17        151     50     39     62     51     93    141      84
   18         89     33     43     67     27     74    128      66
   19         30     32     22     40     18     53    129      46
   20         41     15     16     34     29     43     86      38
   21         20      9     11     18     23     28     41      21
   22          8      7      6     13     14     11     13      10
   23          4      7      5      9      1      1      1       4
 
TOTALS
 
12HR 7-19   1044    346    407    534    439    463   1046     611
16HR 6-22   1189    426    484    656    517    592   1352     745
18HR 6-24   1201    440    495    678    532    604   1366     759
24HR 0-24   1213    454    506    696    539    612   1373     770



 
 
 
 
*LOCATION   : ............................................................
*SITE NUMBER: 11803112
*FILE NUMBER:       28
*INTERVAL   :   15 MIN
*BATTERY    :    6.4 V
*RESTARTS   :        0
*CONFIG     :       12
*CHANNEL    :  1 OF  2
 
             TUE    WED    THU    FRI    SAT    SUN    MON    7-DAY
DATE    05/08/16     17     18     19     20     21     22   AVERAGE
 
START HOUR
 
    0          2      2      1      1      4      5      3       3
    1          2      2      1      0      0      2      0       1
    2          1      2      1      3      2      4      0       2
    3          1      0      3      0      2      2      0       1
    4          0      1      1      0      1      1      0       1
    5          9      8     13      7      5      1     13       8
    6         51     68     58     52      4      2     56      42
    7         87    100    101     85     14     11    105      72
    8         56     78     67     59     15     14     75      52
    9         44     43     42     49     36     29     33      39
   10         45     49     56     35     63     55     38      49
   11         41     48     62     54     91     41     34      53
   12         39     49     63     60     87     30     49      54
   13         46     55     83     76     88     35     54      62
   14         57     47     74     86    132     51     59      72
   15         89     82    115    105     72     52     93      87
   16        120    115    144    136     95     47    137     113
   17         83    112    111     80     82     85    111      95
   18         67     94     98     98     56     77     83      82
   19         49     87     84     59     49     85     65      68
   20         39     49     64     51     32     45     49      47
   21         27     35     42     21     36     27     25      30
   22         12     11     13     12      8     11      6      10
   23          1      0      0      6     10      4      3       3
 
TOTALS
 
12HR 7-19    774    872   1016    923    831    527    871     831
16HR 6-22    940   1111   1264   1106    952    686   1066    1018
18HR 6-24    953   1122   1277   1124    970    701   1075    1032
24HR 0-24    968   1137   1297   1135    984    716   1091    1047



 
 
 
 
*LOCATION   : ............................................................
*SITE NUMBER: 11803112
*FILE NUMBER:       28
*INTERVAL   :   15 MIN
*BATTERY    :    6.4 V
*RESTARTS   :        0
*CONFIG     :       12
*CHANNEL    :  1 OF  2
 
             TUE    WED    THU    FRI    SAT    SUN    MON    7-DAY
DATE    05/08/23     24     25     26     27     28     29   AVERAGE
 
START HOUR
 
    0          1      0      4      2      3      4      2       2
    1          0      0      0      2      1      1      0       1
    2          0      0      0      2      2      0      0       1
    3          0      0      0      0      0      0      0       0
    4          0      0      0      1      0      0      1       0
    5          8      8     15     10      2      1      8       7
    6         72     59     70     35      7      5     40      41
    7        108     97     92     74     14     11     95      70
    8         69     74     68     53     22      8     46      49
    9         37     42     49     46     30     28     41      39
   10         52     40     49     36     51     14     38      40
   11         31     51     56     41     69     20     43      44
   12         67     57     60     35     59     22     38      48
   13         36     69     69     35     56     17     38      46
   14         79     60     82     61     71      9     30      56
   15        112    105    103     70     65     15      -       -
   16        110    132    114     36     63     11      -       -
   17        100    121    115     31     52     10      -       -
   18        108    108     89     13     52      8      -       -
   19         75     99     71     22     47      7      -       -
   20         57     79     26     23     14     11      -       -
   21         25     25     16     18      7      3      -       -
   22          5      8      8      7      2      0      -       -
   23          4      3      3      4      7      1      -       -
 
TOTALS
 
12HR 7-19    909    956    946    531    604    173      -       -
16HR 6-22   1138   1218   1129    629    679    199      -       -
18HR 6-24   1147   1229   1140    640    688    200      -       -
24HR 0-24   1156   1237   1159    657    696    206      -       -


 
