 
 
 
*LOCATION   : ............................................................
*SITE NUMBER: 11204013
*FILE NUMBER:        3
*INTERVAL   :   15 MIN
*BATTERY    :    6.2 V
*RESTARTS   :        0
*CONFIG     :        0
*CHANNEL    :  1 OF  1
 
             THU    FRI    SAT    SUN    MON    TUE    WED    7-DAY
DATE    09/10/01     02     03     04     05     06     07   AVERAGE
 
START HOUR
 
    0          -      4      0      0      1      1      1       -
    1          -      0      2      2      1      0      0       -
    2          -      0      1      1      0      1      0       -
    3          -      0      1      0      0      2      5       -
    4          -      2      0      0      0      0      0       -
    5          -     15      0      0      6      8      4       -
    6          -     28      1      2     24     35     21       -
    7          -     66      6      4     44     58     33       -
    8          -     38     11      1     39     64     29       -
    9          -     25     19      8     22     33      7       -
   10          -     30     31     14     17     19      4       -
   11          -     43     32      9     21     34      6       -
   12          -     36     41      4     21     34      8       -
   13          -     41     57     13     18     31      7       -
   14         45     57     68     12     23     32     11      35
   15         80     55     51      6     48     72     23      48
   16         72     77     43     10     40     74     39      51
   17         61     48     47      3     66     76     46      50
   18         51     40     19      7     43     50     23      33
   19         24     19      8      7     26     28     16      18
   20         32      8      6      3     21     20     13      15
   21          6      7      9      1     14     11      6       8
   22          6      5      2      2      3      2      3       3
   23          1      2      0      0      1      1      4       1
 
TOTALS
 
12HR 7-19      -    556    425     91    402    577    236       -
16HR 6-22      -    618    449    104    487    671    292       -
18HR 6-24      -    625    451    106    491    674    299       -
24HR 0-24      -    646    455    109    499    686    309       -
 
 
 
 
*LOCATION   : ............................................................
*SITE NUMBER: 11204013
*FILE NUMBER:        3
*INTERVAL   :   15 MIN
*BATTERY    :    6.2 V
*RESTARTS   :        0
*CONFIG     :        0
*CHANNEL    :  1 OF  1
 
             THU    FRI    SAT    SUN    MON    TUE    WED    7-DAY
DATE    09/10/08     09     10     11     12     13     14   AVERAGE
 
START HOUR
 
    0          1      1      3      0      0      0      1       1
    1          0      0      1      0      1      0      1       0
    2          0      0      0      1      2      1      0       1
    3          0      1      0      1      0      0      1       0
    4          1      0      0      1      0      1      1       1
    5          6      5      0      0      3      6      6       4
    6         27     27      5      4     28     18     12      17
    7         61     59      5      7     35     44     53      38
    8         53     20      6      3     28     32     29      24
    9         35     14     18     11     18     12     21      18
   10         23     12     35     19     16     15     22      20
   11         33     22     36     28     14     18     19      24
   12         29     30     47     56     17     19     17      31
   13         27     16     36     52     18     22     17      27
   14         56     27     49     67     18     17     21      36
   15         68     71     50     52     38     48     41      53
   16         91     49     34     40     33     50     63      51
   17         79     52     36     39     21     48     49      46
   18         53     32     35     10     19     35     27      30
   19         30     18     12     13     10     25     16      18
   20         23      7      3      7      7     14     14      11
   21         12      6      4      9      7      4      6       7
   22          3      7      1      2      1      2      2       3
   23          1      4      2      0      0      3      1       2
 
TOTALS
 
12HR 7-19    608    404    387    384    275    360    379     400
16HR 6-22    700    462    411    417    327    421    427     452
18HR 6-24    704    473    414    419    328    426    430     456
24HR 0-24    712    480    418    422    334    434    440     463
 
 
 
 
*LOCATION   : ............................................................
*SITE NUMBER: 11204013
*FILE NUMBER:        3
*INTERVAL   :   15 MIN
*BATTERY    :    6.2 V
*RESTARTS   :        0
*CONFIG     :        0
*CHANNEL    :  1 OF  1
 
             THU    FRI    SAT    SUN    MON    TUE    WED    7-DAY
DATE    09/10/15     16     17     18     19     20     21   AVERAGE
 
START HOUR
 
    0          1      4      4      0     30      0      1       6
    1          1      0      1      1      0      0      0       0
    2          0      1      1      0      0      1      1       1
    3          1      0      0      2      1      0      1       1
    4          0      2      0      1      1      2      1       1
    5          5      4      0      0      4      6      6       4
    6         11     18      1      1     17     25     26      14
    7         40     32      1      5     37     52     52      31
    8         39     21      6      3     17     21     20      18
    9         17     14      7      3     14     16     19      13
   10         16     17     19     12     10     16     13      15
   11         19     31     27     16     13     22     17      21
   12         25     26     25     20     18     14     17      21
   13         31     29     32     16     25     22     20      25
   14         20     32     31     32     24     24     24      27
   15         43     47     19     21     25     55     42      36
   16         46     53     26     15     35     55     75      44
   17         31     25     19     27     29     47     53      33
   18         27     30      9     10     34     32     30      25
   19         13     16      6     12     20     28     17      16
   20         15     22      3      6     16     25     14      14
   21          2     12      2      3      9      6     11       6
   22          4      2      1      2      2      2      6       3
   23          5      1      0     19      1      8      3       5
 
TOTALS
 
12HR 7-19    354    357    221    180    281    376    382     307
16HR 6-22    395    425    233    202    343    460    450     358
18HR 6-24    404    428    234    223    346    470    459     366
24HR 0-24    412    439    240    227    382    479    469     378
 
 
 
 
*LOCATION   : ............................................................
*SITE NUMBER: 11204013
*FILE NUMBER:        3
*INTERVAL   :   15 MIN
*BATTERY    :    6.2 V
*RESTARTS   :        0
*CONFIG     :        0
*CHANNEL    :  1 OF  1
 
             THU    FRI    SAT    SUN    MON    TUE    WED    7-DAY
DATE    09/10/22     23     24     25     26     27     28   AVERAGE
 
START HOUR
 
    0          0      0      0      1      0      1      1       0
    1          0      0      1      2      1      0      0       1
    2          0      0      1      1      0      0      0       0
    3          0      1      1      1      1      1      0       1
    4          3      0      1      0      0      1      0       1
    5          8      6      0      1      1      3      0       3
    6         14     15      3      0      7      6      6       7
    7         37     32      3      3     27     19     25      21
    8         33     22      3      4     37     47     36      26
    9         20     19      7      2     39     28     30      21
   10         20     12     19     11     13     19     20      16
   11         19     12     18     28     21     17     20      19
   12         22     16     25     22     15     19     18      20
   13         18     18     29     17     15     22     19      20
   14         31     35     39     34     14     26     20      28
   15         41     35     32     17     11     21     21      25
   16         43     30     24     16     20     45     39      31
   17         33     27     19     12     34     45     45      31
   18         22      9     13     10     36     29     37      22
   19         11     12      5      6     26     21     34      16
   20         18      7     10      4     15      7     16      11
   21          6      8      2      9      7     11     16       8
   22          2      2      5      5      9      7      6       5
   23          4      0      3      4      1      4      6       3
 
TOTALS
 
12HR 7-19    339    267    231    176    282    337    330     280
16HR 6-22    388    309    251    195    337    382    402     323
18HR 6-24    394    311    259    204    347    393    414     332
24HR 0-24    405    318    263    210    350    399    415     337
 
 
 
 
*LOCATION   : ............................................................
*SITE NUMBER: 11204013
*FILE NUMBER:        3
*INTERVAL   :   15 MIN
*BATTERY    :    6.2 V
*RESTARTS   :        0
*CONFIG     :        0
*CHANNEL    :  1 OF  1
 
             THU    FRI    SAT    SUN    MON    TUE    WED    7-DAY
DATE    09/10/29     30     31     01     02     03     04   AVERAGE
 
START HOUR
 
    0          1      1      1      1      0      1      -       -
    1          2      3      0      1      0      3      -       -
    2          2      0      1      1      0      1      -       -
    3          0      1      0      2      0      0      -       -
    4          0      0      0      0      1      0      -       -
    5          2      2      1      0      2      1      -       -
    6          4      7      1      0      4      8      -       -
    7         27     18      3      4     20     21      -       -
    8         39     39      3      1     55     32      -       -
    9         23     21      3      5     31     34      -       -
   10         21     16      9      3     20     20      -       -
   11         15     21     22     13     28      -      -       -
   12         20     19     34     27     23      -      -       -
   13         12     23     53     49     30      -      -       -
   14         26     20     30     41     19      -      -       -
   15         24     38     31     45     31      -      -       -
   16         38     37     35     26     52      -      -       -
   17         48     41     26     34     54      -      -       -
   18         39     20     21     21     41      -      -       -
   19         25     13     13     13     30      -      -       -
   20         10      8      0      6     14      -      -       -
   21         11      7      4      2     11      -      -       -
   22          7      3      1      2      8      -      -       -
   23          5      3      2      4      0      -      -       -
 
TOTALS
 
12HR 7-19    332    313    270    269    404      -      -       -
16HR 6-22    382    348    288    290    463      -      -       -
18HR 6-24    394    354    291    296    471      -      -       -
24HR 0-24    401    361    294    301    474      -      -       -
 
