 
 
 
*LOCATION   : ............................................................
*SITE NUMBER: 11604101
*FILE NUMBER:        5
*INTERVAL   :   15 MIN
*BATTERY    :    6.2 V
*RESTARTS   :        0
*CONFIG     :        0
*CHANNEL    :  1 OF  1
 
             MON    TUE    WED    THU    FRI    SAT    SUN    7-DAY
DATE    09/10/05     06     07     08     09     10     11   AVERAGE
 
START HOUR
 
    0          -      1      0      1      1      1      5       -
    1          -      1      1      1      1      0      0       -
    2          -      1      1      3      1      1      3       -
    3          -      0      0      0      0      5      1       -
    4          -      0      1      2      3      4      0       -
    5          -     12     16     11     10      2      2       -
    6          -     39     17     30     26      4      4       -
    7          -     61     41     73     54      7      3       -
    8          -     62     41     66     50     15      3       -
    9          -     32      9     45     26     30      5       -
   10          -     42      9     55     33     56     17       -
   11          -     47      8     59     45     55     26       -
   12          -     60      5     71     52     82     36       -
   13          -     68     19     63     61     63     38       -
   14         65     62     27     83     73     70     26      58
   15         82     95     45     95     90     74     26      72
   16         92     89     54    107     87     65     31      75
   17         88     79     60     90     69     69     19      68
   18         75     81     48     76     61     29     18      55
   19         64     55     41     55     41      5     12      39
   20         44     45     37     31     22     10     13      29
   21         19     19      8      7      9      3      3      10
   22          6      8      8      8      6      4      4       6
   23          1      3      0      6      5      2      1       3
 
TOTALS
 
12HR 7-19      -    778    366    883    701    615    248       -
16HR 6-22      -    936    469   1006    799    637    280       -
18HR 6-24      -    947    477   1020    810    643    285       -
24HR 0-24      -    962    496   1038    826    656    296       -
 
 
 
 
*LOCATION   : ............................................................
*SITE NUMBER: 11604101
*FILE NUMBER:        5
*INTERVAL   :   15 MIN
*BATTERY    :    6.2 V
*RESTARTS   :        0
*CONFIG     :        0
*CHANNEL    :  1 OF  1
 
             MON    TUE    WED    THU    FRI    SAT    SUN    7-DAY
DATE    09/10/12     13     14     15     16     17     18   AVERAGE
 
START HOUR
 
    0          1      1      0      0      2      4      1       1
    1          0      0      1      0      0      2      1       1
    2          0      2      0      2      0      1      0       1
    3          0      0      0      0      0      0      0       0
    4          3      1      1      2      1      4      1       2
    5         12      7      9     13     11      1      2       8
    6         22     26     24     27     16      7      3      18
    7         55     46     43     42     40      5      3      33
    8         50     46     43     29     33     16      2      31
    9         31     31     27     33     30     28      6      27
   10         34     36     26     29     27     45      5      29
   11         38     26     40     42     67     59      7      40
   12         59     52     35     48     57     75     24      50
   13         36     40     45     37     66     56     20      43
   14         40     51     55     61     67     64     17      51
   15         46     59     45     62     73     53     14      50
   16         47     67     69     75     77     47     29      59
   17         42     56     60     69     47     46     24      49
   18         25     54     61     51     45     16     26      40
   19         15     44     42     40     27     15      8      27
   20         20     19     16     13     16      7      8      14
   21          5     10      9      7     14      5      6       8
   22          5      4      5     11      6      4      2       5
   23          2      0      5      0      1      3      2       2
 
TOTALS
 
12HR 7-19    503    564    549    578    629    510    177     501
16HR 6-22    565    663    640    665    702    544    202     569
18HR 6-24    572    667    650    676    709    551    206     576
24HR 0-24    588    678    661    693    723    563    211     588
 
 
 
 
*LOCATION   : ............................................................
*SITE NUMBER: 11604101
*FILE NUMBER:        5
*INTERVAL   :   15 MIN
*BATTERY    :    6.2 V
*RESTARTS   :        0
*CONFIG     :        0
*CHANNEL    :  1 OF  1
 
             MON    TUE    WED    THU    FRI    SAT    SUN    7-DAY
DATE    09/10/19     20     21     22     23     24     25   AVERAGE
 
START HOUR
 
    0          1      0      2      0      0      2      0       1
    1          1      1      1      2      0      0      0       1
    2          0      2      1      1      2      3      0       1
    3          1      0      0      3      0      1      1       1
    4          0      2      1      1      1      0      3       1
    5          8     11      8      8      6      7      2       7
    6         19     25     22     29     13      5      3      17
    7         33     37     46     43     37      3      4      29
    8         38     52     42     53     40     21      1      35
    9         25     38     36     39     23     37      4      29
   10         36     38     33     37     32     61     12      36
   11         46     48     42     42     28     55     14      39
   12         46     56     40     65     33     49     13      43
   13         48     43     48     44     51     54     15      43
   14         51     54     41     51     62     47     15      46
   15         63     85     83     82     73     66     15      67
   16         88     82     90     97     70     99     23      78
   17         76     68     77     46     49     60     11      55
   18         46     67     41     19     32     23      9      34
   19         33     47     33     24     37     13      8      28
   20         25     22     23      9     12      2      4      14
   21         11     13     22     10      6      2      3      10
   22          8      6      3      6      6      6      5       6
   23          0      1      2      3      3      3      3       2
 
TOTALS
 
12HR 7-19    596    668    619    618    530    575    136     535
16HR 6-22    684    775    719    690    598    597    154     602
18HR 6-24    692    782    724    699    607    606    162     610
24HR 0-24    703    798    737    714    616    619    168     622
 
 
 
 
*LOCATION   : ............................................................
*SITE NUMBER: 11604101
*FILE NUMBER:        5
*INTERVAL   :   15 MIN
*BATTERY    :    6.2 V
*RESTARTS   :        0
*CONFIG     :        0
*CHANNEL    :  1 OF  1
 
             MON    TUE    WED    THU    FRI    SAT    SUN    7-DAY
DATE    09/10/26     27     28     29     30     31     01   AVERAGE
 
START HOUR
 
    0          0      0      1      2      0      1      2       1
    1          3      1      1      0      0      3      0       1
    2          2      1      1      3      2      2      0       2
    3          0      0      1      2      3      0      2       1
    4          0      1      0      0      0      0      1       0
    5          3      3      3      3      3      1      0       2
    6         12      9     11      8     12      1      1       8
    7         24     31     24     29     24      2      1      19
    8         48     44     50     36     39      3      2      32
    9         39     50     51     47     43      3      1      33
   10         27     41     37     30     31     15      2      26
   11         35     42     24     44     52     11      6      31
   12         34     38     39     39     48     13     15      32
   13         49     52     45     30     52     18     40      41
   14         47     56     29     62     58     23     52      47
   15         46     45     43     46     93     25     49      50
   16         67     94     97     72    114     12     60      74
   17         64    106    102     94     94     22     35      74
   18         55     52     52     62     44     10     20      42
   19         41     38     44     33     38      4     21      31
   20         12     28     30     33     32      4      7      21
   21         17     20     18     17     12      2      7      13
   22         14      8     15     14      3      5     10      10
   23          9      5      8      5      5      4      3       6
 
TOTALS
 
12HR 7-19    535    651    593    591    692    157    283     500
16HR 6-22    617    746    696    682    786    168    319     573
18HR 6-24    640    759    719    701    794    177    332     589
24HR 0-24    648    765    726    711    802    184    337     596
 
 
 
 
*LOCATION   : ............................................................
*SITE NUMBER: 11604101
*FILE NUMBER:        5
*INTERVAL   :   15 MIN
*BATTERY    :    6.2 V
*RESTARTS   :        0
*CONFIG     :        0
*CHANNEL    :  1 OF  1
 
             MON    TUE    WED    THU    FRI    SAT    SUN    7-DAY
DATE    09/11/02     03     04     05     06     07     08   AVERAGE
 
START HOUR
 
    0          1      2      -      -      -      -      -       -
    1          0      4      -      -      -      -      -       -
    2          1      0      -      -      -      -      -       -
    3          2      3      -      -      -      -      -       -
    4          0      0      -      -      -      -      -       -
    5          4      4      -      -      -      -      -       -
    6         10     10      -      -      -      -      -       -
    7         26     23      -      -      -      -      -       -
    8         43     47      -      -      -      -      -       -
    9         45     46      -      -      -      -      -       -
   10         34     40      -      -      -      -      -       -
   11         39     38      -      -      -      -      -       -
   12         57     37      -      -      -      -      -       -
   13         46     37      -      -      -      -      -       -
   14         46     45      -      -      -      -      -       -
   15         40      -      -      -      -      -      -       -
   16         85      -      -      -      -      -      -       -
   17         81      -      -      -      -      -      -       -
   18         64      -      -      -      -      -      -       -
   19         50      -      -      -      -      -      -       -
   20         44      -      -      -      -      -      -       -
   21         21      -      -      -      -      -      -       -
   22         1