
 
 
 
*LOCATION   : ............................................................
*SITE NUMBER: 11704017
*FILE NUMBER:        7
*INTERVAL   :   15 MIN
*BATTERY    :    6.4 V
*RESTARTS   :        0
*CONFIG     :       12
*CHANNEL    :  2 OF  2
 
             THU    FRI    SAT    SUN    MON    TUE    WED    7-DAY
DATE    09/10/01     02     03     04     05     06     07   AVERAGE
 
START HOUR
 
    0          -      2      5      5      0      1      0       -
    1          -      2      5      0      0      1      1       -
    2          -      0      3      3      0      1      1       -
    3          -      0      3      3      2      0      1       -
    4          -      1      3      2      1      2      2       -
    5          -      7      2      1      7     10      4       -
    6          -     27      4      3     25     39     26       -
    7          -     95      6      0     66    107     62       -
    8          -    126     12      1     90    125     62       -
    9          -     72     24      3     70     75     21       -
   10         41     36     31      8     30     32     13      27
   11         38     31     28      5     17     32     10      23
   12         23     35     55      5     26     40     11      28
   13         33     36     47      8     22     28     12      27
   14         38     54     53     13     28     45     18      36
   15         75     75     63     12     59     74     28      55
   16        119    101     47     12     84    132     60      79
   17        104    101     35     10     92    121     61      75
   18         88     54     18      9     57     76     43      49
   19         59     37     16      8     33     64     30      35
   20         41     29     16      8     27     29     25      25
   21         28     24     12      5     22     40     16      21
   22         13     12      4      4     18      9     11      10
   23          3     10      3      1      3      5      3       4
 
TOTALS
 
12HR 7-19      -    816    419     86    641    887    401       -
16HR 6-22      -    933    467    110    748   1059    498       -
18HR 6-24      -    955    474    115    769   1073    512       -
24HR 0-24      -    967    495    129    779   1088    521       -

 
 
 









 
*LOCATION   : ............................................................
*SITE NUMBER: 11704017
*FILE NUMBER:        7
*INTERVAL   :   15 MIN
*BATTERY    :    6.4 V
*RESTARTS   :        0
*CONFIG     :       12
*CHANNEL    :  2 OF  2
 
             THU    FRI    SAT    SUN    MON    TUE    WED    7-DAY
DATE    09/10/08     09     10     11     12     13     14   AVERAGE
 
START HOUR
 
    0          1      6     10      6      2      0      2       4
    1          2      2      2      0      0      0      2       1
    2          0      0      1      7      0      0      1       1
    3          0      1      1      2      0      1      0       1
    4          1      0      2      6      2      0      0       2
    5          7      7      2      2      6      5      6       5
    6         21     32      3      2     26     27     29      20
    7        113     78      2      4     71     84     82      62
    8        103    111      6      5     75     85     80      66
    9         67     41     12      8     54     54     52      41
   10         39     26     23     15     27     34     31      28
   11         33     22     39     24     20     21     24      26
   12         25     45     45     41     22     22     29      33
   13         41     32     56     38     21     24     31      35
   14         57     41     64     50     28     35     31      44
   15         75     66     41     50     51     62     62      58
   16        140     96     42     59     60     89     82      81
   17        118     71     35     40     88     81     82      74
   18         89     49     25     38     40     65     54      51
   19         39     34     21     21     23     33     25      28
   20         32     18     12     14     16     26     25      20
   21         25     13     15     15     11     17     18      16
   22         12     11      4     11      8      5     11       9
   23          3      5      4      3      2      8      5       4
 
TOTALS
 
12HR 7-19    900    678    390    372    557    656    640     599
16HR 6-22   1017    775    441    424    633    759    737     684
18HR 6-24   1032    791    449    438    643    772    753     697
24HR 0-24   1043    807    467    461    653    778    764     710

 
 







 
 
*LOCATION   : ............................................................
*SITE NUMBER: 11704017
*FILE NUMBER:        7
*INTERVAL   :   15 MIN
*BATTERY    :    6.4 V
*RESTARTS   :        0
*CONFIG     :       12
*CHANNEL    :  2 OF  2
 
             THU    FRI    SAT    SUN    MON    TUE    WED    7-DAY
DATE    09/10/15     16     17     18     19     20     21   AVERAGE
 
START HOUR
 
    0          3      1      6      3      1      0      1       2
    1          2      1      1      3      0      1      2       1
    2          1      0      4      0      0      0      1       1
    3          1      1      0      2      0      1      0       1
    4          2      1      2      3      1      1      2       2
    5          3      6      2      1      5      5      4       4
    6         21     17      2      4     23     29     28      18
    7         65     56      6      2     69     83     83      52
    8         92     74      8      4     74     91     97      63
    9         43     47     21      6     49     63     46      39
   10         22     27     28      7     16     31     28      23
   11         32     31     28      9     24     23     35      26
   12         28     28     52     19     30     32     22      30
   13         26     20     35     16     27     33     21      25
   14         32     32     25     32     23     33     31      30
   15         49     56     47     17     47     51     64      47
   16         72     75     21     21     74     94    106      66
   17         84     62     33     23     82     91     74      64
   18         48     45     13     19     45     59     73      43
   19         38     21      9     10     25     38     49      27
   20         22     15      8     10     25     25     23      18
   21         19     17      5      6     16     27     20      16
   22          8      6      1      4     11      5      9       6
   23          2      9      1      3      3      3      3       3
 
TOTALS
 
12HR 7-19    593    553    317    175    560    684    680     509
16HR 6-22    693    623    341    205    649    803    800     588
18HR 6-24    703    638    343    212    663    811    812     597
24HR 0-24    715    648    358    224    670    819    822     608

 
 
 
 
*LOCATION   : ............................................................
*SITE NUMBER: 11704017
*FILE NUMBER:        7
*INTERVAL   :   15 MIN
*BATTERY    :    6.4 V
*RESTARTS   :        0
*CONFIG     :       12
*CHANNEL    :  2 OF  2
 
             THU    FRI    SAT    SUN    MON    TUE    WED    7-DAY
DATE    09/10/22     23     24     25     26     27     28   AVERAGE
 
START HOUR
 
    0          9      1      8      2      1      3      4       4
    1          3      1      1      3      0      5      4       2
    2          0      1      3      1      0      0      0       1
    3          0      0      3      2      0      1      0       1
    4          2      1      4      2      0      1      0       1
    5          6      4      4      3      0      0      0       2
    6         24     21      4      0      5      3      3       9
    7         77     63      6      4     26     23     28      32
    8         96     77      6      3     64     90     86      60
    9         51     35     19      2     93     88     85      53
   10         35     19     13     15     35     44     44      29
   11         32     20     28     16     31     29     29      26
   12         23     26     19     12     22     32     25      23
   13         19     27     25     15     27     30     30      25
   14         27     35     42     12     19     21     25      26
   15         54     59     31     24     24     37     25      36
   16         89     77     29     23     54     62     58      56
   17         64     58     22     12     69     83     78      55
   18         52     44     22     14     70     62     70      48
   19         27     27      6     14     49     52     57      33
   20         18     20     12      7     19     33     22      19
   21         13     12      6      5     23     21     25      15
   22          6      5      7      7     10     17     10       9
   23          1      4      2      3      7      8     10       5
 
TOTALS
 
12HR 7-19    619    540    262    152    534    601    583     470
16HR 6-22    701    620    290    178    630    710    690     546
18HR 6-24    708    629    299    188    647    735    710     559
24HR 0-24    728    637    322    201    648    745    718     571

 
 













 
 
*LOCATION   : ............................................................
*SITE NUMBER: 11704017
*FILE NUMBER:        7
*INTERVAL   :   15 MIN
*BATTERY    :    6.4 V
*RESTARTS   :        0
*CONFIG     :       12
*CHANNEL    :  2 OF  2
 
             THU    FRI    SAT    SUN    MON    TUE    WED    7-DAY
DATE    09/10/29     30     31     01     02     03     04   AVERAGE
 
START HOUR
 
    0          6      3      7      2      3      1      6       4
    1          1      2      5      0      0      3      0       2
    2          1      2      2      2      0      0      0       1
    3          2      1      1      3      0      0      0       1
    4          1      2      0      2      1      1      1       1
    5          0      0      1      1      7      1      0       1
    6          4      3      0      0     14      6      3       4
    7         20     16      2      2     35     24     20      17
    8         83     64      4      2     77     87     70      55
    9         80     73      3      2     72     97     94      60
   10         53     36      9      6     72     48     45      38
   11         22     20     11     12     26     23     19      19
   12         24     20     23     21     23     23     19      22
   13         19     25     38     87     28     22     19      34
   14         32     26     26     30     28     26     20      27
   15         43     31     31     25     36     28     20      31
   16         51     60     20     42     83     68     56      54
   17         88     61     32     21     93     87     78      66
   18         64     45     15     18     74     72     65      50
   19         44     16     17     14     39     47     41      31
   20         24     18     15     15     37     39     30      25
   21         23     12     13     15     45     24     23      22
   22         19     11      4     12     15     20     22      15
   23         14      2      2      4      7      5      7       6
 
TOTALS
 
12HR 7-19    579    477    214    268    647    605    525     474
16HR 6-22    674    526    259    312    782    721    622     557
18HR 6-24    707    539    265    328    804    746    651     577
24HR 0-24    718    549    281    338    815    752    658     587

 










 
 
 
*LOCATION   : ............................................................
*SITE NUMBER: 11704017
*FILE NUMBER:        7
*INTERVAL   :   15 MIN
*BATTERY    :    6.4 V
*RESTARTS   :        0
*CONFIG     :       12
*CHANNEL    :  2 OF  2
 
             THU    FRI    SAT    SUN    MON    TUE    WED    7-DAY
DATE    09/11/05     06     07     08     09     10     11   AVERAGE
 
START HOUR
 
    0          2      1      -      -      -      -      -       -
    1          1      0      -      -      -      -      -       -
    2          0      1      -      -      -      -      -       -
    3          1      0      -      -      -      -      -       -
    4          0      0      -      -      -      -      -       -
    5          0      1      -      -      -      -      -       -
    6          1      4      -      -      -      -      -       -
    7          8     12      -      -      -      -      -       -
    8         48     32      -      -      -      -      -       -
    9         35     41      -      -      -      -      -       -
   10         26      -      -      -      -      -      -       -
   11         19      -      -      -      -      -      -       -
   12         10      -      -      -      -      -      -       -
   13         10      -      -      -      -      -      -       -
   14         12      -      -      -      -      -      -       -
   15         15      -      -      -      -      -      -       -
   16         24      -      -      -      -      -      -       -
   17         34      -      -      -      -      -      -       -
   18         31      -      -      -      -      -      -       -
   19         22      -      -      -      -      -      -       -
   20         11      -      -      -      -      -      -       -
   21         13      -      -      -      -      -      -       -
   22         11      -      -      -      -      -   
