 
 
 
*LOCATION   : ............................................................
*SITE NUMBER: 10301425
*FILE NUMBER:        3
*INTERVAL   :   15 MIN
*BATTERY    :    6.7 V
*RESTARTS   :        0
*CONFIG     :        0
*CHANNEL    :  1 OF  1
 
             MON    TUE    WED    THU    FRI    SAT    SUN    7-DAY
DATE    08/03/31     01     02     03     04     05     06   AVERAGE
 
START HOUR
 
    0          -      1      1      2      1      2      0       -
    1          -      0      1      3      1      4      4       -
    2          -      0      2      1      0      3      2       -
    3          -      0      2      0      2      3      0       -
    4          -      1      1      1      1      2      0       -
    5          -     11     11      9      9      1      3       -
    6          -     23     30     26     18      4      3       -
    7          -     53     60     56     54      5      5       -
    8          -     68     67     73     53      2      6       -
    9          -     30     30     28     26     12     16       -
   10         12     25     23     12     29     12     27      20
   11         18     19     28     26     36     21     40      27
   12         19     15     38     20     31     29     52      29
   13         19     24     21     29     25      9     19      21
   14         24     20     24     43     39     14     33      28
   15         44     50     61     53     44     11     27      41
   16         60     86     65     56     58     13     28      52
   17         54     59     65     60     43     11     34      47
   18         35     42     32     30     30      7     24      29
   19         36     48     24     31     23      8     22      27
   20         22     29     14     15      9      2      6      14
   21         15     13     19     15     13      4      4      12
   22          4     10     10      5      7      2      2       6
   23          1      1      4      3      4      3      2       3
 
TOTALS
 
12HR 7-19      -    491    514    486    468    146    311       -
16HR 6-22      -    604    601    573    531    164    346       -
18HR 6-24      -    615    615    581    542    169    350       -
24HR 0-24      -    628    633    597    556    184    359       -
 
 
 
 
*LOCATION   : ............................................................
*SITE NUMBER: 10301425
*FILE NUMBER:        3
*INTERVAL   :   15 MIN
*BATTERY    :    6.7 V
*RESTARTS   :        0
*CONFIG     :        0
*CHANNEL    :  1 OF  1
 
             MON    TUE    WED    THU    FRI    SAT    SUN    7-DAY
DATE    08/04/07     08     09     10     11     12     13   AVERAGE
 
START HOUR
 
    0          0      0      2      3      3      2      2       2
    1          1      0      0      2      0      6      2       2
    2          0      2      2      0      1      0      1       1
    3          0      0      0      0      0      2      0       0
    4          1      1      0      4      4      3      0       2
    5          7      7      5      5      8      1      1       5
    6         26     35     11     22     23      6      2      18
    7         48     55     36     62     61      3      1      38
    8         57     53     27     63     60      6      3      38
    9         27     17     15     28     26     22      1      19
   10         12      9      6     14     18     29      7      14
   11          9     15      9     26     26     37      5      18
   12         15     28     15     19     23     51     13      23
   13         20      6     24     21     30     48     12      23
   14         23     12     17     33     24     55      7      24
   15         48     34     24     47     55     57      6      39
   16         66     33     31     76     62     29      8      44
   17         36     27     31     46     40     19      7      29
   18         37     29     17     35     27     23     10      25
   19         12     12     22     23     12     15      4      14
   20         19      9     14     18     17     15      4      14
   21          7      5      8     11     11      7      4       8
   22          5      1      3      5      5      7      1       4
   23          1      1      1      3      7      2      2       2
 
TOTALS
 
12HR 7-19    398    318    252    470    452    379     80     336
16HR 6-22    462    379    307    544    515    422     94     389
18HR 6-24    468    381    311    552    527    431     97     395
24HR 0-24    477    391    320    566    543    445    103     406
 
 
 
 
*LOCATION   : ............................................................
*SITE NUMBER: 10301425
*FILE NUMBER:        3
*INTERVAL   :   15 MIN
*BATTERY    :    6.7 V
*RESTARTS   :        0
*CONFIG     :        0
*CHANNEL    :  1 OF  1
 
             MON    TUE    WED    THU    FRI    SAT    SUN    7-DAY
DATE    08/04/14     15     16     17     18     19     20   AVERAGE
 
START HOUR
 
    0          1      3      4      3      3      8      1       3
    1          2      2      0      1      6      9      5       4
    2          1      2      0      0      2      3      3       2
    3          0      1      0      0      0      0      2       0
    4          1      1      4      3      1      1      3       2
    5          8      9     11     11     13      2      4       8
    6         27     44     48     39     32      9      7      29
    7         54     86     84    106     94     13      8      64
    8         58     91     64     89     61     12      6      54
    9         31    186     34     35     32     21     23      52
   10         16     17     19     22     25     39     47      26
   11         17     28     35     29     23     45     73      36
   12         25     21    307     22     29     60     75      77
   13         18     27     25     29     49     74     91      45
   14         18     33     33     32     43     43     92      42
   15         53     81     50     74     73     50     74      65
   16         74    108     95     98     87     40     58      80
   17         65     67     64     92     53     32     64      62
   18         43     49     40     57     27     32     45      42
   19         54     35     29     39     25     20     45      35
   20         42     33     31     27     18     20     28      28
   21         33     18     16     19     24     13      9      19
   22          7      8      6     13      9      5      5       8
   23          5      2      3      8      5      4      1       4
 
TOTALS
 
12HR 7-19    472    794    850    685    596    461    656     645
16HR 6-22    628    924    974    809    695    523    745     757
18HR 6-24    640    934    983    830    709    532    751     768
24HR 0-24    653    952   1002    848    734    555    769     788
 
 
 
 
*LOCATION   : ............................................................
*SITE NUMBER: 10301425
*FILE NUMBER:        3
*INTERVAL   :   15 MIN
*BATTERY    :    6.7 V
*RESTARTS   :        0
*CONFIG     :        0
*CHANNEL    :  1 OF  1
 
             MON    TUE    WED    THU    FRI    SAT    SUN    7-DAY
DATE    08/04/21     22     23     24     25     26     27   AVERAGE
 
START HOUR
 
    0          0      1      2      3      1      3      8       3
    1          0      0      5      3      2      5     11       4
    2          1      0      0      0      1      3      2       1
    3          1      1      1      0      0      1      2       1
    4          1      0      1      5      0      0      0       1
    5         14     14     16     15      9      4      4      11
    6         61     73     69     59     69     14      9      51
    7        111    138    117    118    104      9     13      87
    8         92    139    132    122    106     18     17      89
    9         43     48     56     68     63     34     30      49
   10         24     26     40     32     34     57     43      37
   11         23     35     38     42     42     67     79      47
   12         49     46     37     52     49     74    122      61
   13         22     48     47     39     51     67    117      56
   14         31     48     34     48     69     74     80      55
   15         78     76     96     81    102     81     65      83
   16        117    141    140    149    138     53     75     116
   17        107    120    105     88     78     55     59      87
   18         60     99     70     67     60     38     58      65
   19         47     66     54     54     29     38     44      47
   20         43     40     64     41     32     29     28      40
   21         23     29     25     20     18     15     20      21
   22          5     10     15     16     25     11      6      13
   23          3      1      6      6      9      7      6       5
 
TOTALS
 
12HR 7-19    757    964    912    906    896    627    758     831
16HR 6-22    931   1172   1124   1080   1044    723    859     990
18HR 6-24    939   1183   1145   1102   1078    741    871    1008
24HR 0-24    956   1199   1170   1128   1091    757    898    1028
 
 
 
 
*LOCATION   : ............................................................
*SITE NUMBER: 10301425
*FILE NUMBER:        3
*INTERVAL   :   15 MIN
*BATTERY    :    6.7 V
*RESTARTS   :        0
*CONFIG     :        0
*CHANNEL    :  1 OF  1
 
             MON    TUE    WED    THU    FRI    SAT    SUN    7-DAY
DATE    08/04/28     29     30     01     02     03     04   AVERAGE
 
START HOUR
 
    0          2      2      2      9      2      7      6       4
    1          1      3      5      5      1      3     13       4
    2          1      1      5      8      2      3      0       3
    3          3      0      1      2      1      0      1       1
    4          7      5      2      5      0      2      3       3
    5         20     15     21      6     18      3      3      12
    6         72     91     78      7     49     11      8      45
    7        151    171    124      8     94     18     10      82
    8        144    155    132     12     66     19     19      78
    9         71     56     62     25     52     52     42      51
   10         35     36     50     38     34     84     87      52
   11         43     55     39     59     58     90    123      67
   12         39     55     58     58     44    109    163      75
   13         39     83     65     63     57     86    152      78
   14         47     81     88     78     62     93    141      84
   15        134    150    160     45    119     90    126     118
   16        165    182    129     42    109     95    133     122
   17        117    145     50     49     73     74    125      90
   18         80    106     31     37     63    101     93      73
   19         61     84     27     38     44     61     72      55
   20         56     72     22     28     42     38     39      42
   21         40     41     12     13     43     20     35      29
   22         14     14      8     15     13     18     14      14
   23          5      8      4      4      8      5      2       5
 
TOTALS
 
12HR 7-19   1065   1275    988    514    831    911   1214     971
16HR 6-22   1294   1563   1127    600   1009   1041   1368    1143
18HR 6-24   1313   1585   1139    619   1030   1064   1384    1162
24HR 0-24   1347   1611   1175    654   1054   1082   1410    1190
 
 
 
 
*LOCATION   : ............................................................
*SITE NUMBER: 10301425
*FILE NUMBER:        3
*INTERVAL   :   15 MIN
*BATTERY    :    6.7 V
*RESTARTS   :        0
*CONFIG     :        0
*CHANNEL    :  1 OF  1
 
             MON    TUE    WED    THU    FRI    SAT    SUN    7-DAY
DATE    08/05/05     06     07     08     09     10     11   AVERAGE
 
START HOUR
 
    0          2      -      -      -      -      -      -       -
    1          1      -      -      -      -      -      -       -
    2          2      -      -      -      -      -      -       -
    3          1      -      -      -      -      -      -       -
    4          3      -      -      -      -      -      -       -
    5         20      -      -      -      -      -      -       -
    6         84      -      -      -      -      -      -       -
    7        200      -      -      -      -      -      -       -
    8        186      -      -      -      -      -      -       -
    9         83      -      -      -      -      -      -       -
   10         32      -      -      -      -      -      -       -
   11         47      -      -      -      -      -      -       -
   12         36      -      -      -      -      -      -       -
   13          -      -      -      -      -      -      -       -
   14          -      -      -      -      -      -      -       -
   15          -      -      -      -      -      -      -       -
   16          -      -      -      -      -      -      -       -
   17          -      -      -      -      -      -      -       -
   18          -      -      -      -      -      -      -       -
   19          -      -      -      -      -      -      -       -
   20          -      -      -      -      -      -      -       -
   21          -      -      -      -      -      -      -       -
   22          -      -      -      -      -      -      -       -
   23          -      -      -      -      -      -      -       -
 
TOTALS
 
12HR 7-19      -      -      -      -      -      -      -       -
16HR 6-22      -      -      -      -      -      -      -       -
18HR 6-24      -      -      -      -      -      -      -       -
24HR 0-24      -      -      -      -      -      -      -       -
 
