 
 
 
*LOCATION   : ............................................................
*SITE NUMBER: 10701406
*FILE NUMBER:        2
*INTERVAL   :   15 MIN
*BATTERY    :    6.1 V
*RESTARTS   :        0
*CONFIG     :        0
*CHANNEL    :  1 OF  1
 
             MON    TUE    WED    THU    FRI    SAT    SUN    7-DAY
DATE    08/03/31     01     02     03     04     05     06   AVERAGE
 
START HOUR
 
    0          -      1      2      4      6      5      4       -
    1          -      0      4      6      4      2      0       -
    2          -      0      0      0      0      4      3       -
    3          -      0      0      0      0      6      5       -
    4          -      2      1      0      1      2      0       -
    5          -      6      3      5      8      5      2       -
    6          -     25     27     18     24      3      4       -
    7          -     62     62     74     68      6      5       -
    8          -    102    103    108    106     15      8       -
    9          -     62     58     60     57     23     12       -
   10          -     38     49     38     41     20     28       -
   11          -     33     43     29     48     20     32       -
   12          -     46     58     59     47     28     31       -
   13         46     37     42     44     52     26     33      40
   14         32     53     60     44     74     25     32      46
   15         54     79     83     81     75     34     32      63
   16        101    122    118    122    121     29     31      92
   17         60     92     99     92     68     17     46      68
   18         56     70     70     81     48     27     34      55
   19         29     36     35     37     37      5     23      29
   20         28     38     39     28     24      6     21      26
   21         18     15     21     26     12      3     15      16
   22          6      6      9      8     12      4      6       7
   23          5      6      8      5      8      2      3       5
 
TOTALS
 
12HR 7-19      -    796    845    832    805    270    324       -
16HR 6-22      -    910    967    941    902    287    387       -
18HR 6-24      -    922    984    954    922    293    396       -
24HR 0-24      -    931    994    969    941    317    410       -
 
 
 
 
*LOCATION   : ............................................................
*SITE NUMBER: 10701406
*FILE NUMBER:        2
*INTERVAL   :   15 MIN
*BATTERY    :    6.1 V
*RESTARTS   :        0
*CONFIG     :        0
*CHANNEL    :  1 OF  1
 
             MON    TUE    WED    THU    FRI    SAT    SUN    7-DAY
DATE    08/04/07     08     09     10     11     12     13   AVERAGE
 
START HOUR
 
    0          1      4      1      3      4      4      1       3
    1          1      2      2      1      5      5      1       2
    2          1      0      1      0      2      2      4       1
    3          0      2      2      2      2      3      5       2
    4          0      0      1      1      1      3      1       1
    5          3      2      5      4      5      2      1       3
    6         18     16     10     25     20      5      1      14
    7         60     64     37     76     73      5      1      45
    8         92     95     79    114     92     16      3      70
    9         69     45     38     53     58     22      2      41
   10         30     19     26     36     41     24     11      27
   11         29     25     20     48     31     49     12      31
   12         34     27     24     43     41     63     16      35
   13         28     22     26     46     43     63      6      33
   14         41     23     42     49     45     59      8      38
   15         63     48     45     93     66     59      5      54
   16         98     55     79    121    115     50     10      75
   17         68     53     63     78     60     43      8      53
   18         56     39     44     85     44     37      7      45
   19         38     23     36     54     22     20      6      28
   20         22     24     25     35     28     15      6      22
   21         27     14     12     28     13     10      5      16
   22          5      3     10      6     10      7      0       6
   23          5      7      5      4     17      7      5       7
 
TOTALS
 
12HR 7-19    668    515    523    842    709    490     89     548
16HR 6-22    773    592    606    984    792    540    107     628
18HR 6-24    783    602    621    994    819    554    112     641
24HR 0-24    789    612    633   1005    838    573    125     654
 
 
 
 
*LOCATION   : ............................................................
*SITE NUMBER: 10701406
*FILE NUMBER:        2
*INTERVAL   :   15 MIN
*BATTERY    :    6.1 V
*RESTARTS   :        0
*CONFIG     :        0
*CHANNEL    :  1 OF  1
 
             MON    TUE    WED    THU    FRI    SAT    SUN    7-DAY
DATE    08/04/14     15     16     17     18     19     20   AVERAGE
 
START HOUR
 
    0          2      8      1      4      6      4      6       4
    1          0      3      3      3      5      6      3       3
    2          0      2      1      0      5      6      2       2
    3          0      2      0      2      1      4      3       2
    4          0      0      1      0      0      3      3       1
    5          6      9      7     13     10      7      4       8
    6         19     25     31     34     25      7      6      21
    7         73    104     87     95     88     10      5      66
    8        106    139    131    147    116     20      9      95
    9         69     79     79     62     72     18     20      57
   10         37     43     42     63     39     30     33      41
   11         42     44     33     39     41     67     50      45
   12         31     42     27     38     51     72     68      47
   13         36     58     40     54     42     66     73      53
   14         51     62     48     72     57     56     57      58
   15         74     99     76     95     89     72     82      84
   16        126    131    136    167    127     60     59     115
   17        110    108    101    112     83     34     53      86
   18         80     77     77    102     44     45     46      67
   19         59     54     52     53     38     32     37      46
   20         39     39     50     51     35     16     28      37
   21         23     17     39     22     18     16     16      22
   22         11     14     12     16     11     12      5      12
   23          3      5     10      6     11     11      6       7
 
TOTALS
 
12HR 7-19    835    986    877   1046    849    550    555     814
16HR 6-22    975   1121   1049   1206    965    621    642     940
18HR 6-24    989   1140   1071   1228    987    644    653     959
24HR 0-24    997   1164   1084   1250   1014    674    674     980
 
 
 
 
*LOCATION   : ............................................................
*SITE NUMBER: 10701406
*FILE NUMBER:        2
*INTERVAL   :   15 MIN
*BATTERY    :    6.1 V
*RESTARTS   :        0
*CONFIG     :        0
*CHANNEL    :  1 OF  1
 
             MON    TUE    WED    THU    FRI    SAT    SUN    7-DAY
DATE    08/04/21     22     23     24     25     26     27   AVERAGE
 
START HOUR
 
    0          5      0      4      6      7      9      9       6
    1          1      5      2      5      2     14      7       5
    2          1      2      1      3      1      2      1       2
    3          0      1      2      0      4      3      6       2
    4          1      5      0      2      4      2      1       2
    5         11     12     10     13      9      4      3       9
    6         39     43     36     36     30      8      4      28
    7        119    129    120    127    113      2      4      88
    8        180    195    170    179    164     17     16     132
    9         92     98    101    107    100     38     17      79
   10         51     59     78     65     60     46     45      58
   11         54     63     67     60     53     64     75      62
   12         72     62     62     58     64     96     84      71
   13         57     54     70     52     62     67    104      67
   14         62     61     81     82     90     71     79      75
   15        114    124    121    143    147     83     67     114
   16        174    178    186    190    156     80     87     150
   17        155    158    147    145    103     56     58     117
   18         98    127    117    135     75     56     68      97
   19         63     73     98     87     72     35     46      68
   20         45     50     70     54     53     28     35      48
   21         31     36     39     41     38     20     19      32
   22          9     19     19     14     23     16     11      16
   23          5      4     10      6     14     16      3       8
 
TOTALS
 
12HR 7-19   1228   1308   1320   1343   1187    676    704    1109
16HR 6-22   1406   1510   1563   1561   1380    767    808    1285
18HR 6-24   1420   1533   1592   1581   1417    799    822    1309
24HR 0-24   1439   1558   1611   1610   1444    833    849    1335
 
 
 
 
*LOCATION   : ............................................................
*SITE NUMBER: 10701406
*FILE NUMBER:        2
*INTERVAL   :   15 MIN
*BATTERY    :    6.1 V
*RESTARTS   :        0
*CONFIG     :        0
*CHANNEL    :  1 OF  1
 
             MON    TUE    WED    THU    FRI    SAT    SUN    7-DAY
DATE    08/04/28     29     30     01     02     03     04   AVERAGE
 
START HOUR
 
    0          5      4      6     19      7     14      8       9
    1          2      3      1     11      7      7     11       6
    2          1      1      2      6      2      5      5       3
    3          2      4      1     13      1      1     11       5
    4          1      0      0      5      3      7      3       3
    5         13      9     15      8     14      3      4       9
    6         40     47     50     10     25     11      8      27
    7        128    135    130     13     81      8     11      72
    8        203    213    146     21    104     18     19     103
    9        141    111    111     44     80     45     27      80
   10         86     81     70     63     62     71     40      68
   11         62     65     71     85     59     79     77      71
   12         73     64     80    102     79     88     84      81
   13         61     66    105    105     96    104    111      93
   14         85     95    133     99     95    127    114     107
   15        158    173    178     75    137     96     90     130
   16        200    236    151     67    149    109    105     145
   17        154    191     88     58    127     81    114     116
   18        118    146     54     51    108     86    100      95
   19         82    118     47     37     74     87     66      73
   20         67     82     24     38     66     39     41      51
   21         35     53     32     25     39     43     26      36
   22         18     25     20     18     25     29     14      21
   23          8     12     11     14     14     14      3      11
 
TOTALS
 
12HR 7-19   1469   1576   1317    783   1177    912    892    1161
16HR 6-22   1693   1876   1470    893   1381   1092   1033    1348
18HR 6-24   1719   1913   1501    925   1420   1135   1050    1380
24HR 0-24   1743   1934   1526    987   1454   1172   1092    1415
 
 
 
 
*LOCATION   : ............................................................
*SITE NUMBER: 10701406
*FILE NUMBER:        2
*INTERVAL   :   15 MIN
*BATTERY    :    6.1 V
*RESTARTS   :        0
*CONFIG     :        0
*CHANNEL    :  1 OF  1
 
             MON    TUE    WED    THU    FRI    SAT    SUN    7-DAY
DATE    08/05/05     06     07     08     09     10     11   AVERAGE
 
START HOUR
 
    0          3      -      -      -      -      -      -       -
    1          1      -      -      -      -      -      -       -
    2          2      -      -      -      -      -      -       -
    3          3      -      -      -      -      -      -       -
    4          1      -      -      -      -      -      -       -
    5         11      -      -      -      -      -      -       -
    6         56      -      -      -      -      -      -       -
    7        175      -      -      -      -      -      -       -
    8        244      -      -      -      -      -      -       -
    9        143      -      -      -      -      -      -       -
   10         79      -      -      -      -      -      -       -
   11         72      -      -      -      -      -      -       -
   12          -      -      -      -      -      -      -       -
   13          -      -      -      -      -      -      -       -
   14          -      -      -      -      -      -      -       -
   15          -      -      -      -      -      -      -       -
   16          -      -      -      -      -      -      -       -
   17          -      -      -      -      -      -      -       -
   18          -      -      -      -      -      -      -       -
   19          -      -      -      -      -      -      -       -
   20          -      -      -      -      -      -      -       -
   21          -      -      -      -      -      -      -       -
   22          -      -      -      -      -      -      -       -
   23          -      -      -      -      -      -      -       -
 
TOTALS
 
12HR 7-19      -      -      -      -      -      -      -       -
16HR 6-22      -      -      -      -      -      -      -       -
18HR 6-24      -      -      -      -      -      -      -       -
24HR 0-24      -      -      -      -      -      -      -       -
 
