 
 
 
*LOCATION   : ............................................................
*SITE NUMBER: 11701419
*FILE NUMBER:        1
*INTERVAL   :   15 MIN
*BATTERY    :    6.2 V
*RESTARTS   :        0
*CONFIG     :       12
*CHANNEL    :  1 OF  2
 
             WED    THU    FRI    SAT    SUN    MON    TUE    7-DAY
DATE    08/04/02     03     04     05     06     07     08   AVERAGE
 
START HOUR
 
    0          -      9      8     13      8      4      8       -
    1          -      4      4     10     12      4      5       -
    2          -      1      3      3      1      0      1       -
    3          -      1      1      7      5      1      5       -
    4          -      3      4      5     10      1      1       -
    5          -     13     11      6      3     10      9       -
    6          -     46     49     15      7     44     55       -
    7          -    114    116     27     20    116    106       -
    8          -    176    150     32     20    125    112       -
    9          -    119    127     51     35     97     82       -
   10          -     86    101     64     59     70     61       -
   11         71     83     95     60     75     80     65      76
   12         79     80     89     66     86     63     71      76
   13         90     99     77     72     77     73     60      78
   14         87     83    107     80     58     75     54      78
   15        101    101    111     69     57     96     72      87
   16        154    154    150     48     60    148    104     117
   17        145    146    126     50     60    124     77     104
   18        110    114     90     39     66     77     64      80
   19         76     90     75     30     56     58     51      62
   20         62     52     61     34     41     51     31      47
   21         40     60     33     28     36     42     36      39
   22         27     31     19     15     17     31     17      22
   23         18     19     19     19      8     12     12      15
 
TOTALS
 
12HR 7-19      -   1355   1339    658    673   1144    928       -
16HR 6-22      -   1603   1557    765    813   1339   1101       -
18HR 6-24      -   1653   1595    799    838   1382   1130       -
24HR 0-24      -   1684   1626    843    877   1402   1159       -
 
 
 
 
*LOCATION   : ............................................................
*SITE NUMBER: 11701419
*FILE NUMBER:        1
*INTERVAL   :   15 MIN
*BATTERY    :    6.2 V
*RESTARTS   :        0
*CONFIG     :       12
*CHANNEL    :  1 OF  2
 
             WED    THU    FRI    SAT    SUN    MON    TUE    7-DAY
DATE    08/04/09     10     11     12     13     14     15   AVERAGE
 
START HOUR
 
    0          6      8      8      9     19      5      6       9
    1          3      6      5     12      9      0      6       6
    2          1      1      0      5      4      1      0       2
    3          0      0      3      4     12      1      2       3
    4          3      3      2      1      6      3      2       3
    5          7     10      8      6      3     10     12       8
    6         45     52     49     19      4     54     68      42
    7         73    112    111     23     13    101    136      81
    8        122    157    145     33     15    146    167     112
    9         84     96    101     66     17     95    113      82
   10         62     71     75     87     29     56     78      65
   11         62     56     79    117     30     73     86      72
   12         66     80     81    127     32     77    102      81
   13         71     79     91    139     29     74     69      79
   14         63     78     97    129     35     92     93      84
   15         88     97    110    114     29    117    116      96
   16        105    157    158    101     20    140    191     125
   17         89    111    130     80     31    129    155     104
   18         84    122     86     63     21    138    121      91
   19         56     72     84     46     25    120     90      70
   20         53     47     55     41     21     78     83      54
   21         33     44     43     34     17     52     45      38
   22         21     23     23     13     12     20     35      21
   23         19     17     20     14     10     16     18      16
 
TOTALS
 
12HR 7-19    969   1216   1264   1079    301   1238   1427    1071
16HR 6-22   1156   1431   1495   1219    368   1542   1713    1275
18HR 6-24   1196   1471   1538   1246    390   1578   1766    1312
24HR 0-24   1216   1499   1564   1283    443   1598   1794    1342
 
 
 
 
*LOCATION   : ............................................................
*SITE NUMBER: 11701419
*FILE NUMBER:        1
*INTERVAL   :   15 MIN
*BATTERY    :    6.2 V
*RESTARTS   :        0
*CONFIG     :       12
*CHANNEL    :  1 OF  2
 
             WED    THU    FRI    SAT    SUN    MON    TUE    7-DAY
DATE    08/04/16     17     18     19     20     21     22   AVERAGE
 
START HOUR
 
    0         12      9      7     13     17      9     12      11
    1          4      6      4     15     15      1      4       7
    2          1      1      1      4      5      0      1       2
    3          1      1      0      8      5      2      1       3
    4          2      3      2      3      3      2      1       2
    5         14     13     16      8      3     11     12      11
    6         62     73     53     20      6     59     67      49
    7        134    131    126     24     19    177    191     115
    8        191    179    156     33     26    218    212     145
    9        120    108    127     83     41    134    150     109
   10         71    104     81    101     64     89     89      86
   11         84     75    105    116    118     99     81      97
   12         75    105     97    142    135    100     65     103
   13         94    109    123    148    143    113     75     115
   14         90     97    101    119    132    107     83     104
   15        119    135    122    106    126    133    145     127
   16        158    210    189    111    142    226    253     184
   17        150    165    132     92    117    187    224     152
   18        109    153    100     80     99    145    177     123
   19         88    100     74     45     69    112    148      91
   20         70     80     63     41     47     96    106      72
   21         47     61     41     29     46     51     64      48
   22         25     20     29     29     21     24     28      25
   23         16     19     20     20     12     22     26      19
 
TOTALS
 
12HR 7-19   1395   1571   1459   1155   1162   1728   1745    1459
16HR 6-22   1662   1885   1690   1290   1330   2046   2130    1719
18HR 6-24   1703   1924   1739   1339   1363   2092   2184    1763
24HR 0-24   1737   1957   1769   1390   1411   2117   2215    1799
 
 
 
 
*LOCATION   : ............................................................
*SITE NUMBER: 11701419
*FILE NUMBER:        1
*INTERVAL   :   15 MIN
*BATTERY    :    6.2 V
*RESTARTS   :        0
*CONFIG     :       12
*CHANNEL    :  1 OF  2
 
             WED    THU    FRI    SAT    SUN    MON    TUE    7-DAY
DATE    08/04/23     24     25     26     27     28     29   AVERAGE
 
START HOUR
 
    0         10     12     14     13     26      7     16      14
    1          3      7      6     14     13      4      5       7
    2          1      4      1      5      5      2      1       3
    3          2      3      4      4      7      1      3       3
    4          2      2      4      6      2      1      3       3
    5         13     14     12      7      3     15     17      12
    6         69     70     60     21      7     85     87      57
    7        172    174    181     28     20    180    205     137
    8        223    261    222     40     27    282    248     186
    9        147    141    133     92     50    173    172     130
   10        106    107    115    124     91    118    127     113
   11         98    118    109    137    144    111    128     121
   12        109    118    119    185    143    117    123     131
   13        104    110    114    154    171    118    138     130
   14        114    110    135    143    145    120    148     131
   15        170    157    170    159    119    161    170     158
   16        241    213    229    134    128    241    287     210
   17        207    184    168    144    132    223    248     187
   18        172    189    121     97    108    145    217     150
   19        134    127    105     85     84    117    176     118
   20        105     95     75     62     72    104    134      92
   21         80     60     49     40     42     74     90      62
   22         36     39     33     30     25     35     40      34
   23         29     16     23     23     15     24     19      21
 
TOTALS
 
12HR 7-19   1863   1882   1816   1437   1278   1989   2211    1782
16HR 6-22   2251   2234   2105   1645   1483   2369   2698    2112
18HR 6-24   2316   2289   2161   1698   1523   2428   2757    2167
24HR 0-24   2347   2331   2202   1747   1579   2458   2802    2209
 
 
 
 
*LOCATION   : ............................................................
*SITE NUMBER: 11701419
*FILE NUMBER:        1
*INTERVAL   :   15 MIN
*BATTERY    :    6.2 V
*RESTARTS   :        0
*CONFIG     :       12
*CHANNEL    :  1 OF  2
 
             WED    THU    FRI    SAT    SUN    MON    TUE    7-DAY
DATE    08/04/30     01     02     03     04     05     06   AVERAGE
 
START HOUR
 
    0         16     23     17     19     22      9      9      16
    1          7     28     11      9     15      2      6      11
    2          0     13      4      4      0      2      1       3
    3          2      9      3      3      7      1      2       4
    4          6     15      3      3      4      4      0       5
    5         16     10     12      8      9     21     16      13
    6         84     18     55     24     11     75     82      50
    7        184     26    135     29     22    228    221     121
    8        267     48    168     48     36    294    283     163
    9        166     53    131     85     62    189    168     122
   10        118     81    120    155    134    100    112     117
   11        117    130    110    198    200    102    112     138
   12        113    157    111    207    209    111     96     143
   13        159    144    136    205    223     96    116     154
   14        191    153    148    242    227    132    132     175
   15        236    140    181    183    226    174    163     186
   16        205    135    199    184    228    273    276     214
   17        158    113    180    165    187    261    261     189
   18        107     86    156    125    168    159    162     138
   19         72     66    120     77     87    132    158     102
   20         55     64     88     86     61     91    123      81
   21         38     37     61     69     50     66     70      56
   22         38     35     39     35     26     32     32      34
   23         22     15     28     32     16     10     19      20
 
TOTALS
 
12HR 7-19   2021   1266   1775   1826   1922   2119   2102    1862
16HR 6-22   2270   1451   2099   2082   2131   2483   2535    2150
18HR 6-24   2330   1501   2166   2149   2173   2525   2586    2204
24HR 0-24   2377   1599   2216   2195   2230   2564   2620    2257
 
 
 
 
*LOCATION   : ............................................................
*SITE NUMBER: 11701419
*FILE NUMBER:        1
*INTERVAL   :   15 MIN
*BATTERY    :    6.2 V
*RESTARTS   :        0
*CONFIG     :       12
*CHANNEL    :  1 OF  2
 
             WED    THU    FRI    SAT    SUN    MON    TUE    7-DAY
DATE    08/05/07     08     09     10     11     12     13   AVERAGE
 
START HOUR
 
    0         10      -      -      -      -      -      -       -
    1          4      -      -      -      -      -      -       -
    2          1      -      -      -      -      -      -       -
    3          0      -      -      -      -      -      -       -
    4          4      -      -      -      -      -      -       -
    5         19      -      -      -      -      -      -       -
    6         80      -      -      -      -      -      -       -
    7        219      -      -      -      -      -      -       -
    8        283      -      -      -      -      -      -       -
    9        178      -      -      -      -      -      -       -
   10          -      -      -      -      -      -      -       -
   11          -      -      -      -      -      -      -       -
   12          -      -      -      -      -      -      -       -
   13          -      -      -      -      -      -      -       -
   14          -      -      -      -      -      -      -       -
   15          -      -      -      -      -      -      -       -
   16          -      -      -      -      -      -      -       -
   17          -      -      -      -      -      -      -       -
   18          -      -      -      -      -      -      -       -
   19          -      -      -      -      -      -      -       -
   20          -      -      -      -      -      -      -       -
   21          -      -      -      -      -      -      -       -
   22          -      -      -      -      -      -      -       -
   23          -      -      -      -      -      -      -       -
 
TOTALS
 
12HR 7-19      -      -      -      -      -      -      -       -
16HR 6-22      -      -      -      -      -      -      -       -
18HR 6-24      -      -      -      -      -      -      -       -
24HR 0-24      -      -      -      -      -      -      -       -
 
 
 
 
*LOCATION   : ............................................................
*SITE NUMBER: 11701419
*FILE NUMBER:        1
*INTERVAL   :   15 MIN
*BATTERY    :    6.2 V
*RESTARTS   :        0
*CONFIG     :       12
*CHANNEL    :  2 OF  2
 
             WED    THU    FRI    SAT    SUN    MON    TUE    7-DAY
DATE    08/04/02     03     04     05     06     07     08   AVERAGE
 
START HOUR
 
    0          -      2      4      2      1      3      2       -
    1          -      1      0      2      1      0      1       -
    2          -      0      1      4      0      0      0       -
    3          -      1      0      3      2      0      0       -
    4          -      0      1      3      1      2      0       -
    5          -      2      2      4      1      4      2       -
    6          -     18     17      4      4     19     23       -
    7          -     63     61      3      0     52     51       -
    8          -     61     60     12      3     47     46       -
    9          -     31     30     16     15     31     25       -
   10          -     23     24     11     27     16     16       -
   11         19     22     27     17     40     23     12      23
   12         22     26     24     21     43     15     20      24
   13         15     16     20     22     33     20     18      21
   14         28     26     24     20     32     11     12      22
   15         51     47     45     19     28     31     24      35
   16         73     69     60     14     29     61     44      50
   17         65     51     49     11     28     46     34      41
   18         46     56     46     10     30     32     28      35
   19         38     36     29      7     21     25     18      25
   20         21     27     22      4     14     28     19      19
   21         14     17     10      3     11     15      7      11
   22          9      6     12      4     11      7      9       8
   23          6      3      3      4      2      3      3       3
 
TOTALS
 
12HR 7-19      -    491    470    176    308    385    330       -
16HR 6-22      -    589    548    194    358    472    397       -
18HR 6-24      -    598    563    202    371    482    409       -
24HR 0-24      -    604    571    220    377    491    414       -
 
 
 
 
*LOCATION   : ............................................................
*SITE NUMBER: 11701419
*FILE NUMBER:        1
*INTERVAL   :   15 MIN
*BATTERY    :    6.2 V
*RESTARTS   :        0
*CONFIG     :       12
*CHANNEL    :  2 OF  2
 
             WED    THU    FRI    SAT    SUN    MON    TUE    7-DAY
DATE    08/04/09     10     11     12     13     14     15   AVERAGE
 
START HOUR
 
    0          1      2      2      3      4      1      2       2
    1          2      1      0      3      3      0      1       1
    2          0      1      1      3      0      0      0       1
    3          0      0      2      1      1      0      0       1
    4          1      0      0      2      1      0      1       1
    5          1      0      2      1      0      1      1       1
    6         18     22     20      2      0     20     31      16
    7         37     67     60      6      2     48     84      43
    8         39     75     73     12      1     65    103      53
    9         21     42     43     22      2     38     38      29
   10         11     14     28     36      4     15     22      19
   11          8     17     16     47      7     19     34      21
   12          5     12     25     50     12     20     23      21
   13         10     15     25     62      6     17     32      24
   14         16     27     22     37      8     33     35      25
   15         22     43     55     52     10     39     63      41
   16         36     77     74     39      6     80     90      57
   17         39     49     50     25      4     82     71      46
   18         32     48     39     18      6     52     57      36
   19         25     39     22     10      3     39     33      24
   20         17     27     14     15      3     46     25      21
   21         18     33     14     12      5     23     27      19
   22          6     13      5      6      3     13     17       9
   23          4      5      4      4      0      4      4       4
 
TOTALS
 
12HR 7-19    276    486    510    406     68    508    652     415
16HR 6-22    354    607    580    445     79    636    768     496
18HR 6-24    364    625    589    455     82    653    789     508
24HR 0-24    369    629    596    468     91    655    794     515
 
 
 
 
*LOCATION   : ............................................................
*SITE NUMBER: 11701419
*FILE NUMBER:        1
*INTERVAL   :   15 MIN
*BATTERY    :    6.2 V
*RESTARTS   :        0
*CONFIG     :       12
*CHANNEL    :  2 OF  2
 
             WED    THU    FRI    SAT    SUN    MON    TUE    7-DAY
DATE    08/04/16     17     18     19     20     21     22   AVERAGE
 
START HOUR
 
    0          1      0      5      4      7      2      2       3
    1          2      1      2      3      2      1      1       2
    2          0      0      0      3      4      0      0       1
    3          0      0      1      2      4      0      0       1
    4          0      0      1      1      1      0      0       0
    5          1      2      3      1      0      3      1       2
    6         32     33     21      2      4     31     43      24
    7         72     86     83      8      4    101    100      65
    8         67     91     93     16      8    110    121      72
    9         46     43     37     24     15     54     60      40
   10         20     25     30     31     39     26     52      32
   11         20     26     19     28     46     32     32      29
   12          8     20     26     64     84     33     53      41
   13         24     30     37     49     62     33     44      40
   14         23     38     31     58     83     26     40      43
   15         51     63     85     41     83     66     77      67
   16         85     95     74     42     68    101    122      84
   17         72     85     63     31     48    105    101      72
   18         52     68     45     26     52     72    107      60
   19         41     45     33     11     40     43     58      39
   20         38     38     21     25     39     39     58      37
   21         18     28     30      7     13     33     38      24
   22         14      7      8      8     10     13     18      11
   23          3      6      7      6      4      1      5       5
 
TOTALS
 
12HR 7-19    540    670    623    418    592    759    909     644
16HR 6-22    669    814    728    463    688    905   1106     768
18HR 6-24    686    827    743    477    702    919   1129     783
24HR 0-24    690    830    755    491    720    925   1133     792
 
 
 
 
*LOCATION   : ............................................................
*SITE NUMBER: 11701419
*FILE NUMBER:        1
*INTERVAL   :   15 MIN
*BATTERY    :    6.2 V
*RESTARTS   :        0
*CONFIG     :       12
*CHANNEL    :  2 OF  2
 
             WED    THU    FRI    SAT    SUN    MON    TUE    7-DAY
DATE    08/04/23     24     25     26     27     28     29   AVERAGE
 
START HOUR
 
    0          2      1      3      9      5      3      1       3
    1          1      4      2      4      2      0      0       2
    2          0      1      0      3      5      1      2       2
    3          0      1      1      4      0      0      0       1
    4          0      0      0      0      4      0      0       1
    5          3      8      4      2      4      5      4       4
    6         39     46     37      6      5     37     42      30
    7        105    115     85      7      8     95    123      77
    8        127    102     94     21      8    146    148      92
    9         58     50     56     30     24     70     68      51
   10         41     41     29     35     39     38     37      37
   11         38     40     27     67     67     36     36      44
   12         37     35     35     71     94     37     48      51
   13         44     27     41     94     79     42     55      55
   14         45     51     71     79     78     50     59      62
   15         78     78     89     57     74     67     88      76
   16        110    118    111     63     71    128    121     103
   17        124     99     78     53     56    118    123      93
   18         93     74     58     40     58     83    104      73
   19         64     61     33     37     50     75     95      59
   20         57     39     29     32     23     47     55      40
   21         31     31     21     20     27     34     44      30
   22         22     17     15     11      9     18     19      16
   23          3      5     14     10      4      4      4       6
 
TOTALS
 
12HR 7-19    900    830    774    617    656    910   1010     814
16HR 6-22   1091   1007    894    712    761   1103   1246     973
18HR 6-24   1116   1029    923    733    774   1125   1269     996
24HR 0-24   1122   1044    933    755    794   1134   1276    1008
 
 
 
 
*LOCATION   : ............................................................
*SITE NUMBER: 11701419
*FILE NUMBER:        1
*INTERVAL   :   15 MIN
*BATTERY    :    6.2 V
*RESTARTS   :        0
*CONFIG     :       12
*CHANNEL    :  2 OF  2
 
             WED    THU    FRI    SAT    SUN    MON    TUE    7-DAY
DATE    08/04/30     01     02     03     04     05     06   AVERAGE
 
START HOUR
 
    0          4      8      1      5      8      3      4       5
    1          3      7      2      5      7      3      5       5
    2          2      6      0      5      6      2      1       3
    3          0      7      1      2      2      0      0       2
    4          2      0      1      3      5      0      0       2
    5          5      4      3      3      2      9      5       4
    6         42      7     26      7      7     44     42      25
    7        106      9     67     11      8    132    134      67
    8        106      6     72     15      9    179    149      77
    9         60     19     44     42     26     88     64      49
   10         28     26     51     56     48     32     43      41
   11         43     40     36     68     83     43     31      49
   12         40     67     44     93     86     34     21      55
   13         63     66     37     82    138     38     40      66
   14         71     48     61     94    126     39     40      68
   15        107     38     76     94    112     94     90      87
   16        123     43    103     84    112    144    127     105
   17         59     35     92     66     99    152    145      93
   18         46     22     63     60     82     87    105      66
   19         33     22     60     44     62     57     82      51
   20         23     22     47     43     37     55     57      41
   21         13     16     29     27     30     38     45      28
   22         15     12     14     13      6      7     14      12
   23          7      7     10      8      7      3      7       7
 
TOTALS
 
12HR 7-19    852    419    746    765    929   1062    989     823
16HR 6-22    963    486    908    886   1065   1256   1215     968
18HR 6-24    985    505    932    907   1078   1266   1236     987
24HR 0-24   1001    537    940    930   1108   1283   1251    1007
 
 
 
 
*LOCATION   : ............................................................
*SITE NUMBER: 11701419
*FILE NUMBER:        1
*INTERVAL   :   15 MIN
*BATTERY    :    6.2 V
*RESTARTS   :        0
*CONFIG     :       12
*CHANNEL    :  2 OF  2
 
             WED    THU    FRI    SAT    SUN    MON    TUE    7-DAY
DATE    08/05/07     08     09     10     11     12     13   AVERAGE
 
START HOUR
 
    0          2      -      -      -      -      -      -       -
    1          3      -      -      -      -      -      -       -
    2          2      -      -      -      -      -      -       -
    3          0      -      -      -      -      -      -       -
    4          0      -      -      -      -      -      -       -
    5         10      -      -      -      -      -      -       -
    6         48      -      -      -      -      -      -       -
    7        116      -      -      -      -      -      -       -
    8        144      -      -      -      -      -      -       -
    9         73      -      -      -      -      -      -       -
   10          -      -      -      -      -      -      -       -
   11          -      -      -      -      -      -      -       -
   12          -      -      -      -      -      -      -       -
   13          -      -      -      -      -      -      -       -
   14          -      -      -      -      -      -      -       -
   15          -      -      -      -      -      -      -       -
   16          -      -      -      -      -      -      -       -
   17          -      -      -      -      -      -      -       -
   18          -      -      -      -      -      -      -       -
   19          -      -      -      -      -      -      -       -
   20          -      -      -      -      -      -      -       -
   21          -      -      -      -      -      -      -       -
   22          -      -      -      -      -      -   