 
 
 
*LOCATION   : ............................................................
*SITE NUMBER: 10801819
*FILE NUMBER:        7
*INTERVAL   :   15 MIN
*BATTERY    :    6.1 V
*RESTARTS   :        0
*CONFIG     :        0
*CHANNEL    :  1 OF  1
 
             TUE    WED    THU    FRI    SAT    SUN    MON    7-DAY
DATE    06/05/02     03     04     05     06     07     08   AVERAGE
 
START HOUR
 
    0          -      2      6     10     18     10      6       -
    1          -      0      1      6     20     11      5       -
    2          -      0      1      2     18     11      0       -
    3          -      0      1      1     10      5      2       -
    4          -      0      3      2      4      5      3       -
    5          -     10     10     16      8      4     15       -
    6          -     46     48     56     13     10     59       -
    7          -    119    120    122     10      9    179       -
    8          -    172    163    154     37     22    210       -
    9          -     75    111    109     50     61    136       -
   10          -     40     68     68     87     69     90       -
   11          -     47     55     60    115    132     87       -
   12          -     41     73     64    133    154     92       -
   13         43     54     81     76    152    237     87     104
   14         59     75     81     87    145    164     91     100
   15         98    115    144    156    151    157    157     140
   16        134    167    185    187    137    159    220     170
   17        157    128    156    115    111    157    215     148
   18        114    118    134    117    121    120    170     128
   19         71    108    117     80     70    106    121      96
   20         52     59    100    117     72     68    109      82
   21         33     55     51    122     48     54     70      62
   22         18     15     25     73     25     22     38      31
   23         10      5     13     23     17     13      6      12
 
TOTALS
 
12HR 7-19      -   1151   1371   1315   1249   1441   1734       -
16HR 6-22      -   1419   1687   1690   1452   1679   2093       -
18HR 6-24      -   1439   1725   1786   1494   1714   2137       -
24HR 0-24      -   1451   1747   1823   1572   1760   2168       -
 
 
 
 
*LOCATION   : ............................................................
*SITE NUMBER: 10801819
*FILE NUMBER:        7
*INTERVAL   :   15 MIN
*BATTERY    :    6.1 V
*RESTARTS   :        0
*CONFIG     :        0
*CHANNEL    :  1 OF  1
 
             TUE    WED    THU    FRI    SAT    SUN    MON    7-DAY
DATE    06/05/09     10     11     12     13     14     15   AVERAGE
 
START HOUR
 
    0          4      3      7      3     11     12      3       6
    1          1      5      5      4     16      5      1       5
    2          1      3      1      4     10      3      0       3
    3          1      1      0      5      5      6      1       3
    4          1      5      3      4      5      4      0       3
    5         11      7      9     11      5      6     14       9
    6         62     62     56     50     11      8     52      43
    7        165    179    151    127     14      8    144     113
    8        196    230    187    174     34     15    190     147
    9        126    128    110    121     42     25     84      91
   10        111     67     72     73     56     47     66      70
   11         77     80     74     70     69     88     52      73
   12         78     81     77     81     80     47     31      68
   13         96     82     69     92     92     40     36      72
   14        102    111     97    100    112     23     37      83
   15        174    171    169    147     87     22     94     123
   16        273    243    227    179     58     28    146     165
   17        229    183    162    147     71     20    111     132
   18        151    145    148     96     62     41     75     103
   19        144    144    124     88     41     62     83      98
   20        107    105     97     62     37     55     51      73
   21         87     67     57     43     26     26     33      48
   22         39     31     40     20     17     16     20      26
   23         14     13     14     14     16      3      6      11
 
TOTALS
 
12HR 7-19   1778   1700   1543   1407    777    404   1066    1239
16HR 6-22   2178   2078   1877   1650    892    555   1285    1502
18HR 6-24   2231   2122   1931   1684    925    574   1311    1540
24HR 0-24   2250   2146   1956   1715    977    610   1330    1569
 
 
 
 
*LOCATION   : ............................................................
*SITE NUMBER: 10801819
*FILE NUMBER:        7
*INTERVAL   :   15 MIN
*BATTERY    :    6.1 V
*RESTARTS   :        0
*CONFIG     :        0
*CHANNEL    :  1 OF  1
 
             TUE    WED    THU    FRI    SAT    SUN    MON    7-DAY
DATE    06/05/16     17     18     19     20     21     22   AVERAGE
 
START HOUR
 
    0          5      5     14      4      6      1      0       5
    1          1      3      3      2      6      4      4       3
    2          2      0      1      1      6      7      3       3
    3          3      1      2      1      2      3      3       2
    4          0      1      2      1      1      5      5       2
    5         13     17     18     14      6      5     14      12
    6         58     51     47     36      4      2     52      36
    7        129    135    116     83      6      5    129      86
    8        161    164    183    113      9     12    200     120
    9        100    119    108     88     28     16    129      84
   10         50     69     54     33     28     36     84      51
   11         57     72     67     52     29     52     78      58
   12         61     58     68     37     41     90     66      60
   13         92     73     64     46     63     97     82      74
   14         76     70     81     55     61    120     99      80
   15        144    127    105     93     48    114    149     111
   16        179    195    189    106     25     95    214     143
   17        135    159    127     80     16     66    160     106
   18        136    150    142     73     23     53    160     105
   19         94    108     86     49     12     52    153      79
   20         76     77     67     30     20     59    116      64
   21         71     56     54     26     16     30     66      46
   22         28     30     25     17      8     16     36      23
   23          4     14     12     11      3     11     14      10
 
TOTALS
 
12HR 7-19   1320   1391   1304    859    377    756   1550    1080
16HR 6-22   1619   1683   1558   1000    429    899   1937    1304
18HR 6-24   1651   1727   1595   1028    440    926   1987    1336
24HR 0-24   1675   1754   1635   1051    467    951   2016    1364
 
 
 
 
*LOCATION   : ............................................................
*SITE NUMBER: 10801819
*FILE NUMBER:        7
*INTERVAL   :   15 MIN
*BATTERY    :    6.1 V
*RESTARTS   :        0
*CONFIG     :        0
*CHANNEL    :  1 OF  1
 
             TUE    WED    THU    FRI    SAT    SUN    MON    7-DAY
DATE    06/05/23     24     25     26     27     28     29   AVERAGE
 
START HOUR
 
    0          6      7      9      3     11     12      4       7
    1          1      4     16      3      9      9      1       6
    2          2      1      4      1      7      3      0       3
    3          3      5      4      1      6      3      1       3
    4          3      1      7      0      8      9      2       4
    5         10      4      2      7      9      4     20       8
    6         62     23     11     19      7      9     49      26
    7         81     64     17     32     19      9    149      53
    8         99     74     21     41     27     10    173      64
    9         43     28     39     35     30     26    124      46
   10         22     37     59     42     39     35     66      43
   11         15     31     68     39     60     61     60      48
   12         18     32     96     43     70     63     73      56
   13         14     30     94     60     89     69      -       -
   14         30     40    106     60     77     83      -       -
   15         79     66     99     89     88     45      -       -
   16         86    100     69     91     79     69      -       -
   17         90     80     33     73     53     58      -       -
   18         59     69     23     72     64     79      -       -
   19         53     43     46     58     36     67      -       -
   20         58     35     44     42     27     49      -       -
   21         43     28     19     33     17     37      -       -
   22         12     22      8     29     13     19      -       -
   23         11      9      7     11     17      7      -       -
 
TOTALS
 
12HR 7-19    636    651    724    677    695    607      -       -
16HR 6-22    852    780    844    829    782    769      -       -
18HR 6-24    875    811    859    869    812    795      -       -
24HR 0-24    900    833    901    884    862    835      -       -
 
