*LOCATION	: ..	........	.......	.......	.......	.......	.......	...............
*SITE NUMB	ER: 11	501828						
*FILE NUMB	ER:	1						
*INTERVAL	:	15 MIN						
*BATTERY	:	6.4 V						
*RESTARTS	:	0						
*CONFIG	:	0						
*CHANNEL	:  1	OF  1						

	TUE	WED	THU	FRI	SAT	SUN	MON	7-DAY
DATE    06	/05/02	3	4	5	6	7	8	AVERAGE

START HOUR								

0	-	8	5	11	22	19	7	-
1	-	2	4	6	16	21	6	-
2	-	1	4	3	2	9	1	-
3	-	0	0	0	5	7	1	-
4	-	2	3	1	11	12	1	-
5	-	9	9	9	3	1	11	-
6	-	40	43	45	8	4	59	-
7	-	120	114	106	16	5	145	-
8	-	159	184	181	24	15	230	-
9	-	105	95	118	41	36	132	-
10	-	75	64	66	54	62	96	-
11	-	55	69	64	102	81	79	-
12	52	83	58	96	79	100	95	80
13	56	59	62	95	133	122	100	90
14	57	73	99	102	118	125	96	96
15	119	155	139	154	108	111	180	138
16	179	158	205	194	108	97	248	170
17	141	136	171	155	100	101	213	145
18	91	92	136	94	69	90	172	115
19	59	82	96	87	54	80	109	266
20	58	70	69	59	60	69	91	68
21	34	36	58	39	41	58	51	45
22	16	25	20	35	31	26	37	27
23	7	14	14	20	20	6	21	15

TOTALS	869							

12HR 7-19	-	1270	1396	1425	952	1006	1786	-
16HR 6-22	-	1498	1662	1655	1115	2511	2096	-
18HR 6-24	-	1537	1696	1710	1166	2543	2154	-
24HR 0-24	-	1559	1721	1740	1225	1257	2181	-
								



*LOCATION	: ..	........	.......	.......	.......	.......	.......	...............
*SITE NUMB	ER: 11	501828						
*FILE NUMB	ER:	1						
*INTERVAL	:	15 MIN						
*BATTERY	:	6.4 V						
*RESTARTS	:	0						
*CONFIG	:	0						
*CHANNEL	:  1	OF  1						

	TUE	WED	THU	FRI	SAT	SUN	MON	7-DAY
DATE    06	/05/09	10	11	12	13	14	15	AVERAGE

START HOUR								

0	8	9	12	14	8	13	8	10
1	6	4	10	9	11	12	1	8
2	1	3	6	5	12	6	2	5
3	0	3	3	5	8	9	0	4
4	2	1	5	3	11	5	1	4
5	15	8	14	13	4	5	10	10
6	70	72	61	54	5	1	43	44
7	139	149	134	108	13	7	129	97
8	260	236	206	228	27	21	203	169
9	147	147	133	128	58	24	122	108
10	77	87	66	80	68	32	59	67
11	85	96	64	101	58	47	62	73
12	108	98	75	85	90	36	56	78
13	104	93	79	91	97	35	50	78
14	107	95	98	118	93	30	57	85
15	194	179	147	178	64	25	136	132
16	289	253	213	242	57	21	161	177
17	240	192	210	147	48	18	142	142
18	190	162	118	102	46	25	107	107
19	132	113	108	63	33	32	72	79
20	92	102	61	57	33	46	52	63
21	65	71	51	44	30	23	21	44
22	42	43	36	28	21	13	17	29
23	38	25	21	31	20	6	10	22

TOTALS								

12HR 7-19	1940	1787	1543	1608	719	321	1284	1315
16HR 6-22	2299	2145	1824	1826	820	423	1472	1544
18HR 6-24	2379	2213	1881	1885	861	442	1499	1594
24HR 0-24	2411	2241	1931	1934	915	492	1521	1635
								



*LOCATION	: ..	........	.......	.......	.......	.......	.......	...............
*SITE NUMB	ER: 11	501828						
*FILE NUMB	ER:	1						
*INTERVAL	:	15 MIN						
*BATTERY	:	6.4 V						
*RESTARTS	:	0						
*CONFIG	:	0						
*CHANNEL	:  1	OF  1						

	TUE	WED	THU	FRI	SAT	SUN	MON	7-DAY
DATE    06	/05/16	17	18	19	20	21	22	AVERAGE

START HOUR								

0	5	6	18	6	14	4	3	8
1	3	0	6	5	8	12	4	5
2	1	0	5	2	5	7	2	3
3	1	0	2	1	12	6	2	3
4	1	1	2	3	6	7	1	3
5	10	12	11	10	1	1	8	8
6	47	39	39	46	7	2	47	32
7	113	138	118	86	8	9	115	84
8	206	195	189	153	13	10	227	142
9	105	127	116	81	27	12	156	89
10	71	82	79	49	31	20	89	60
11	74	80	80	48	53	32	79	64
12	69	99	73	66	53	42	104	72
13	54	72	76	68	60	48	86	66
14	74	82	75	88	54	61	109	78
15	137	169	119	100	53	78	163	117
16	200	212	198	150	24	66	251	157
17	176	175	172	108	25	81	220	137
18	126	120	121	73	21	57	135	93
19	112	88	91	37	14	37	114	70
20	59	64	58	42	18	29	79	50
21	42	57	45	36	12	33	50	39
22	23	24	23	23	5	22	34	22
23	8	16	18	15	7	8	17	13

TOTALS								

12HR 7-19	1405	1551	1416	1070	422	516	1734	1159
16HR 6-22	1665	1799	1649	1231	473	617	2024	1351
18HR 6-24	1696	1839	1690	1269	485	647	2075	1386
24HR 0-24	1717	1858	1734	1296	531	684	2095	1416
								



*LOCATION	: ..	........	.......	.......	.......	.......	.......	...............
*SITE NUMB	ER: 11	501828						
*FILE NUMB	ER:	1						
*INTERVAL	:	15 MIN						
*BATTERY	:	6.4 V						
*RESTARTS	:	0						
*CONFIG	:	0						
*CHANNEL	:  1	OF  1						

	TUE	WED	THU	FRI	SAT	SUN	MON	7-DAY
DATE    06	/05/23	24	25	26	27	28	29	AVERAGE

START HOUR								

0	6	8	10	4	14	12	8	9
1	4	2	6	4	5	7	2	4
2	5	3	5	0	6	15	2	5
3	1	1	6	2	4	5	2	3
4	0	1	9	0	11	6	2	4
5	13	9	4	8	9	4	12	8
6	44	31	4	13	10	2	50	22
7	87	59	16	29	9	7	121	47
8	119	80	23	78	11	12	220	78
9	44	40	23	52	34	27	140	51
10	27	32	33	39	46	25	79	40
11	27	46	52	47	61	53	86	53
12	32	54	54	51	62	72	98	60
13	30	50	63	64	86	53	94	63
14	34	47	61	76	89	49	83	63
15	65	89	74	114	64	61	170	91
16	123	118	87	102	65	52	238	112
17	88	92	35	83	49	50	210	87
18	69	46	39	73	45	60	135	67
19	55	55	32	84	38	51	100	59
20	53	27	26	77	27	38	77	46
21	35	25	21	65	34	30	57	38
22	17	28	10	37	17	26	28	23
23	12	9	5	24	14	6	15	12

TOTALS								

12HR 7-19	745	753	560	808	621	521	1674	812
16HR 6-22	932	891	643	1047	730	642	1958	978
18HR 6-24	961	928	658	1108	761	674	2001	1013
24HR 0-24	990	952	698	1126	810	723	2029	1047
								



*LOCATION	: ..	........	.......	.......	.......	.......	.......	...............
*SITE NUMB	ER: 11	501828						
*FILE NUMB	ER:	1						
*INTERVAL	:	15 MIN						
*BATTERY	:	6.4 V						
*RESTARTS	:	0						
*CONFIG	:	0						
*CHANNEL	:  1	OF  1						

	TUE	WED	THU	FRI	SAT	SUN	MON	7-DAY
DATE    06	/05/30	31	1	2	3	4	5	AVERAGE

START HOUR								

0	6	7	-	-	-	-	-	-
1	4	6	-	-	-	-	-	-
2	2	4	-	-	-	-	-	-
3	4	1	-	-	-	-	-	-
4	1	3	-	-	-	-	-	-
5	14	10	-	-	-	-	-	-
6	62	51	-	-	-	-	-	-
7	130	126	-	-	-	-	-	-
8	205	208	-	-	-	-	-	-
9	134	120	-	-	-	-	-	-
10	85	69	-	-	-	-	-	-
11	113	108	-	-	-	-	-	-
12	93	-	-	-	-	-	-	-
13	84	-	-	-	-	-	-	-
14	83	-	-	-	-	-	-	-
15	167	-	-	-	-	-	-	-
16	224	-	-	-	-	-	-	-
17	217	-	-	-	-	-	-	-
18	168	-	-	-	-	-	-	-
19	143	-	-	-	-	-	-	-
20	69	-	-	-	-	-	-	-
21	58	-	-	-	-	-	-	-
22	26	-	-	-	-	-	-	-
23	31	-	-	-	-	-	-	-
		713						
TOTALS								

12HR 7-19	1703	-	-	-	-	-	-	-
16HR 6-22	2035	-	-	-	-	-	-	-
18HR 6-24	2092	-	-	-	-	-	-	-
24HR 0-24	2123	-	-	-	-	-	-	-
								
								
