 

 
 
 
*LOCATION   : ............................................................
*SITE NUMBER: 12101810
*FILE NUMBER:        4
*INTERVAL   :   15 MIN
*BATTERY    :    6.1 V
*RESTARTS   :        0
*CONFIG     :       12
*CHANNEL    :  1 OF  2
 
             WED    THU    FRI    SAT    SUN    MON    TUE    7-DAY
DATE    06/05/03     04     05     06     07     08     09   AVERAGE
 
START HOUR
 
    0          -      1      4      5      3      0      0       -
    1          -      1      0      0      0      0      0       -
    2          -      1      0      1      0      0      0       -
    3          -      1      1      2      0      0      0       -
    4          -      3      1      0      0      0      0       -
    5          -      4      5      2      1      0      0       -
    6          -     33     27      8      0      0      0       -
    7          -     49     55      8      8      0      0       -
    8          -     22     28      8     18      0      0       -
    9          -     19     27     24     32      0      0       -
   10          -     19     28     33     51      0      0       -
   11          -     33     29     42     85      0      0       -
   12          -     29     24     49     86      0      0       -
   13          -     45     33     48    116      0      0       -
   14         27     37     49     55     40      0      0      30
   15         39     48     65     47      0      0      0      28
   16         56     51     46     62      0      0      0      31
   17         42     40     48     69      0      0      0      28
   18         36     59     48     37      0      0      0      26
   19         24     40     39     42      0      0      0      21
   20         32     36     23     32      0      0      0      18
   21         11     26     18     20      0      0      0      11
   22          3      4      7      6      0      0      0       3
   23          3      1      5      6      0      0      0       2
 
TOTALS
 
12HR 7-19      -    451    480    482    436      0      0       -
16HR 6-22      -    586    587    584    436      0      0       -
18HR 6-24      -    591    599    596    436      0      0       -
24HR 0-24      -    602    610    606    440      0      0       -

 
 
 

 
 


















*LOCATION   : ............................................................
*SITE NUMBER: 12101810
*FILE NUMBER:        4
*INTERVAL   :   15 MIN
*BATTERY    :    6.1 V
*RESTARTS   :        0
*CONFIG     :       12
*CHANNEL    :  2 OF  2
 
             WED    THU    FRI    SAT    SUN    MON    TUE    7-DAY
DATE    06/05/03     04     05     06     07     08     09   AVERAGE
 
START HOUR
 
    0          -      3      0      3      4      0      0       -
    1          -      3      5      2      1      0      0       -
    2          -      0      0      5      5      0      0       -
    3          -      0      3      2      2      0      0       -
    4          -      0      2      2      1      0      0       -
    5          -     29     37      5      4      0      0       -
    6          -     82     87     15      9      0      0       -
    7          -     81    102     11      8      0      0       -
    8          -     57     50     32     32      0      0       -
    9          -     64     48     61     67      0      0       -
   10          -     54     59     93    120      0      0       -
   11          -     64     70    136    202      0      0       -
   12          -     56     86    153    250      0      0       -
   13          -     77     87    142    277      0      0       -
   14         83     67    116    142     51      0      0      66
   15        104    109    116    129      0      0      0      65
   16        103    110    138    154      0      0      0      72
   17        123    154    116    120      0      0      0      73
   18         68    105     76     90      0      0      0      48
   19         62     86     70     95      0      0      0      45
   20         35     49     44     70      0      0      0      28
   21         20     34     44     43      0      0      0      20
   22          6      7     12     27      0      0      0       7
   23          5      7     12      8      0      0      0       5
 
TOTALS
 
12HR 7-19      -    998   1064   1263   1007      0      0       -
16HR 6-22      -   1249   1309   1486   1016      0      0       -
18HR 6-24      -   1263   1333   1521   1016      0      0       -
24HR 0-24      -   1298   1380   1540   1033      0      0       -

 
 

