*LOCATION	: ..	........	.......	.......	.......	.......	.......	...............
*SITE NUMB	ER: 11	602111						
*FILE NUMB	ER:	7						
*INTERVAL	:	15 MIN						
*BATTERY	:	6.2 V						
*RESTARTS	:	0						
*CONFIG	:	12						
*CHANNEL	:  1	OF  2						

	FRI	SAT	SUN	MON	TUE	WED	THU	7-DAY
DATE    06	/05/26	27	28	29	30	31	1	AVERAGE

START HOUR								

0	-	3	4	5	4	5	5	-
1	-	3	1	1	0	2	4	-
2	-	1	1	1	0	2	1	-
3	-	4	3	0	0	0	1	-
4	-	0	1	1	2	3	1	-
5	-	4	0	18	20	17	19	-
6	-	10	4	54	59	58	40	-
7	-	15	5	92	100	101	72	-
8	-	22	11	89	96	92	70	-
9	-	53	13	56	54	60	43	-
10	-	54	25	74	69	67	61	-
11	-	74	45	89	95	77	53	-
12	-	107	104	96	99	60	60	-
13	-	105	115	94	89	77	97	-
14	-	100	72	111	104	101	79	-
15	85	78	69	150	139	117	112	107
16	81	76	60	149	126	174	139	115
17	55	94	49	136	107	119	97	94
18	77	37	92	143	113	129	96	98
19	42	20	83	111	109	124	76	81
20	32	20	49	86	66	78	51	55
21	23	21	26	28	40	36	23	28
22	7	7	4	10	17	18	10	10
23	6	7	4	8	5	10	5	6

TOTALS								

12HR 7-19	-	815	660	1279	1191	1174	979	-
16HR 6-22	-	886	822	1558	1465	1470	1169	-
18HR 6-24	-	900	830	1576	1487	1498	1184	-
24HR 0-24	-	915	840	1602	1513	1527	1215	-



























*LOCATION	: ..	........	.......	.......	.......	.......	.......	...............
*SITE NUMB	ER: 11	602111						
*FILE NUMB	ER:	7						
*INTERVAL	:	15 MIN						
*BATTERY	:	6.2 V						
*RESTARTS	:	0						
*CONFIG	:	12						
*CHANNEL	:  1	OF  2						

	FRI	SAT	SUN	MON	TUE	WED	THU	7-DAY
DATE    06	/06/02	3	4	5	6	7	8	AVERAGE

START HOUR								

0	3	5	5	0	7	0	5	4
1	1	5	0	0	4	3	1	2
2	5	3	3	1	2	2	1	2
3	1	4	3	1	1	1	0	2
4	2	0	0	3	4	2	1	2
5	15	3	1	24	18	16	13	13
6	49	5	4	54	55	48	31	35
7	98	23	7	119	109	85	70	73
8	82	36	4	78	84	88	72	63
9	56	50	11	57	48	54	54	47
10	69	52	28	70	75	58	67	60
11	70	50	27	71	67	66	61	59
12	82	32	59	69	61	87	78	67
13	99	36	55	89	87	102	82	79
14	107	47	77	89	102	97	84	86
15	147	26	71	137	122	142	103	107
16	143	22	43	176	150	153	132	117
17	96	20	46	129	121	123	120	94
18	98	14	44	164	102	115	102	91
19	88	3	45	110	72	104	96	74
20	62	6	36	75	61	90	70	57
21	33	4	38	38	33	43	26	31
22	10	6	16	31	16	21	17	17
23	6	3	3	3	9	8	5	5

TOTALS								

12HR 7-19	1147	408	472	1248	1128	1170	1025	943
16HR 6-22	1379	426	595	1525	1349	1455	1248	1140
18HR 6-24	1395	435	614	1559	1374	1484	1270	1162
24HR 0-24	1422	455	626	1588	1410	1508	1291	1186



























*LOCATION	: ..	........	.......	.......	.......	.......	.......	...............
*SITE NUMB	ER: 11	602111						
*FILE NUMB	ER:	7						
*INTERVAL	:	15 MIN						
*BATTERY	:	6.2 V						
*RESTARTS	:	0						
*CONFIG	:	12						
*CHANNEL	:  1	OF  2						

	FRI	SAT	SUN	MON	TUE	WED	THU	7-DAY
DATE    06	/06/09	10	11	12	13	14	15	AVERAGE

START HOUR								

0	4	4	3	0	2	5	2	3
1	0	9	4	2	4	1	1	3
2	3	5	2	3	4	3	2	3
3	0	0	0	2	1	1	0	1
4	2	1	6	1	1	1	2	2
5	12	6	2	15	22	16	18	13
6	49	1	2	57	61	55	56	40
7	79	17	10	106	120	103	100	76
8	58	27	13	87	90	78	93	64
9	45	58	17	59	60	57	51	50
10	51	84	32	68	67	75	71	64
11	80	102	51	81	58	100	82	79
12	88	106	89	67	0	115	90	79
13	88	90	106	78	0	111	88	80
14	101	109	84	87	0	101	97	83
15	135	87	108	138	0	137	124	104
16	126	90	71	164	0	160	164	111
17	99	110	65	144	0	53	139	87
18	84	45	77	127	0	0	127	66
19	53	25	60	117	0	0	116	53
20	25	11	41	88	0	0	73	34
21	24	17	29	57	0	0	41	24
22	14	10	3	19	0	0	21	10
23	9	6	6	5	1	7	3	5

TOTALS								

12HR 7-19	1034	925	723	1206	395	1090	1226	943
16HR 6-22	1185	979	855	1525	456	1145	1512	1094
18HR 6-24	1208	995	864	1549	457	1152	1536	1109
24HR 0-24	1229	1020	881	1572	1111	1590	1561	1133





*LOCATION	: ..	........	.......	.......	.......	.......	.......	...............
*SITE NUMB	ER: 11	602111						
*FILE NUMB	ER:	7						
*INTERVAL	:	15 MIN						
*BATTERY	:	6.2 V						
*RESTARTS	:	0						
*CONFIG	:	12						
*CHANNEL	:  1	OF  2						

	FRI	SAT	SUN	MON	TUE	WED	THU	7-DAY
DATE    06	/06/16	17	18	19	20	21	22	AVERAGE

START HOUR								

0	1	9	2	5	4	11	3	5
1	2	13	5	1	1	4	6	5
2	4	4	4	2	5	4	0	3
3	0	5	0	0	0	1	1	1
4	3	1	1	2	3	1	3	2
5	15	4	3	18	19	17	12	13
6	53	8	3	55	58	51	45	39
7	101	14	7	121	124	112	62	77
8	76	24	9	98	83	75	25	56
9	64	69	20	50	63	62	35	52
10	96	83	42	77	64	66	57	69
11	96	124	43	92	64	100	70	84
12	72	104	79	99	83	79	87	86
13	99	120	86	4	76	72	108	81
14	94	109	107	0	91	90	99	84
15	155	90	93	0	144	91	113	98
16	135	79	108	0	180	0	121	89
17	116	93	35	0	105	0	94	63
18	97	43	0	0	0	0	73	30
19	90	0	0	0	0	0	0	13
20	55	0	0	0	0	0	0	8
21	43	0	0	0	0	0	0	6
22	10	0	0	0	0	0	0	0
23	4	3	2	1	2	4	2	3

TOTALS								

12HR 7-19	1201	952	629	541	1077	747	944	870
16HR 6-22	1442	960	632	596	1135	798	989	936
18HR 6-24	1446	963	634	597	1137	802	991	939
24HR 0-24	1481	1068	890	1780	1580	1545	1235	967



























*LOCATION	: ..	........	.......	.......	.......	.......	.......	...............
*SITE NUMB	ER: 11	602111						
*FILE NUMB	ER:	7						
*INTERVAL	:	15 MIN						
*BATTERY	:	6.2 V						
*RESTARTS	:	0						
*CONFIG	:	12						
*CHANNEL	:  1	OF  2						

	FRI	SAT	SUN	MON	TUE	WED	THU	7-DAY
DATE    06	/06/23	24	25	26	27	28	29	AVERAGE

START HOUR								

0	0	5	4	4	8	6	5	5
1	5	2	3	2	2	4	1	3
2	9	6	1	2	5	3	7	5
3	1	2	0	0	0	0	1	1
4	1	0	2	0	0	0	0	0
5	4	6	0	14	8	15	24	10
6	3	5	5	49	26	47	52	27
7	10	6	7	91	52	67	99	47
8	27	3	8	72	31	81	85	44
9	45	11	13	54	23	40	59	35
10	80	17	21	73	42	54	73	51
11	121	0	23	77	30	62	84	57
12	98	0	70	97	65	70	85	69
13	42	0	91	95	59	81	84	65
14	22	0	82	97	66	67	102	62
15	22	0	67	131	86	134	120	80
16	17	0	67	179	104	134	145	92
17	20	0	13	120	89	135	117	71
18	16	0	0	51	78	89	133	52
19	14	0	0	0	27	89	51	26
20	22	0	0	0	0	0	0	3
21	10	0	0	0	0	0	0	1
22	8	0	0	0	0	0	0	1
23	3	3	3	1	1	4	2	2

TOTALS								

12HR 7-19	520	37	462	1137	725	1014	1186	726
16HR 6-22	569	42	467	1186	778	1150	1289	783
18HR 6-24	580	45	470	1187	779	1154	1291	787
24HR 0-24	600	650	595	1570	950	1320	1560	810
















*LOCATION	: ..	........	.......	.......	.......	.......	.......	...............
*SITE NUMB	ER: 11	602111						
*FILE NUMB	ER:	7						
*INTERVAL	:	15 MIN						
*BATTERY	:	6.2 V						
*RESTARTS	:	0						
*CONFIG	:	12						
*CHANNEL	:  1	OF  2						

	FRI	SAT	SUN	MON	TUE	WED	THU	7-DAY
DATE    06	/06/30	1	2	3	4	5	6	AVERAGE

START HOUR								

0	7	-	-	-	-	-	-	-
1	6	-	-	-	-	-	-	-
2	1	-	-	-	-	-	-	-
3	0	-	-	-	-	-	-	-
4	0	-	-	-	-	-	-	-
5	15	-	-	-	-	-	-	-
6	45	-	-	-	-	-	-	-
7	87	-	-	-	-	-	-	-
8	79	-	-	-	-	-	-	-
9	-	-	-	-	-	-	-	-
10	-	-	-	-	-	-	-	-
11	-	-	-	-	-	-	-	-
12	-	-	-	-	-	-	-	-
13	-	-	-	-	-	-	-	-
14	-	-	-	-	-	-	-	-
15	-	-	-	-	-	-	-	-
16	-	-	-	-	-	-	-	-
17	-	-	-	-	-	-	-	-
18	-	-	-	-	-	-	-	-
19	-	-	-	-	-	-	-	-
20	-	-	-	-	-	-	-	-
21	-	-	-	-	-	-	-	-
22	-	-	-	-	-	-	-	-
23	-	-	-	-	-	-	-	-

TOTALS								

12HR 7-19	-	-	-	-	-	-	-	-
16HR 6-22	-	-	-	-	-	-	-	-
18HR 6-24	-	-	-	-	-	-	-	-
24HR 0-24	-	-	-	-	-	-	-	-
