 
 
 
*LOCATION   : ............................................................
*SITE NUMBER: 11702220
*FILE NUMBER:        3
*INTERVAL   :   15 MIN
*BATTERY    :    6.4 V
*RESTARTS   :        0
*CONFIG     :       12
*CHANNEL    :  1 OF  2
 
             THU    FRI    SAT    SUN    MON    TUE    WED    7-DAY
DATE    06/06/01     02     03     04     05     06     07   AVERAGE
 
START HOUR
 
    0          -     14     25      8     14      9     14       -
    1          -     10     15      8      6      7      8       -
    2          -      4      9      1      0      1      0       -
    3          -      3      9      4      0      0      1       -
    4          -      4      3      3      2      1      3       -
    5          -     15     10      6     15     17     13       -
    6          -     52     16      7     68    116     62       -
    7          -    155     31     16    163    166    144       -
    8          -    217     36     26    244    229    217       -
    9          -    112     60     40    149    115    118       -
   10          -    101     37     50    102     89     90       -
   11          -     98     40     70    109     71    106       -
   12          -    106     32     96    100     89     86       -
   13          -    108     37    108     98    108     90       -
   14          -    104     31    111     93     96     71       -
   15        105    145     40    126    126    128    124     113
   16        152    182     31     91    216    190    202     152
   17        160    169     37     91    199    176    171     143
   18        130    127     32    105    174    117    138     118
   19         88     91     30     84    117    106    125      92
   20         89     73     26     64    117     84    105      80
   21         61     58     16     35     69     76     69      55
   22         32     39     17     30     34     32     33      31
   23         31     30     14     23     23     20     21      23
 
TOTALS
 
12HR 7-19      -   1624    444    930   1773   1574   1557       -
16HR 6-22      -   1898    532   1120   2144   1956   1918       -
18HR 6-24      -   1967    563   1173   2201   2008   1972       -
24HR 0-24      -   2017    634   1203   2238   2043   2011       -
 
 
 
 
*LOCATION   : ............................................................
*SITE NUMBER: 11702220
*FILE NUMBER:        3
*INTERVAL   :   15 MIN
*BATTERY    :    6.4 V
*RESTARTS   :        0
*CONFIG     :       12
*CHANNEL    :  1 OF  2
 
             THU    FRI    SAT    SUN    MON    TUE    WED    7-DAY
DATE    06/06/08     09     10     11     12     13     14   AVERAGE
 
START HOUR
 
    0         11     12     22     23     14     21     17      17
    1          6      5     13     15      3      4      3       7
    2          2      1      7      9      3      2      3       4
    3          1      3     12      4      0      1      2       3
    4          4      2      6     14      3      2      4       5
    5         17     10      7      3     20     14     12      12
    6         59     52     19      7     64     68     65      48
    7        117    130     30     21    165    197    186     121
    8        196    204     47     41    261    263    231     178
    9        104    127     80     55    142    164    148     117
   10         83     79     87     92    102    110    105      94
   11         94     86    116    129    151    116    109     114
   12         84     96    110    175    101    127    118     116
   13         92     90    147    165    115    148    124     126
   14         96     86    126    156    136    135    115     121
   15        132    127    131    187    191    214    184     167
   16        163    189    104    125    252    315    254     200
   17        183    154    118    114    258    260    243     190
   18        139     89    102    142    215    212    181     154
   19        115     77     82     94    171    195    150     126
   20         92     59     65     98    141    134    110     100
   21         60     54     48     59    111    100     84      74
   22         32     32     36     31     43     48     41      38
   23         29     27     26     26     28     31     20      27
 
TOTALS
 
12HR 7-19   1483   1457   1198   1402   2089   2261   1998    1698
16HR 6-22   1809   1699   1412   1660   2576   2758   2407    2046
18HR 6-24   1870   1758   1474   1717   2647   2837   2468    2110
24HR 0-24   1911   1791   1541   1785   2690   2881   2509    2158
 
 
 
 
*LOCATION   : ............................................................
*SITE NUMBER: 11702220
*FILE NUMBER:        3
*INTERVAL   :   15 MIN
*BATTERY    :    6.4 V
*RESTARTS   :        0
*CONFIG     :       12
*CHANNEL    :  1 OF  2
 
             THU    FRI    SAT    SUN    MON    TUE    WED    7-DAY
DATE    06/06/15     16     17     18     19     20     21   AVERAGE
 
START HOUR
 
    0         22     16     21     30     12     21     20      20
    1         11      8     20     22      1      5      4      10
    2          2      2      6      9      2      0      2       3
    3          2      0     12     12      2      4      4       5
    4          2      1      7      5      1      0      1       2
    5         11     17      3      3     14     16     15      11
    6         56     56     18      8     75     61     67      49
    7        157    143     25     24    170    171    157     121
    8        221    206     47     38    242    259    234     178
    9        138    117     71     50    131    135    118     109
   10        101     96     87     80    108    108    109      98
   11         98    113    120    117     98    140    112     114
   12        104    111    155    153    116    137    115     127
   13        126    110    144    186    152    142    132     142
   14        150    136    152    239    172    172    142     166
   15        188    185    151    183    231    233    194     195
   16        251    233    139    163    303    317    299     244
   17        227    157    116    150    271    277    228     204
   18        179    117    107    158    239    201    173     168
   19        132    105     69    123    155    174    146     129
   20        121     80     62     92    119    146    112     105
   21         78     65     62     67     99     94     97      80
   22         46     48     38     29     45     57     47      44
   23         25     33     24     22     26     35     33      28
 
TOTALS
 
12HR 7-19   1940   1724   1314   1541   2233   2292   2013    1865
16HR 6-22   2327   2030   1525   1831   2681   2767   2435    2228
18HR 6-24   2398   2111   1587   1882   2752   2859   2515    2301
24HR 0-24   2448   2155   1656   1963   2784   2905   2561    2353
 
 
 
 
*LOCATION   : ............................................................
*SITE NUMBER: 11702220
*FILE NUMBER:        3
*INTERVAL   :   15 MIN
*BATTERY    :    6.4 V
*RESTARTS   :        0
*CONFIG     :       12
*CHANNEL    :  1 OF  2
 
             THU    FRI    SAT    SUN    MON    TUE    WED    7-DAY
DATE    06/06/22     23     24     25     26     27     28   AVERAGE
 
START HOUR
 
    0         29      7      9     13     18     10      -       -
    1          9      5     12      6      5      3      -       -
    2          3      1      8      5      2      1      -       -
    3          3      0      6      4      0      0      -       -
    4          1      1      2      2      3      1      -       -
    5         14      8      5      2     16     10      -       -
    6         48     14      3      6     60     46      -       -
    7        106     27      4     18    121     87      -       -
    8        105     32     18     27    201    104      -       -
    9         86     47     25     49    111     82      -       -
   10         62     49     27     55     87     73      -       -
   11        105     61     75     62     73     61      -       -
   12         88     78     62     77     83     71      -       -
   13        115     45    103     89    109     67      -       -
   14        133     43     83    108    143     80      -       -
   15        139     54     71    133    220      -      -       -
   16        152     46     82     84    263      -      -       -
   17        110     42     79     88    212      -      -       -
   18         82     42     66     76    150      -      -       -
   19         83     45     45     83    127      -      -       -
   20         50     49     41     51    113      -      -       -
   21         46     27     36     54     79      -      -       -
   22         32     33     23     35     38      -      -       -
   23         25     18     20     24     22      -      -       -
 
TOTALS
 
12HR 7-19   1283    566    695    866   1773      -      -       -
16HR 6-22   1510    701    820   1060   2152      -      -       -
18HR 6-24   1567    752    863   1119   2212      -      -       -
24HR 0-24   1626    774    905   1151   2256      -      -       -
 
 
 
 
*LOCATION   : ............................................................
*SITE NUMBER: 11702220
*FILE NUMBER:        3
*INTERVAL   :   15 MIN
*BATTERY    :    6.4 V
*RESTARTS   :        0
*CONFIG     :       12
*CHANNEL    :  2 OF  2
 
             THU    FRI    SAT    SUN    MON    TUE    WED    7-DAY
DATE    06/06/01     02     03     04     05     06     07   AVERAGE
 
START HOUR
 
    0          -      9     17      3      6      7      4       -
    1          -      5     17      7      1      3      5       -
    2          -      1      6      3      4      2      2       -
    3          -      1      5      4      0      0      1       -
    4          -      2      5      2      2      3      2       -
    5          -     12      3      1     11      9      8       -
    6          -     54     11      7     88     86     82       -
    7          -    182     17     10    189    230    207       -
    8          -    217     24      7    257    245    252       -
    9          -     71     31     19    153    110    107       -
   10          -     63     26     25     75     61     54       -
   11          -     66     20     51     75     61     53       -
   12          -     74     21     87     93     66     76       -
   13          -     70     25    101     70     71     61       -
   14          -     79     14     90     90     72     81       -
   15         66    157     13     98    165    137    137     110
   16        158    199     13     90    231    231    214     162
   17        126    167     17     90    232    217    174     146
   18         95    106     10     92    152    155    129     106
   19         75     94     11     61    154    112    122      90
   20         64     58      7     69    118     92     99      72
   21         49     52     11     51     69     65     68      52
   22         38     36      4     19     39     22     35      28
   23         21     15      7     18      9      5     17      13
 
TOTALS
 
12HR 7-19      -   1451    231    760   1782   1656   1545       -
16HR 6-22      -   1709    271    948   2211   2011   1916       -
18HR 6-24      -   1760    282    985   2259   2038   1968       -
24HR 0-24      -   1790    335   1005   2283   2062   1990       -
 
 
 
 
*LOCATION   : ............................................................
*SITE NUMBER: 11702220
*FILE NUMBER:        3
*INTERVAL   :   15 MIN
*BATTERY    :    6.4 V
*RESTARTS   :        0
*CONFIG     :       12
*CHANNEL    :  2 OF  2
 
             THU    FRI    SAT    SUN    MON    TUE    WED    7-DAY
DATE    06/06/08     09     10     11     12     13     14   AVERAGE
 
START HOUR
 
    0          8      6     15     16      3     15      9      10
    1          6      5     13     12      7      6      8       8
    2          2      3      6      6      3      2      1       3
    3          0      3      7     10      0      2      6       4
    4          1      3      8     15      2      3      2       5
    5          9     10      4      1     15     18     17      11
    6         67     68     15      8     97    104     94      65
    7        168    173     15     13    246    278    263     165
    8        212    209     39     11    288    298    294     193
    9         93    114     37     39    124    148    147     100
   10         51     49     64     61     72     73     66      62
   11         63     60     88    114     79     90     85      83
   12         67     71    117    134     74    108     80      93
   13         65     76    123    155    105    107    100     104
   14         83    107    135    135    105    110    105     111
   15        126    146    118    134    188    213    189     159
   16        177    203    106     98    324    344    291     220
   17        160    136     91    112    279    298    265     192
   18        110     85     73    113    226    247    202     151
   19        111     58     65     75    189    165    156     117
   20         89     50     50     60    123    158    120      93
   21         73     44     35     41    110    121     86      73
   22         27     24     41     28     44     47     43      36
   23         13     12     16     14     11     25     17      15
 
TOTALS
 
12HR 7-19   1375   1429   1006   1119   2110   2314   2087    1634
16HR 6-22   1715   1649   1171   1303   2629   2862   2543    1982
18HR 6-24   1755   1685   1228   1345   2684   2934   2603    2033
24HR 0-24   1781   1715   1281   1405   2714   2980   2646    2075
 
 
 
 
*LOCATION   : ............................................................
*SITE NUMBER: 11702220
*FILE NUMBER:        3
*INTERVAL   :   15 MIN
*BATTERY    :    6.4 V
*RESTARTS   :        0
*CONFIG     :       12
*CHANNEL    :  2 OF  2
 
             THU    FRI    SAT    SUN    MON    TUE    WED    7-DAY
DATE    06/06/15     16     17     18     19     20     21   AVERAGE
 
START HOUR
 
    0         14     13     18     12      8     10     16      13
    1         10      9     10     19      5      6      5       9
    2          5      4     10     12      3      9      8       7
    3          1      5     10      7      2      2      3       4
    4          4      5     15     12      3      0      1       6
    5         11     12      6      5     14     18     13      11
    6         87     79     20     10    101    103     96      71
    7        258    217     31     15    249    300    235     186
    8        273    251     33     26    300    292    293     210
    9        128    113     51     31    155    164    130     110
   10         78     75     76     68     78     99     83      80
   11         78     77    103    105     93    106     84      92
   12         85     93    121    125    114    101     84     103
   13        113     94    146    168    126     88    106     120
   14         98    124    124    155    124    135    106     124
   15        180    217    145    143    191    222    191     184
   16        290    267    120    140    345    311    313     255
   17        249    180     98    130    273    303    248     212
   18        189    120     88    153    243    265    196     179
   19        141     74     85     97    178    222    162     137
   20         83     59     52     77    137    147    117      96
   21         95     83     46     62    105    130     94      88
   22         43     35     23     42     55     51     52      43
   23         24     15     15     16     30     31     26      22
 
TOTALS
 
12HR 7-19   2019   1828   1136   1259   2291   2386   2069    1855
16HR 6-22   2425   2123   1339   1505   2812   2988   2538    2247
18HR 6-24   2492   2173   1377   1563   2897   3070   2616    2313
24HR 0-24   2537   2221   1446   1630   2932   3115   2662    2363
 
 
 
 
*LOCATION   : ............................................................
*SITE NUMBER: 11702220
*FILE NUMBER:        3
*INTERVAL   :   15 MIN
*BATTERY    :    6.4 V
*RESTARTS   :        0
*CONFIG     :       12
*CHANNEL    :  2 OF  2
 
             THU    FRI    SAT    SUN    MON    TUE    WED    7-DAY
DATE    06/06/22     23     24     25     26     27     28   AVERAGE
 
START HOUR
 
    0         21      5      7      7      5      8      -       -
    1         22      2      7      3      6      7      -       -
    2          7      5      4      8      2      3      -       -
    3          2      3      2      3      2      3      -       -
    4          3      3      2      5      1      1      -       -
    5         11      0      2      1     11     10      -       -
    6         64      8      5      7     77     39      -       -
    7        123     12     10     13    188     83      -       -
    8         96     17     14     12    249    127      -       -
    9         49     17     27     20    119     52      -       -
   10         37     27     30     35     51     33      -       -
   11         51     35     51     69     66     37      -       -
   12         64     39     56     71     61     43      -       -
   13         59     41     58    118     74     45      -       -
   14        106     36     78     94     77     50      -       -
   15        135     34     79     87    193      -      -       -
   16        153     33     63    100    311      -      -       -
   17         88     23     67     72    234      -      -       -
   18         64     33     47     69    190      -      -       -
   19         56     21     24     68    168      -      -       -
   20         53     21     39     59    125      -      -       -
   21         38     24     29     57     85      -      -       -
   22         17     22     20     20     49      -      -       -
   23         11     11     15     13      7      -      -       -
 
TOTALS
 
12HR 7-19   1025    347    580    760   1813      -      -       -
16HR 6-22   1236    421    677    951   2268      -      -       -
18HR 6-24   1264    454    712    984   2324      -      -       -
24HR 0-24   1330    472    736   1011   2351      -      -       -
 
