*LOCATION	: ..	........	.......	.......	.......	.......	.......	...............
*SITE NUMB	ER: 12	2310						
*FILE NUMB	ER:	2						
*INTERVAL	:	15 MIN						
*BATTERY	:	6.2 V						
*RESTARTS	:	0						
*CONFIG	:	12						
*CHANNEL	:  1	OF  2						

	THU	FRI	SAT	SUN	MON	TUE	WED	7-DAY
DATE    06	/06/08	9	10	11	12	13	14	AVERAGE

START HOUR								

0	-	9	5	4	3	5	2	-
1	-	3	4	3	0	10	3	-
2	-	0	0	1	3	1	1	-
3	-	3	2	0	0	1	1	-
4	-	4	1	1	6	5	7	-
5	-	11	3	1	7	16	10	-
6	-	42	7	8	55	61	48	-
7	-	43	13	12	60	57	58	-
8	-	30	21	10	28	47	44	-
9	-	35	18	30	23	30	25	-
10	-	24	46	51	38	39	31	-
11	-	29	62	58	39	48	41	-
12	-	42	75	80	57	52	42	-
13	-	36	59	105	66	60	56	-
14	36	45	58	80	51	67	52	56
15	52	44	59	78	94	88	87	72
16	45	57	47	59	102	96	69	68
17	50	47	34	43	106	117	80	68
18	50	33	41	48	88	109	72	63
19	43	24	34	59	83	79	57	54
20	28	15	25	32	62	52	43	37
21	14	17	27	15	20	44	28	24
22	12	0	14	3	11	18	13	10
23	7	10	13	1	5	5	3	6

TOTALS								

12HR 7-19	-	465	533	654	752	810	657	-
16HR 6-22	-	563	626	768	972	1046	833	-
18HR 6-24	-	573	653	772	988	1069	849	-
24HR 0-24	-	603	668	782	1007	1107	873	-
								



*LOCATION	: ..	........	.......	.......	.......	.......	.......	...............
*SITE NUMB	ER: 12	2310						
*FILE NUMB	ER:	2						
*INTERVAL	:	15 MIN						
*BATTERY	:	6.2 V						
*RESTARTS	:	0						
*CONFIG	:	12						
*CHANNEL	:  1	OF  2						

	THU	FRI	SAT	SUN	MON	TUE	WED	7-DAY
DATE    06	/06/15	16	17	18	19	20	21	AVERAGE

START HOUR								

0	4	4	4	5	3	0	0	3
1	4	3	4	3	6	0	0	3
2	1	1	2	5	4	0	0	2
3	0	3	2	2	1	0	0	1
4	5	6	6	2	4	0	0	3
5	8	9	1	2	16	0	0	5
6	48	41	7	5	45	0	0	21
7	58	45	17	10	66	0	0	28
8	29	42	24	17	46	0	0	23
9	25	22	37	35	37	0	0	22
10	31	32	38	41	43	0	0	26
11	39	54	78	82	51	0	-	-
12	50	52	74	96	64	0	-	-
13	47	50	73	86	64	0	-	-
14	55	55	83	93	79	0	-	-
15	79	73	61	80	89	0	-	-
16	85	58	82	96	100	0	-	-
17	68	65	62	100	118	0	-	-
18	67	53	59	81	108	0	-	-
19	66	24	47	55	99	0	-	-
20	50	31	27	41	61	0	-	-
21	17	32	31	43	37	0	-	-
22	10	10	12	12	8	0	-	-
23	8	9	9	10	0	0	-	-

TOTALS								

12HR 7-19	633	601	688	817	865	0	-	-
16HR 6-22	814	729	800	961	1107	0	-	-
18HR 6-24	832	748	821	983	1115	0	-	-
24HR 0-24	854	774	840	1002	1149	0	-	-
								



*LOCATION	: ..	........	.......	.......	.......	.......	.......	...............
*SITE NUMB	ER: 12	2310						
*FILE NUMB	ER:	2						
*INTERVAL	:	15 MIN						
*BATTERY	:	6.2 V						
*RESTARTS	:	0						
*CONFIG	:	12						
*CHANNEL	:  2	OF  2						

	THU	FRI	SAT	SUN	MON	TUE	WED	7-DAY
DATE    06	/06/08	9	10	11	12	13	14	AVERAGE

START HOUR								

0	-	9	4	10	7	12	3	-
1	-	0	3	8	3	6	4	-
2	-	2	4	5	7	5	6	-
3	-	1	3	7	3	4	3	-
4	-	3	2	2	7	8	4	-
5	-	29	9	5	34	41	42	-
6	-	69	14	5	114	114	116	-
7	-	82	18	19	113	124	98	-
8	-	61	26	26	85	102	76	-
9	-	57	62	58	55	63	52	-
10	-	65	52	103	44	68	64	-
11	-	71	100	155	74	103	82	-
12	-	72	151	181	80	105	122	-
13	-	62	134	192	107	149	78	-
14	87	81	149	181	117	129	124	124
15	95	116	134	147	181	172	167	145
16	97	110	115	126	148	215	140	136
17	129	113	82	122	203	206	189	149
18	105	90	81	123	151	218	134	129
19	99	46	61	69	143	170	122	101
20	82	52	46	67	116	147	105	88
21	62	16	36	36	66	87	43	49
22	15	21	25	16	21	29	22	21
23	3	9	17	2	22	12	18	12

TOTALS								

12HR 7-19	-	980	1104	1433	1358	1654	1326	-
16HR 6-22	-	1163	1261	1610	1797	2172	1712	-
18HR 6-24	-	1193	1303	1628	1840	2213	1752	-
24HR 0-24	-	1237	1328	1665	1901	2289	1814	-
								



*LOCATION	: ..	........	.......	.......	.......	.......	.......	...............
*SITE NUMB	ER: 12	2310						
*FILE NUMB	ER:	2						
*INTERVAL	:	15 MIN						
*BATTERY	:	6.2 V						
*RESTARTS	:	0						
*CONFIG	:	12						
*CHANNEL	:  2	OF  2						

	THU	FRI	SAT	SUN	MON	TUE	WED	7-DAY
DATE    06	/06/15	16	17	18	19	20	21	AVERAGE

START HOUR								

0	11	2	12	11	12	0	0	7
1	5	1	1	7	4	0	0	3
2	9	8	5	6	3	0	0	4
3	2	2	7	0	3	0	0	2
4	8	9	5	2	12	0	0	5
5	33	42	12	7	37	0	0	19
6	115	82	22	12	141	0	0	53
7	106	103	19	17	116	0	0	52
8	88	72	32	30	78	0	0	43
9	67	60	57	49	73	0	0	44
10	80	65	90	118	100	0	0	65
11	82	92	117	175	126	0	-	-
12	96	99	154	209	140	0	-	-
13	89	111	149	230	113	0	-	-
14	114	123	164	262	105	0	-	-
15	145	139	162	202	156	0	-	-
16	186	141	155	193	201	0	-	-
17	149	132	161	162	217	0	-	-
18	129	103	114	164	161	0	-	-
19	114	85	108	95	148	0	-	-
20	105	53	47	63	140	0	-	-
21	43	42	51	54	57	0	-	-
22	26	28	22	19	10	0	-	-
23	17	12	17	15	0	0	-	-

TOTALS								

12HR 7-19	1331	1240	1374	1811	1586	0	-	-
16HR 6-22	1708	1502	1602	2035	2072	0	-	-
18HR 6-24	1751							
	1819	1606	1683	2102	2153			
