 
 
 
*LOCATION   : ............................................................
*SITE NUMBER: 10201915
*FILE NUMBER:        4
*INTERVAL   :   15 MIN
*BATTERY    :    6.5 V
*RESTARTS   :        0
*CONFIG     :        0
*CHANNEL    :  1 OF  1
 
             WED    THU    FRI    SAT    SUN    MON    TUE    7-DAY
DATE    07/05/09     10     11     12     13     14     15   AVERAGE
 
START HOUR
 
    0          -      2      2      5      6      3      7       -
    1          -      2      0      1     11      3      0       -
    2          -      1      0      1      5      0      2       -
    3          -      1      1      3      4      1      0       -
    4          -      1      1      0      1      3      2       -
    5          -     16     17      3      2     11      9       -
    6          -     65     72      6      6     82     81       -
    7          -    210    197     24      7    244    162       -
    8          -    191    175     24     12    205    138       -
    9          -     71     69     27     24     91     70       -
   10          -     40     30     44     54     61     17       -
   11          -     53     41     65     77     60     14       -
   12          -     47     47     71    105     67     11       -
   13          -     43     42     66    134     59     13       -
   14          -     72     65     59    134     67     32       -
   15        128    128    129     49     92    150    107     112
   16        200    200    179     43     83    240    126     153
   17        148    166    135     66     77    154    139     126
   18        106    118     79     54     57    112     88      88
   19         81     72     56     28     33     63     65      57
   20         65     72     34     35     27     58     60      50
   21         35     35     29     19     25     34     39      31
   22         13     13     15      5     12     12     10      11
   23          8      4      7      0      6      8      6       6
 
TOTALS
 
12HR 7-19      -   1339   1188    592    856   1510    917       -
16HR 6-22      -   1583   1379    680    947   1747   1162       -
18HR 6-24      -   1600   1401    685    965   1767   1178       -
24HR 0-24      -   1623   1422    698    994   1788   1198       -
 
 
 
 
*LOCATION   : ............................................................
*SITE NUMBER: 10201915
*FILE NUMBER:        4
*INTERVAL   :   15 MIN
*BATTERY    :    6.5 V
*RESTARTS   :        0
*CONFIG     :        0
*CHANNEL    :  1 OF  1
 
             WED    THU    FRI    SAT    SUN    MON    TUE    7-DAY
DATE    07/05/16     17     18     19     20     21     22   AVERAGE
 
START HOUR
 
    0          7      5      2      4      8      6      2       5
    1          2      5      8      4      3      1      0       3
    2          0      1      0      3      3      1      2       1
    3          1      1      1      1      2      1      1       1
    4          2      0      1      4      2      3      2       2
    5         15      0     11      3      1     14     12       8
    6         89     19     59     13     10    125     62      54
    7        249     12    170     15     13    301    155     131
    8        185     23    143     19     13    268    123     111
    9         91     38     68     34     33    107     48      60
   10         44     89     39     47     60     60     41      54
   11         50    100     54     89     91     60     30      68
   12         55    135     52     78    118     49     27      73
   13         42    153     62    109    143     56     29      85
   14         51    125     81    101    123     80     42      86
   15        132    125    140    103    109    171    103     126
   16        209     96    163     91     97    309    136     157
   17        157    105    121     80    105    257    133     137
   18        101     91     74     94     86    212     87     106
   19         78     82     71     45     70    164     71      83
   20         52     56     64     30     54     93     56      58
   21         41     34     32     25     38     50     38      37
   22         25     16     15      9     12     22     14      16
   23          4      9     17     12      7      8      7       9
 
TOTALS
 
12HR 7-19   1366   1092   1167    860    991   1930    954    1194
16HR 6-22   1626   1283   1393    973   1163   2362   1181    1426
18HR 6-24   1655   1308   1425    994   1182   2392   1202    1451
24HR 0-24   1682   1320   1448   1013   1201   2418   1221    1472
 
 
 
 
*LOCATION   : ............................................................
*SITE NUMBER: 10201915
*FILE NUMBER:        4
*INTERVAL   :   15 MIN
*BATTERY    :    6.5 V
*RESTARTS   :        0
*CONFIG     :        0
*CHANNEL    :  1 OF  1
 
             WED    THU    FRI    SAT    SUN    MON    TUE    7-DAY
DATE    07/05/23     24     25     26     27     28     29   AVERAGE
 
START HOUR
 
    0          4      2      8      9      4      2      5       5
    1          1      4      3      2      1      1      2       2
    2          2      0      1      1      0      1      0       1
    3          3      0      1      1      1      1      1       1
    4          3      3      1      1      1      2      4       2
    5         12     11     12      2      1     14     19      10
    6        109    116     80     11     10     87    105      74
    7        285    272    228     11     16    208    298     188
    8        237    258    216     20     23    190    256     171
    9         89    100     60     19     36     73    106      69
   10          7     49     31     35     74     50     59      44
   11         24     48     61     23    156     38     69      60
   12         52     39     44     21    173     42     74      64
   13         47     84     52     10    168     51     86      71
   14         76     48     76     16    205     66     73      80
   15        155    164    152     25    154    132    201     140
   16        263    271    188     32    142    223    293     202
   17        221    196    139     27    145    179    263     167
   18        158    113    110     32    118    175    202     130
   19        126     95     61     35     95    139    174     104
   20        104     64     47     31     79    111    141      82
   21         56     56     33     29     51     69     87      54
   22         16     17     30     11     18     25     32      21
   23          9      5     11      7      6     19     20      11
 
TOTALS
 
12HR 7-19   1614   1642   1357    271   1410   1427   1980    1386
16HR 6-22   2009   1973   1578    377   1645   1833   2487    1700
18HR 6-24   2034   1995   1619    395   1669   1877   2539    1733
24HR 0-24   2059   2015   1645    411   1677   1898   2570    1754
 
 
 
 
*LOCATION   : ............................................................
*SITE NUMBER: 10201915
*FILE NUMBER:        4
*INTERVAL   :   15 MIN
*BATTERY    :    6.5 V
*RESTARTS   :        0
*CONFIG     :        0
*CHANNEL    :  1 OF  1
 
             WED    THU    FRI    SAT    SUN    MON    TUE    7-DAY
DATE    07/05/30     31     01     02     03     04     05   AVERAGE
 
START HOUR
 
    0          5      2      7      8     13      7      -       -
    1          2      1      2      1      3      2      -       -
    2          0      0      2      5      4      2      -       -
    3          0      2      0      1      4      0      -       -
    4          2      2      3      2      4      3      -       -
    5         17     20     15      2      0     30      -       -
    6        103     97    109      6     10    143      -       -
    7        269    233    268     18     18    362      -       -
    8        261    191    250     27     26    306      -       -
    9         99     99    141     40     53    118      -       -
   10         53     38    105     36    104      -      -       -
   11         18     43     81     63    162      -      -       -
   12         38     70     56     74    153      -      -       -
   13         44     46     57     93    209      -      -       -
   14         64     55     87     72    171      -      -       -
   15        151    141    189     71    162      -      -       -
   16        228    225    237     68    142      -      -       -
   17        164    168    187     67    130      -      -       -
   18        110    124    102     62    130      -      -       -
   19         67    100     85     46     99      -      -       -
   20         51     72     56     43     82      -      -       -
   21         35     39     43     36     46      -      -       -
   22         16     21     23     20     29      -      -       -
   23         12     12      7     14      6      -      -       -
 
TOTALS
 
12HR 7-19   1499   1433   1760    691   1460      -      -       -
16HR 6-22   1755   1741   2053    822   1697      -      -       -
18HR 6-24   1783   1774   2083    856   1732      -      -       -
24HR 0-24   1809   1801   2112    875   1760      -      -       -
 
