*LOCATION	: ..	........	.......	.......	.......	.......	.......	...............
*SITE NUMB	ER: 11	201802						
*FILE NUMB	ER:	2						
*INTERVAL	:	15 MIN						
*BATTERY	:	6.1 V						
*RESTARTS	:	0						
*CONFIG	:	0						
*CHANNEL	:  1	OF  1						

	FRI	SAT	SUN	MON	TUE	WED	THU	7-DAY
DATE    07	/05/04	5	6	7	8	9	10	AVERAGE

START HOUR								

0	-	1	0	1	1	1	0	-
1	-	0	0	0	0	0	0	-
2	-	0	2	0	0	1	1	-
3	-	0	0	0	0	0	0	-
4	-	0	0	1	2	1	3	-
5	-	1	0	5	11	7	9	-
6	-	5	5	42	49	41	42	-
7	-	10	4	82	78	83	84	-
8	-	10	7	74	56	54	61	-
9	-	28	13	45	27	24	37	-
10	-	38	36	35	21	31	29	-
11	-	56	83	22	19	35	21	-
12	-	64	100	36	19	29	31	-
13	19	51	79	51	14	36	44	42
14	29	45	67	44	34	40	45	43
15	46	46	64	80	63	74	51	61
16	52	40	59	95	87	89	76	71
17	32	43	60	101	61	60	59	59
18	27	30	47	81	62	53	64	52
19	13	13	40	65	58	33	35	37
20	26	4	32	38	40	43	26	30
21	17	18	15	23	37	21	14	21
22	6	4	3	6	4	11	10	6
23	0	3	6	2	3	1	3	3

TOTALS								

12HR 7-19	-	461	619	1246	541	608	602	-
16HR 6-22	-	501	711	1414	725	746	719	-
18HR 6-24	-	508	720	1422	732	758	732	-
24HR 0-24	-	510	722	929	746	768	745	-
								



*LOCATION	: ..	........	.......	.......	.......	.......	.......	...............
*SITE NUMB	ER: 11	201802						
*FILE NUMB	ER:	2						
*INTERVAL	:	15 MIN						
*BATTERY	:	6.1 V						
*RESTARTS	:	0						
*CONFIG	:	0						
*CHANNEL	:  1	OF  1						

	FRI	SAT	SUN	MON	TUE	WED	THU	7-DAY
DATE    07	/05/11	12	13	14	15	16	17	AVERAGE

START HOUR								

0	0	5	1	0	0	1	6	2
1	0	2	5	0	0	0	1	1
2	2	1	2	0	0	0	1	1
3	0	0	0	0	1	0	0	0
4	2	1	1	2	0	1	1	1
5	5	1	1	7	5	6	0	4
6	42	3	7	44	51	45	8	29
7	75	3	7	78	69	85	6	46
8	52	13	12	71	32	66	20	38
9	25	20	45	35	24	32	39	31
10	26	45	42	23	11	33	67	35
11	23	54	99	32	8	32	102	50
12	32	51	103	29	7	29	136	55
13	35	107	102	31	10	46	117	64
14	48	60	88	45	23	41	107	59
15	56	46	73	67	48	55	118	66
16	76	23	59	93	76	97	97	74
17	47	44	66	84	49	87	89	67
18	38	45	61	53	45	54	91	55
19	35	46	31	35	53	36	68	43
20	31	17	17	31	34	39	33	29
21	9	19	17	17	22	24	21	18
22	9	4	8	3	5	11	4	6
23	2	1	4	3	2	4	4	3

TOTALS								

12HR 7-19	533	511	757	641	402	657	989	641
16HR 6-22	650	596	829	768	562	801	1119	761
18HR 6-24	661	601	841	774	569	816	1127	770
24HR 0-24	670	611	851	783	575	824	1136	779
								



*LOCATION	: ..	........	.......	.......	.......	.......	.......	...............
*SITE NUMB	ER: 11	201802						
*FILE NUMB	ER:	2						
*INTERVAL	:	15 MIN						
*BATTERY	:	6.1 V						
*RESTARTS	:	0						
*CONFIG	:	0						
*CHANNEL	:  1	OF  1						

	FRI	SAT	SUN	MON	TUE	WED	THU	7-DAY
DATE    07	/05/18	19	20	21	22	23	24	AVERAGE

START HOUR								

0	2	0	3	1	0	0	1	1
1	0	1	2	1	0	0	0	1
2	1	1	2	0	0	1	0	1
3	0	1	0	0	0	0	0	0
4	1	2	1	2	1	0	0	1
5	8	4	4	4	6	8	9	6
6	27	8	3	67	35	61	62	38
7	62	9	9	119	54	98	98	64
8	46	26	7	74	32	75	72	47
9	41	35	33	60	27	28	55	40
10	23	52	57	42	21	30	32	37
11	28	68	105	39	12	42	22	45
12	45	64	105	37	24	40	25	49
13	51	84	125	36	24	55	41	59
14	59	77	117	57	36	42	41	61
15	70	78	116	83	66	86	83	83
16	78	86	103	146	79	123	110	104
17	57	67	92	110	61	109	95	84
18	57	76	87	118	52	111	59	80
19	47	63	62	82	43	76	51	61
20	26	23	42	70	28	70	54	45
21	18	15	37	22	17	40	24	25
22	6	12	10	13	5	12	9	10
23	3	6	6	3	3	3	4	4

TOTALS								

12HR 7-19	617	722	956	921	488	839	733	754
16HR 6-22	735	831	1100	1162	611	1086	924	921
18HR 6-24	744	849	1116	1178	619	1101	937	935
24HR 0-24	756	858	1128	1186	626	1110	947	944
								



*LOCATION	: ..	........	.......	.......	.......	.......	.......	...............
*SITE NUMB	ER: 11	201802						
*FILE NUMB	ER:	2						
*INTERVAL	:	15 MIN						
*BATTERY	:	6.1 V						
*RESTARTS	:	0						
*CONFIG	:	0						
*CHANNEL	:  1	OF  1						

	FRI	SAT	SUN	MON	TUE	WED	THU	7-DAY
DATE    07	/05/25	26	27	28	29	30	31	AVERAGE

START HOUR								

0	2	1	4	2	6	0	0	2
1	0	1	0	0	2	1	1	1
2	0	0	0	0	0	0	0	0
3	1	0	1	0	0	0	0	0
4	0	0	3	2	0	1	1	1
5	3	1	3	6	9	4	4	4
6	56	4	5	47	62	59	52	41
7	90	5	9	57	102	101	75	63
8	57	10	15	64	79	67	62	51
9	30	16	35	33	39	26	34	30
10	18	21	67	23	47	42	38	37
11	31	19	136	36	40	16	25	43
12	42	14	134	30	58	26	29	48
13	24	9	167	32	50	35	42	51
14	50	16	151	49	64	26	51	58
15	70	35	118	83	113	67	72	80
16	93	27	136	127	150	89	123	106
17	57	39	110	94	147	74	73	85
18	51	36	111	89	123	52	54	74
19	60	28	102	84	112	39	60	69
20	32	30	48	72	88	31	30	47
21	25	16	16	35	50	15	21	25
22	11	6	10	11	16	9	8	10
23	3	8	1	5	7	4	6	5

TOTALS								

12HR 7-19	613	247	1189	717	1012	621	678	725
16HR 6-22	786	325	1360	955	1324	765	841	908
18HR 6-24	800	339	1371	971	1347	778	855	923
24HR 0-24	806	342	1382	981	1364	784	861	931
								



*LOCATION	: ..	........	.......	.......	.......	.......	.......	...............
*SITE NUMB	ER: 11	201802						
*FILE NUMB	ER:	2						
*INTERVAL	:	15 MIN						
*BATTERY	:	6.1 V						
*RESTARTS	:	0						
*CONFIG	:	0						
*CHANNEL	:  1	OF  1						

	FRI	SAT	SUN	MON	TUE	WED	THU	7-DAY
DATE    07	/06/01	2	3	4	5	6	7	AVERAGE

START HOUR								

0	1	1	4	1	-	-	-	-
1	1	1	3	2	-	-	-	-
2	0	1	5	2	-	-	-	-
3	0	1	0	0	-	-	-	-
4	3	1	1	2	-	-	-	-
5	7	5	1	10	-	-	-	-
6	58	6	10	74	-	-	-	-
7	81	17	4	130	-	-	-	-
8	83	15	12	105	-	-	-	-
9	45	31	37	57	-	-	-	-
10	40	44	81	54	-	-	-	-
11	29	71	119	70	-	-	-	-
12	57	88	157	84	-	-	-	-
13	56	89	142	69	-	-	-	-
14	57	71	157	-	-	-	-	-
15	91	82	149	-	-	-	-	-
16	112	53	172	-	-	-	-	-
17	91	56	114	-	-	-	-	-
18	89	43	128	-	-	-	-	-
19	57	54	126	-	-	-	-	-
20	38	40	73	-	-	-	-	-
21	29	18	41	-	-	-	-	-
22	16	4	25	-	-	-	-	-
23	7	2	12	-	-	-	-	-

TOTALS				660				

12HR 7-19	831	660	1272	-	-	-	-	-
16HR 6-22	1013	778	1522	-	-	-	-	-
18HR 6-24	1036	784	1559	-	-	-	-	-
24HR 0-24	1048	794	1573	-	-	-	-	-
								
								
