 
 
 
*LOCATION   : ............................................................
*SITE NUMBER: 11201410
*FILE NUMBER:        6
*INTERVAL   :   15 MIN
*BATTERY    :    6.1 V
*RESTARTS   :        0
*CONFIG     :        0
*CHANNEL    :  1 OF  1
 
             MON    TUE    WED    THU    FRI    SAT    SUN    7-DAY
DATE    04/03/29     30     31     01     02     03     04   AVERAGE
 
START HOUR
 
    0          -      0      0      0      0      0      0       -
    1          -      0      0      0      0      0      0       -
    2          -      0      0      0      0      0      0       -
    3          -      0      0      0      0      0      0       -
    4          -      0      0      0      0      0      0       -
    5          -      1      0      0      0      0      0       -
    6          -      0      1      0      0      0      0       -
    7          -      0      0      0      0      2      0       -
    8          -      0      0      1      0      0      0       -
    9          -      1      0      0      1      0      1       -
   10          -      4      2      1      1      3      3       -
   11          -      1      1      5      1      3      8       -
   12          -      1      3      6      3      3      8       -
   13          -      2      0      0      2     10     10       -
   14          -      1      2      1      2      5      5       -
   15          -      0      0      1      1      3      5       -
   16          1      0      2      1      2      2      5       2
   17          2      3      2      2      0      4      3       2
   18          2      1      1      0      1      3     11       3
   19          3      0      1      6      0      0      1       2
   20          0      0      0      0      0      2      0       0
   21          1      0      0      0      0      2      0       0
   22          0      0      0      0      0      1      0       0
   23          0      0      0      0      0      0      0       0
 
TOTALS
 
12HR 7-19      -     14     13     18     14     38     59       -
16HR 6-22      -     14     15     24     14     42     60       -
18HR 6-24      -     14     15     24     14     43     60       -
24HR 0-24      -     15     15     24     14     43     60       -
 
 
 
 
*LOCATION   : ............................................................
*SITE NUMBER: 11201410
*FILE NUMBER:        6
*INTERVAL   :   15 MIN
*BATTERY    :    6.1 V
*RESTARTS   :        0
*CONFIG     :        0
*CHANNEL    :  1 OF  1
 
             MON    TUE    WED    THU    FRI    SAT    SUN    7-DAY
DATE    04/04/05     06     07     08     09     10     11   AVERAGE
 
START HOUR
 
    0          0      0      0      0      0      0      0       0
    1          0      0      0      0      0      0      0       0
    2          0      0      0      0      0      0      0       0
    3          0      0      0      0      0      0      0       0
    4          0      0      0      0      1      0      0       0
    5          0      1      0      0      0      0      0       0
    6          0      1      0      0      0      0      0       0
    7          0      2      1      0      1      0      0       1
    8          0      2      3      2      1      0      0       1
    9          2      2      3      5      8      1      5       4
   10          3      1      1      1      7      1     13       4
   11          0      3      1      4     21      0     17       7
   12          5      1      3      6     24      2     19       9
   13          6      3      6      6     27      2     19      10
   14          2      3      2      5     19      6     24       9
   15          4      5      6      6     17      2     14       8
   16          3      6      5     12     19     12     13      10
   17          1     11      7     10     19     10      9      10
   18          0      4      9      6     12     12      3       7
   19          9      5     10     11      3      4      8       7
   20          4      3      9      7      6      6      2       5
   21          0      0      0      6      3      0      0       1
   22          0      0      0      1      1      0      0       0
   23          0      0      0      0      0      0      0       0
 
TOTALS
 
12HR 7-19     26     43     47     63    175     48    136      77
16HR 6-22     39     52     66     87    187     58    146      91
18HR 6-24     39     52     66     88    188     58    146      91
24HR 0-24     39     53     66     88    189     58    146      91
 
 
 
 
*LOCATION   : ............................................................
*SITE NUMBER: 11201410
*FILE NUMBER:        6
*INTERVAL   :   15 MIN
*BATTERY    :    6.1 V
*RESTARTS   :        0
*CONFIG     :        0
*CHANNEL    :  1 OF  1
 
             MON    TUE    WED    THU    FRI    SAT    SUN    7-DAY
DATE    04/04/12     13     14     15     16     17     18   AVERAGE
 
START HOUR
 
    0          0      0      3      0      0      1      0       1
    1          0      0      0      0      0      0      0       0
    2          0      0      0      0      0      0      0       0
    3          0      0      0      0      0      0      0       0
    4          0      0      1      1      1      0      0       0
    5          0      0      0      1      0      0      0       0
    6          0      1      3      5      5      0      1       2
    7          0      3      7      7     10      3      2       5
    8          2      8      8      4     11      3      4       6
    9         11      6      4      2      3      8      8       6
   10         17      9      4      8      2     12     24      11
   11         24      0      2      6      8     27     52      17
   12         25     11      1     12      5     34     65      22
   13         23      8      7     13      8     26     62      21
   14         26      8      5     16      8     26     65      22
   15         12     10     11     18     15     27     43      19
   16         16     12      8     23     15     46     41      23
   17         15     11     12     18      9     22     45      19
   18         21      8      8     15     16     14     35      17
   19          7     17      5     19     17     25     17      15
   20          5      5      5     16     17     15     10      10
   21          2      1      0      2      5      1      0       2
   22          0      0      0      0      0      1      1       0
   23          0      0      0      1      0      0      0       0
 
TOTALS
 
12HR 7-19    192     94     77    142    110    248    446     187
16HR 6-22    206    118     90    184    154    289    474     216
18HR 6-24    206    118     90    185    154    290    475     217
24HR 0-24    206    118     94    187    155    291    475     218
 
 
 
 
*LOCATION   : ............................................................
*SITE NUMBER: 11201410
*FILE NUMBER:        6
*INTERVAL   :   15 MIN
*BATTERY    :    6.1 V
*RESTARTS   :        0
*CONFIG     :        0
*CHANNEL    :  1 OF  1
 
             MON    TUE    WED    THU    FRI    SAT    SUN    7-DAY
DATE    04/04/19     20     21     22     23     24     25   AVERAGE
 
START HOUR
 
    0          0      0      0      0      0      0      0       0
    1          0      0      1      0      0      1      1       0
    2          0      0      0      0      0      0      0       0
    3          0      0      0      0      0      0      0       0
    4          0      1      0      0      1      0      0       0
    5          1      0      1      0      1      0      0       0
    6          7      1      5      5      5      0      1       3
    7         16     10      6      8     13      1      2       8
    8         10      8      7     12     11      1      1       7
    9          6      8     10      5     10      3      8       7
   10          5      4      3     13      9     12     23      10
   11         10     11     11      6      9     30     36      16
   12         19      5     14      6     20     21     58      20
   13         13     14     16     11      7     21     39      17
   14          9     13     10     15     10     14     21      13
   15         20     18     24     18     16     17     31      21
   16         30     25     30     29     25     14     30      26
   17         20     11     27     19     14     26     48      24
   18         36     13     28     27     15     20     29      24
   19         29      8      8     17     12     15     23      16
   20         19      6     15      4     16      3      9      10
   21          4      3      4     11      6      3      2       5
   22          2      3      0      1      0      1      3       1
   23          0      0      0      0      2      0      1       0
 
TOTALS
 
12HR 7-19    194    140    186    169    159    180    326     193
16HR 6-22    253    158    218    206    198    201    361     228
18HR 6-24    255    161    218    207    200    202    365     230
24HR 0-24    256    162    220    207    202    203    366     231
 
 
 
 
*LOCATION   : ............................................................
*SITE NUMBER: 11201410
*FILE NUMBER:        6
*INTERVAL   :   15 MIN
*BATTERY    :    6.1 V
*RESTARTS   :        0
*CONFIG     :        0
*CHANNEL    :  1 OF  1
 
             MON    TUE    WED    THU    FRI    SAT    SUN    7-DAY
DATE    04/04/26     27     28     29     30     01     02   AVERAGE
 
START HOUR
 
    0          0      1      0      0      -      -      -       -
    1          0      1      0      0      -      -      -       -
    2          0      0      0      0      -      -      -       -
    3          0      0      1      2      -      -      -       -
    4          2      1      1      1      -      -      -       -
    5          1      0      2      0      -      -      -       -
    6          8      5      4      3      -      -      -       -
    7         18     17     16     13      -      -      -       -
    8         12      7      7     10      -      -      -       -
    9          4      9      4      2      -      -      -       -
   10         10      7      5      6      -      -      -       -
   11         11      7     11      7      -      -      -       -
   12         14     18      6      8      -      -      -       -
   13         14     19      7      -      -      -      -       -
   14         13     10      7      -      -      -      -       -
   15         31     23     26      -      -      -      -       -
   16         24     22     17      -      -      -      -       -
   17         14     34     25      -      -      -      -       -
   18         18     24     23      -      -      -      -       -
   19         15     14     16      -      -      -      -       -
   20         11     16     19      -      -      -      -       -
   21          5      3      2      -      -      -      -       -
   22          1      0      0      -      -      -      -       -
   23          1      0      2      -      -      -      -       -
 
TOTALS
 
12HR 7-19    183    197    154      -      -      -      -       -
16HR 6-22    222    235    195      -      -      -      -       -
18HR 6-24    224    235    197      -      -      -      -       -
24HR 0-24    227    238    201      -      -      -      -       -
 
