 
 
 
*LOCATION   : ............................................................
*SITE NUMBER: 11501034
*FILE NUMBER:        4
*INTERVAL   :   15 MIN
*BATTERY    :    6.2 V
*RESTARTS   :        0
*CONFIG     :        0
*CHANNEL    :  1 OF  1
 
             MON    TUE    WED    THU    FRI    SAT    SUN    7-DAY
DATE    04/03/01     02     03     04     05     06     07   AVERAGE
 
START HOUR
 
    0          -      1      2      4      3      1      4       -
    1          -      1      0      1      1      3      2       -
    2          -      1      2      1      2      0      1       -
    3          -      0      1      0      0      1      2       -
    4          -      0      2      0      0      0      0       -
    5          -      0      1      0      0      0      1       -
    6          -      6      7      7      9      1      0       -
    7          -     18      6     14     13      2      1       -
    8          -     21     17     17     16      1      2       -
    9          -     15     13     13     16      3      1       -
   10          -     10      6     13     18      6      3       -
   11          -      6     10     11     13      9      6       -
   12          -     11     12     12     12      7      4       -
   13          -      9     13      7     16      1      5       -
   14          6     12     13     16     16      6      5      11
   15         20     22     20     22     30      6      5      18
   16         23     18     20     16     24      6      5      16
   17         19     18     17      7     13      4      3      12
   18          8      5      8     10      9      2      1       6
   19          1      8      5      8      0      0      2       3
   20          5      2      6      5      3      1      1       3
   21          4      2      2      2      1      2      2       2
   22          2      2      5      5      1      1      1       2
   23          2      0      2      3      6      2      1       2
 
TOTALS
 
12HR 7-19      -    165    155    158    196     53     41       -
16HR 6-22      -    183    175    180    209     57     46       -
18HR 6-24      -    185    182    188    216     60     48       -
24HR 0-24      -    188    190    194    222     65     58       -
 
 
 
 
*LOCATION   : ............................................................
*SITE NUMBER: 11501034
*FILE NUMBER:        4
*INTERVAL   :   15 MIN
*BATTERY    :    6.2 V
*RESTARTS   :        0
*CONFIG     :        0
*CHANNEL    :  1 OF  1
 
             MON    TUE    WED    THU    FRI    SAT    SUN    7-DAY
DATE    04/03/08     09     10     11     12     13     14   AVERAGE
 
START HOUR
 
    0          2      0      0      3      2      0      0       1
    1          2      2      0      1      1      1      2       1
    2          0      0      0      0      0      1      0       0
    3          0      1      0      1      0      1      1       1
    4          0      1      1      0      0      1      0       0
    5          2      0      1      2      0      0      0       1
    6          4      7      9      7      8      1      1       5
    7         17     18     13     23     23      3      2      14
    8         22     24     26     19     19      2      2      16
    9         12     22      7     18     20      7      3      13
   10         24     20     14     18     15      7      2      14
   11         12      6     14     14     24     11      7      13
   12         15     18     22     13     16     11      4      14
   13         11      9     12     17     21     19      4      13
   14         10     19     16     13     22      3      6      13
   15         26     28     20     26     31      7      6      21
   16         19     20     21     23     18      3      3      15
   17         24     22     11     17     18      7      4      15
   18          8     10     14      8      8      4      0       7
   19          5     10      4     13      4      1      3       6
   20          5      6      6      4      1      0      7       4
   21          5      1      6      2      4      4      1       3
   22          1      4      2      3      1      4      1       2
   23          1      0      3      3      3      2      2       2
 
TOTALS
 
12HR 7-19    200    216    190    209    235     84     43     168
16HR 6-22    219    240    215    235    252     90     55     187
18HR 6-24    221    244    220    241    256     96     58     191
24HR 0-24    227    248    222    248    259    100     61     195
 
 
 
 
*LOCATION   : ............................................................
*SITE NUMBER: 11501034
*FILE NUMBER:        4
*INTERVAL   :   15 MIN
*BATTERY    :    6.2 V
*RESTARTS   :        0
*CONFIG     :        0
*CHANNEL    :  1 OF  1
 
             MON    TUE    WED    THU    FRI    SAT    SUN    7-DAY
DATE    04/03/15     16     17     18     19     20     21   AVERAGE
 
START HOUR
 
    0          0      1      5      3      3      1      2       2
    1          5      1      2      2      1      5      2       3
    2          0      0      0      3      1      2      1       1
    3          0      0      1      0      0      2      1       1
    4          2      0      0      1      0      1      0       1
    5          1      3      4      2      3      0      0       2
    6          6      8      8      8      7      1      0       5
    7         17     20     20     22     18      4      1      15
    8         29     22     21     26     33      5      2      20
    9         21     17     21     21     24      6      5      16
   10          9     10     22     24     23      5      6      14
   11         17     12     27     14     11     12     21      16
   12          8     13     17     20     33     10      9      16
   13         16     17     20     15     20      7      6      14
   14         13     14     25     15     33      7      4      16
   15         26     25     29     32     23      8      5      21
   16         24     22     23     31     37      9      4      21
   17         20     25     22     21     16      2      9      16
   18          9      9     15     10     13      5      3       9
   19          5     12      9     11      6      2      1       7
   20          3      7      6      9      7      4      4       6
   21          5      5      5      4      5      2      3       4
   22          0      3      1      3      2      4      1       2
   23          1      2      0      3      5      0      2       2
 
TOTALS
 
12HR 7-19    209    206    262    251    284     80     75     195
16HR 6-22    228    238    290    283    309     89     83     217
18HR 6-24    229    243    291    289    316     93     86     221
24HR 0-24    237    248    303    300    324    104     92     230
 
 
 
 
*LOCATION   : ............................................................
*SITE NUMBER: 11501034
*FILE NUMBER:        4
*INTERVAL   :   15 MIN
*BATTERY    :    6.2 V
*RESTARTS   :        0
*CONFIG     :        0
*CHANNEL    :  1 OF  1
 
             MON    TUE    WED    THU    FRI    SAT    SUN    7-DAY
DATE    04/03/22     23     24     25     26     27     28   AVERAGE
 
START HOUR
 
    0          1      1      1      3      0      1      6       2
    1          2      1      2      2      1      5      3       2
    2          0      0      1      1      2      3      0       1
    3          1      1      0      2      0      1      0       1
    4          1      1      0      0      0      1      0       0
    5          4      4      5      2      2      0      0       2
    6          4      6     10      7     11      1      2       6
    7         14     28     29     19     14      5      0      16
    8         24     25     31     19     31      1      2      19
    9         25     27     16     19     16      9      4      17
   10         12     15     24     17     29     11      9      17
   11         13     26     32     17     22     16     10      19
   12         17     23     25     21     26     24     23      23
   13         13     26     14     18     19     19     30      20
   14         28     19     30     16     19     16     25      22
   15         22     27     28     12     25     21     26      23
   16         25     30     31     23     27      7     26      24
   17         15     23     23     13     19     10     31      19
   18         11     12     23     17      7      8     11      13
   19          6     10     14     11      8      4     12       9
   20          4      4     12      5     10      1      4       6
   21          6      6      8      3      3      2      4       5
   22          4      2      2      0      2      1      2       2
   23          1      2      7      4      1      2      2       3
 
TOTALS
 
12HR 7-19    219    281    306    211    254    147    197     231
16HR 6-22    239    307    350    237    286    155    219     256
18HR 6-24    244    311    359    241    289    158    223     261
24HR 0-24    253    319    368    251    294    169    232     269
 
 
 
 
*LOCATION   : ............................................................
*SITE NUMBER: 11501034
*FILE NUMBER:        4
*INTERVAL   :   15 MIN
*BATTERY    :    6.2 V
*RESTARTS   :        0
*CONFIG     :        0
*CHANNEL    :  1 OF  1
 
             MON    TUE    WED    THU    FRI    SAT    SUN    7-DAY
DATE    04/03/29     30     31     01     02     03     04   AVERAGE
 
START HOUR
 
    0          3      1      -      -      -      -      -       -
    1          1      0      -      -      -      -      -       -
    2          0      0      -      -      -      -      -       -
    3          0      1      -      -      -      -      -       -
    4          4      2      -      -      -      -      -       -
    5          8     16      -      -      -      -      -       -
    6         26     40      -      -      -      -      -       -
    7         44     54      -      -      -      -      -       -
    8         28     46      -      -      -      -      -       -
    9         22     32      -      -      -      -      -       -
   10         37     24      -      -      -      -      -       -
   11         27     30      -      -      -      -      -       -
   12         24     41      -      -      -      -      -       -
   13         40      -      -      -      -      -      -       -
   14         44      -      -      -      -      -      -       -
   15         49      -      -      -      -      -      -       -
   16         51      -      -      -      -      -      -       -
   17         33      -      -      -      -      -      -       -
   18         24      -      -      -      -      -      -       -
   19         19      -      -      -      -      -      -       -
   20          9      -      -      -      -      -      -       -
   21          7      -      -      -      -      -      -       -
   22          