 
 
 
*LOCATION   : ............................................................
*SITE NUMBER: 11500134
*FILE NUMBER:        1
*INTERVAL   :   15 MIN
*BATTERY    :    5.9 V
*RESTARTS   :        0
*CONFIG     :        0
*CHANNEL    :  1 OF  1
 
             WED    THU    FRI    SAT    SUN    MON    TUE    7-DAY
DATE    03/12/31     01     02     03     04     05     06   AVERAGE
 
START HOUR
 
    0          -      2    365      0      2      1      1       -
    1          -      2    589      2      3      2      2       -
    2          -      2   1253      0      1      0      1       -
    3          -      3   1063      0      3      0      0       -
    4          -      0   1130      0      0      0      0       -
    5          -      2   1026      0      1      2      0       -
    6          -      1    877      5      2     12      2       -
    7          -      1    684      2      2     17      2       -
    8          -      0    956      1      0     16      0       -
    9         10      0     13      0      1     14      2       6
   10         12      0      4      4      1      9      3       5
   11         10      4      5      4      6     12      7       7
   12         10      2      7      4      6     15      4       7
   13         11      6     14      8      8     13      4       9
   14         22      7     11      4      6     16      7      10
   15        254     19     17      4     11     23      6      48
   16       1192    484     11      0      5     18      2     245
   17       3670    734      8      2      7      9      3     633
   18       3757    822     11      3      6     10      1     659
   19       1047   1002      4      3      4      5      1     295
   20          4    842      3      2      5      1      1     123
   21          2    920      2      3      1      4      2     133
   22          1   1220      0      2      1      1      1     175
   23          4    793      3      1      1      1      1     115
 
TOTALS
 
12HR 7-19      -   2079   1741     36     59    172     41       -
16HR 6-22      -   4844   2627     49     71    194     47       -
18HR 6-24      -   6857   2630     52     73    196     49       -
24HR 0-24      -   6868   8056     54     83    201     53       -
 
 
 
 
*LOCATION   : ............................................................
*SITE NUMBER: 11500134
*FILE NUMBER:        1
*INTERVAL   :   15 MIN
*BATTERY    :    5.9 V
*RESTARTS   :        0
*CONFIG     :        0
*CHANNEL    :  1 OF  1
 
             WED    THU    FRI    SAT    SUN    MON    TUE    7-DAY
DATE    04/01/07     08     09     10     11     12     13   AVERAGE
 
START HOUR
 
    0          0      1      1      3      1      3      2       2
    1          1      2      1      2      2      3      0       2
    2          0      0      0      0      1      1      1       0
    3          1      1      0      2      0      1      1       1
    4          0      3      1      1      1      0      0       1
    5          2      0      2      0      0      2      2       1
    6         14     14      9      2      4     10     11       9
    7         20     24     22      3      0     16     24      16
    8         23     23     27      4      1     27     30      19
    9         18     16     17      2      2     17     12      12
   10         14     13     12      9      4      6      8       9
   11         12     10     16      7      6     10     14      11
   12         13     13     11      6      5     17     20      12
   13          9     12     16      5      5     10     18      11
   14         10     18     21      4      2     21     21      14
   15         24     23     30     10     11     22     25      21
   16         21     21     20      8     10     22     20      17
   17         22     26     17      4      6     23     18      17
   18         13     15     18      2      3     15      9      11
   19          6     14      8      3     10     11      6       8
   20          7      2      3      1      8      7      2       4
   21          5      0      2      2      4      3      4       3
   22          2      2      0      1      1      1      4       2
   23          1      3      4      3      1      1      3       2
 
TOTALS
 
12HR 7-19    199    214    227     64     55    206    219     169
16HR 6-22    231    244    249     72     81    237    242     194
18HR 6-24    234    249    253     76     83    239    249     198
24HR 0-24    238    256    258     84     88    249    255     204
 
 
 
 
*LOCATION   : ............................................................
*SITE NUMBER: 11500134
*FILE NUMBER:        1
*INTERVAL   :   15 MIN
*BATTERY    :    5.9 V
*RESTARTS   :        0
*CONFIG     :        0
*CHANNEL    :  1 OF  1
 
             WED    THU    FRI    SAT    SUN    MON    TUE    7-DAY
DATE    04/01/14     15     16     17     18     19     20   AVERAGE
 
START HOUR
 
    0          0      1      3      1      0      0      0       1
    1          3      2      1      2      1      2      2       2
    2          1      0      3      2      0      0      1       1
    3          0      0      0      1      0      0      0       0
    4          1      0      1      0      0      5      0       1
    5          2      1      1      2      0      6      0       2
    6          8      9      8      4      2      7      7       6
    7         13     22     22      3      1     19     22      15
    8         23     18     21      4      1     28     18      16
    9         14     18     17      4      1     18     13      12
   10         15     13      8     10      2      8     10       9
   11         13     11     15     12      2     11     11      11
   12         14      9     15      6      7     17     15      12
   13         14      9     13     13      8     13     19      13
   14         14     17     27     14      7     12     10      14
   15         24     27     18      5     10     29     22      19
   16         13     18     13      4      3     18     19      13
   17         19     17     21      1      5     25     13      14
   18         20      9     13      1      3     16      8      10
   19          7     11      4      0      2      5      7       5
   20          4      4      2      0      1      2      1       2
   21          7      2      5      1      1      5      4       4
   22          1      2      3      0      1      2      2       2
   23          2      4      1      1      0      4      1       2
 
TOTALS
 
12HR 7-19    196    188    203     77     50    214    180     158
16HR 6-22    222    214    222     82     56    233    199     175
18HR 6-24    225    220    226     83     57    239    202     179
24HR 0-24    232    224    235     91     58    252    205     185
 
 
 
 
*LOCATION   : ............................................................
*SITE NUMBER: 11500134
*FILE NUMBER:        1
*INTERVAL   :   15 MIN
*BATTERY    :    5.9 V
*RESTARTS   :        0
*CONFIG     :        0
*CHANNEL    :  1 OF  1
 
             WED    THU    FRI    SAT    SUN    MON    TUE    7-DAY
DATE    04/01/21     22     23     24     25     26     27   AVERAGE
 
START HOUR
 
    0          2      1      2      1      0      3      2       2
    1          0      1      2      1      2      1      3       1
    2          1      0      0      0      1      1      1       1
    3          0      0      0      0      0      0      0       0
    4          0      0      1      0      1      0      0       0
    5          0      1      0      1      1      1      3       1
    6          6      7      7      1      3      9      6       6
    7         15     18     13      3      0     18     28      14
    8         14     17     20      2      0     20     23      14
    9         15      6     12      1      1     16     21      10
   10          4      7      9      4      0      9      8       6
   11          8     10     16      7      8     16      8      10
   12         14     10     18      5      1     11     15      11
   13          4     12     18      6      1     19     14      11
   14          9      7     15     11      4     14     12      10
   15         16     20     17     10      3     22     20      15
   16         11     10     19      3      5     19     20      12
   17         14     17     15      3      4     18     12      12
   18         11      7     11      4      2     13     11       8
   19          6      5      3      2      3      9      7       5
   20          2      0      6      0      2      5      7       3
   21          5      2      2      0      2      4      2       2
   22          1      1      0      1      1      1      2       1
   23          2      3      4      1      2      6      1       3
 
TOTALS
 
12HR 7-19    135    141    183     59     29    195    192     133
16HR 6-22    154    155    201     62     39    222    214     150
18HR 6-24    157    159    205     64     42    229    217     153
24HR 0-24    160    162    210     67     47    235    226     158
 
 
 
 
*LOCATION   : ............................................................
*SITE NUMBER: 11500134
*FILE NUMBER:        1
*INTERVAL   :   15 MIN
*BATTERY    :    5.9 V
*RESTARTS   :        0
*CONFIG     :        0
*CHANNEL    :  1 OF  1
 
             WED    THU    FRI    SAT    SUN    MON    TUE    7-DAY
DATE    04/01/28     29     30     31     01     02     03   AVERAGE
 
START HOUR
 
    0          0      2      2      -      -      -      -       -
    1          4      1      2      -      -      -      -       -
    2          0      0      0      -      -      -      -       -
    3          0      0      2      -      -      -      -       -
    4          0      0      0      -      -      -      -       -
    5          1      1      0      -      -      -      -       -
    6         10      5     11      -      -      -      -       -
    7         17     18     14      -      -      -      -       -
    8         23     16     17      -      -      -      -       -
    9         15     11     12      -      -      -      -       -
   10          8     10     16      -      -      -      -       -
   11         10      9     16      -      -      -      -       -
   12          8      8      -      -      -      -      -       -
   13         20     11      -      -      -      -      -       -
   14         12      7      -      -      -      -      -       -
   15         19     15      -      -      -      -      -       -
   16         19     11      -      -      -      -      -       -
   17         17     11      -      -      -      -      -       -
   18          9     14      -      -      -      -      -       -
   19          7      3      -      -      -      -      -       -
   20          1      3      -      -      -      -      -       -
   21          7      3      -      -      -      -      -       -
   22          1      1      -      -      -      -      -       -
   23          2      1      -      -      -      -      -       -
 
TOTALS
 
12HR 7-19    177    141      -      -      -      -      -       -
16HR 6-22    202    155      -      -      -      -      -       -
18HR 6-24    205    157      -      -      -      -      -       -
24HR 0-24    210    161      -      -      -      -      -       -
 
