 
 
 
*LOCATION   : ............................................................
*SITE NUMBER: 10803203
*FILE NUMBER:        3
*INTERVAL   :   15 MIN
*BATTERY    :    6.2 V
*RESTARTS   :        0
*CONFIG     :        0
*CHANNEL    :  1 OF  1
 
             FRI    SAT    SUN    MON    TUE    WED    THU    7-DAY
DATE    09/08/07     08     09     10     11     12     13   AVERAGE
 
START HOUR
 
    0          -     23     20     14     10      0      0       -
    1          -     14     13      6      6      0      0       -
    2          -     13     16      8      4      0      0       -
    3          -     11     23      2      3      0      0       -
    4          -      8      8     11      5      0      0       -
    5          -      7      8     16     19      0      0       -
    6          -      7     10     59    129      0      0       -
    7          -     16     12    186    379      0      0       -
    8          -     31     19    331    616      0      0       -
    9          -     63     52    151    300      0      0       -
   10          -     84     67     99    253      0      0       -
   11          -    114    121    118    237      0      0       -
   12          -    163    132    123    227      0      0       -
   13          -    150    160    112    293      0      0       -
   14        157    175    138    155   1144      0      0     253
   15        196    145    173    214   1538      0      0     324
   16        184    168    129    329      0      0      0     116
   17        156    145    171    297      0      0      0     110
   18        102    111    160    265      0      0      0      91
   19        104     74    137    195      0      0      0      73
   20         69     72    112    166      0      0      0      60
   21         67     54     79    109      0      0      0      44
   22         49     73     30     52      0      0      0      29
   23         33     44     17     19      0      0      0      16
 
TOTALS
 
12HR 7-19      -   1365   1334   2380   4987      0      0       -
16HR 6-22      -   1572   1672   2909   5116      0      0       -
18HR 6-24      -   1689   1719   2980   5116      0      0       -
24HR 0-24      -   1765   1807   3037   5163      0      0       -

 

