 
 
 
*LOCATION   : ............................................................
*SITE NUMBER: 11603201
*FILE NUMBER:        9
*INTERVAL   :   15 MIN
*BATTERY    :    6.4 V
*RESTARTS   :        0
*CONFIG     :        0
*CHANNEL    :  1 OF  1
 
             TUE    WED    THU    FRI    SAT    SUN    MON    7-DAY
DATE    09/08/04     05     06     07     08     09     10   AVERAGE
 
START HOUR
 
    0          -      3      2      8      3      5      7       -
    1          -      3      0      6      5      3      2       -
    2          -      4      2      6      9      6      3       -
    3          -      2      1      5      2      4      0       -
    4          -      4      2      2      4      2      5       -
    5          -     14     19     15      5      2     17       -
    6          -     44     44     33      6      8     57       -
    7          -     97     75     67      7     11     80       -
    8          -     78     76     82     28      9    106       -
    9          -     40     52     60     46     12     67       -
   10         51     59     83     64     72     38     67      62
   11         67     76     73     75     97     34     92      73
   12         91     77     80     86     82     93     92      86
   13         81     99     85    114    120    120     86     101
   14         94     78     91    104    101     86     76      90
   15        110    116    131    135     98     89    129     115
   16        141    149    161     94    119     85    152     129
   17        112    125    112     73     84     78    149     105
   18        110     91     96     72     58     68    141      91
   19         78     57     69     61     23     51    115      65
   20         60     49     74     44     28     72     91      60
   21         41     26     29     23     17     32     37      29
   22         15     21     18     12      6     13     28      16
   23         12      2     13      5      3      3     10       7
 
TOTALS
 
12HR 7-19      -   1085   1115   1026    912    723   1237       -
16HR 6-22      -   1261   1331   1187    986    886   1537       -
18HR 6-24      -   1284   1362   1204    995    902   1575       -
24HR 0-24      -   1314   1388   1246   1023    924   1609       -
 
 
 
 
*LOCATION   : ............................................................
*SITE NUMBER: 11603201
*FILE NUMBER:        9
*INTERVAL   :   15 MIN
*BATTERY    :    6.4 V
*RESTARTS   :        0
*CONFIG     :        0
*CHANNEL    :  1 OF  1
 
             TUE    WED    THU    FRI    SAT    SUN    MON    7-DAY
DATE    09/08/11     12     13     14     15     16     17   AVERAGE
 
START HOUR
 
    0          3     11      6      0      3      4      1       4
    1          2      4      3      0      2      2      1       2
    2          2      3      3      5      9      8      2       5
    3          1      2      0      1      5      4      1       2
    4          6      2      6      4      3      2      2       4
    5         20     13     16     17      5      2     14      12
    6         63     38     45     42      9      7     51      36
    7         98     45     94     85     16      5     83      61
    8        103     33     84     74     33      5     86      60
    9         54     21     60     56     63      3     62      46
   10         77     25     79     77     88      4     54      58
   11         76     19     67     76    107      6     50      57
   12         84     36     79     91    100     41     50      69
   13         88     29     67     86     93     38     42      63
   14         98     44     98     87     98     65     61      79
   15        130     64    150    125     97     51    100     102
   16        150     75    132    132     78     44    121     105
   17        160     53    104     68     68     75    121      93
   18        124     58    114     76     53     50    120      85
   19        122     82     84     75     39     57     78      77
   20         69     53     52     50     20     37     57      48
   21         28     31     37     19     12     18     25      24
   22         21     11     11     10     17      8      8      12
   23          9     10      7      1      7      3      2       6
 
TOTALS
 
12HR 7-19   1242    502   1128   1033    894    387    950     877
16HR 6-22   1524    706   1346   1219    974    506   1161    1062
18HR 6-24   1554    727   1364   1230    998    517   1171    1080
24HR 0-24   1588    762   1398   1257   1025    539   1192    1109
 
 
 
 
*LOCATION   : ............................................................
*SITE NUMBER: 11603201
*FILE NUMBER:        9
*INTERVAL   :   15 MIN
*BATTERY    :    6.4 V
*RESTARTS   :        0
*CONFIG     :        0
*CHANNEL    :  1 OF  1
 
             TUE    WED    THU    FRI    SAT    SUN    MON    7-DAY
DATE    09/08/18     19     20     21     22     23     24   AVERAGE
 
START HOUR
 
    0          1      5      0      3     12      4      1       4
    1          2      3      5      1      5      0      2       3
    2          6      0      1      2      2      4      4       3
    3          1      1      0      0      5      0      1       1
    4          2      0      2      0      0      2      5       2
    5         16     18     15     14      6      5      7      12
    6         33     52     54     49      4      4     53      36
    7         49    109    101     89     15      4    113      69
    8         59    116     98    105     21      7    130      77
    9         45     63     74     58     33     12     60      49
   10         35     61     67     48     92     21     65      56
   11         26     71     65     62     89     26     63      57
   12         38     47     68     53     96     62     51      59
   13         52     67     72     96     99     64     91      77
   14         79    103     89    106    104     89     95      95
   15         82    129    149    154     90     89    125     117
   16         99    159    143    122     87     65    166     120
   17         69    134    131     84    107     42    125      99
   18         73    119     93     78     46     47    126      83
   19         49     69     79     60     25     62     81      61
   20         35     52     56     33     26     34     42      40
   21         19     27     28     16     18     14     19      20
   22         14     13     10      5      8      7     14      10
   23          5      6      3      7      4      4      1       4
 
TOTALS
 
12HR 7-19    706   1178   1150   1055    879    528   1210     958
16HR 6-22    842   1378   1367   1213    952    642   1405    1114
18HR 6-24    861   1397   1380   1225    964    653   1420    1129
24HR 0-24    889   1424   1403   1245    994    668   1440    1152
 
 
 
 
*LOCATION   : ............................................................
*SITE NUMBER: 11603201
*FILE NUMBER:        9
*INTERVAL   :   15 MIN
*BATTERY    :    6.4 V
*RESTARTS   :        0
*CONFIG     :        0
*CHANNEL    :  1 OF  1
 
             TUE    WED    THU    FRI    SAT    SUN    MON    7-DAY
DATE    09/08/25     26     27     28     29     30     31   AVERAGE
 
START HOUR
 
    0          1      0      1      0      4      3      2       2
    1          5      2      2      1      7      5      2       3
    2          2      1      2      2      2      5      0       2
    3          0      0      1      2      2      0      1       1
    4          1      1      1      4      1      0      3       2
    5         15     11      8     10      3      3     13       9
    6         53     51     47     50     12      1     55      38
    7        118    106     85     82     10      8     95      72
    8        107    106    135     92     18      5     89      79
    9         77     64     87     59     42     10     66      58
   10         78     61     62     47     67     24     48      55
   11         65     60     49     65     92     35     56      60
   12         53     48     58     80    102     80     46      67
   13         62     80     67     86    101     78     69      78
   14         77     77     58     85     87     69      -       -
   15        123    135     88    154     70     63      -       -
   16        165    158    124    118     68     69      -       -
   17        145    131     82    104     81     59      -       -
   18        115     89     63     81     44     48      -       -
   19        102     44     50     64     28     51      -       -
   20         68     25     32     40      8     45      -       -
   21         21     16     20     17     15     16      -       -
   22         13     10     13      8      8      7      -       -
   23          0      0      3      3      3      4      -       -
 
TOTALS
 
12HR 7-19   1185   1115    958   1053    782    548      -       -
16HR 6-22   1429   1251   1107   1224    845    661      -       -
18HR 6-24   1442   1261   1123   1235    856    672      -       -
24HR 0-24   1466   1276   1138   1254    875    688      -       -
 
