 
 
 
*LOCATION   : ............................................................
*SITE NUMBER: 11803219
*FILE NUMBER:        6
*INTERVAL   :   15 MIN
*BATTERY    :    6.1 V
*RESTARTS   :        0
*CONFIG     :        0
*CHANNEL    :  1 OF  1
 
             TUE    WED    THU    FRI    SAT    SUN    MON    7-DAY
DATE    09/08/04     05     06     07     08     09     10   AVERAGE
 
START HOUR
 
    0          -      3      8      4      7      5      4       -
    1          -      2      1      3      5      4      1       -
    2          -      1      1      1      2      7      2       -
    3          -      0      0      0      2      5      1       -
    4          -      1      1      1      2      8      3       -
    5          -     14     12      6      2      1     10       -
    6          -     69     63     56      6      8     74       -
    7          -     89     85     70     12     14     90       -
    8          -     62     58     53     20     18     73       -
    9          -     41     50     37     45     37     34       -
   10         56     42     40     49     71     78     50      55
   11         50     65     76     62     93     83     67      71
   12         65     83     71     73     79    118     70      80
   13         67     78     75     84    110    109     87      87
   14         53     70     73     85     90     94     97      80
   15        118    100    126    125     91    111    156     118
   16        139    144    114     80     71    105    185     120
   17        103    115     88     78     94     85    125      98
   18         96     66     96     57     93    112    125      92
   19         82     79     84     53     72     88     96      79
   20         68     49     69     42     74     64    104      67
   21         25     41     41     26     29     48     45      36
   22         31     24     34      7     19     13     26      22
   23         10     10     15      3     11      8     10      10
 
TOTALS
 
12HR 7-19      -    955    952    853    869    964   1159       -
16HR 6-22      -   1193   1209   1030   1050   1172   1478       -
18HR 6-24      -   1227   1258   1040   1080   1193   1514       -
24HR 0-24      -   1248   1281   1055   1100   1223   1535       -
 
 
 
 
*LOCATION   : ............................................................
*SITE NUMBER: 11803219
*FILE NUMBER:        6
*INTERVAL   :   15 MIN
*BATTERY    :    6.1 V
*RESTARTS   :        0
*CONFIG     :        0
*CHANNEL    :  1 OF  1
 
             TUE    WED    THU    FRI    SAT    SUN    MON    7-DAY
DATE    09/08/11     12     13     14     15     16     17   AVERAGE
 
START HOUR
 
    0         10      2      8      7      3     21      4       8
    1          0      5      1      0      1      2      1       1
    2          6      3      2      1      1      1      1       2
    3          0      2      2      0      1      3      0       1
    4          5      0      1      0      0      0      1       1
    5         16     10     13     10      2      1     12       9
    6         81     28     61     48     10      6     62      42
    7        118     35     71     72     14      1     84      56
    8         63     23     52     50     28      8     70      42
    9         52     17     45     37     61      4     41      37
   10         50     12     44     47     74     13     23      38
   11         45     14     50     45     89     14     42      43
   12         58     18     52     48    128     17     33      51
   13         54     21     66     58     90     26     33      50
   14         75     28     82     73    112     54     45      67
   15        112     41     98     83    103     60     84      83
   16        177     41    123     75     91     68    107      97
   17        131     51     89     62    141     68     91      90
   18        118     46     69     49    114     62    100      80
   19        146     42     71     53     78     36     57      69
   20         63     38     62     23     78     27     51      49
   21         26     18     48     27     45     14     40      31
   22         28     24     25     13     16      8      9      18
   23         10      4      7      5     12      3      1       6
 
TOTALS
 
12HR 7-19   1053    347    841    699   1045    395    753     733
16HR 6-22   1369    473   1083    850   1256    478    963     925
18HR 6-24   1407    501   1115    868   1284    489    973     948
24HR 0-24   1444    523   1142    886   1292    517    992     971
 
 
 
 
*LOCATION   : ............................................................
*SITE NUMBER: 11803219
*FILE NUMBER:        6
*INTERVAL   :   15 MIN
*BATTERY    :    6.1 V
*RESTARTS   :        0
*CONFIG     :        0
*CHANNEL    :  1 OF  1
 
             TUE    WED    THU    FRI    SAT    SUN    MON    7-DAY
DATE    09/08/18     19     20     21     22     23     24   AVERAGE
 
START HOUR
 
    0          2      1      1      2      5      7      2       3
    1          0      1      0      1      2      2      1       1
    2          0      1      1      0      2      2      0       1
    3          0      1      1      1      3      1      0       1
    4          2      3      1      3      1      0      2       2
    5         11      8     15     10      3      2     13       9
    6         42     72     64     56      6      4     64      44
    7         45    118    111     94     14      9    127      74
    8         50     67     80     62     18      9     92      54
    9         30     52     52     24     39     42     39      40
   10          9     38     38     32     47     58     41      38
   11         27     51     38     50     55     67     58      49
   12         22     42     58     45     63     62     47      48
   13         25     68     64     78     84     86     35      63
   14         45     50     81     81     81     67     60      66
   15         57    108    104     92     61     61    130      88
   16         84    152    167    115     90     58    142     115
   17         60    144    101     86     64     63    129      92
   18         40     96     92     56     57     32    111      69
   19         39     76     63     34     38     49     87      55
   20         33     53     64     25     32     57     71      48
   21         23     35     23     24     19     21     28      25
   22          7     13     10      4     18      9      8      10
   23          1      4      2      4      9      0      3       3
 
TOTALS
 
12HR 7-19    494    986    986    815    673    614   1011     797
16HR 6-22    631   1222   1200    954    768    745   1261     969
18HR 6-24    639   1239   1212    962    795    754   1272     982
24HR 0-24    654   1254   1231    979    811    768   1290     998
 
 
 
 
*LOCATION   : ............................................................
*SITE NUMBER: 11803219
*FILE NUMBER:        6
*INTERVAL   :   15 MIN
*BATTERY    :    6.1 V
*RESTARTS   :        0
*CONFIG     :        0
*CHANNEL    :  1 OF  1
 
             TUE    WED    THU    FRI    SAT    SUN    MON    7-DAY
DATE    09/08/25     26     27     28     29     30     31   AVERAGE
 
START HOUR
 
    0          2      4      1      1      3      9      2       3
    1          0      1      0      0      3      6      0       1
    2          0      0      0      2      1      0      1       1
    3          0      2      0      0      2      2      1       1
    4          1      1      0      0      1      3      2       1
    5         18      9      7     10      1      2     12       8
    6         61     62     47     43      5      3     44      38
    7        107    100    104     96     14      6     95      75
    8         83     68     58     75     27      6     70      55
    9         35     37     32     27     30     20     26      30
   10         31     41     22     31     47     45     10      32
   11         67     53     46     41     64     50     37      51
   12         52     46     27     51     78     72     36      52
   13         51     47     36     56     55     66      -       -
   14         60     71     44     58     47     72      -       -
   15        102    111     73     81     48     83      -       -
   16        132    123     84     90     43     62      -       -
   17         96     88     61     64     32     68      -       -
   18         78     74     49     60     43     65      -       -
   19         75     36     31     48     31     65      -       -
   20         47     19     30     34     22     44      -       -
   21         22      9     21     18     19     19      -       -
   22         11      6      9     15      6     11      -       -
   23          0     10      4      7      8      5      -       -
 
TOTALS
 
12HR 7-19    894    859    636    730    528    615      -       -
16HR 6-22   1099    985    765    873    605    746      -       -
18HR 6-24   1110   1001    778    895    619    762      -       -
24HR 0-24   1131   1018    786    908    630    784      -       -
 
