 
 
 
 
 
*LOCATION   : ............................................................
*SITE NUMBER: 12103215
*FILE NUMBER:        8
*INTERVAL   :   15 MIN
*BATTERY    :    6.5 V
*RESTARTS   :        0
*CONFIG     :       12
*CHANNEL    :  2 OF  2
 
             TUE    WED    THU    FRI    SAT    SUN    MON    7-DAY
DATE    09/08/04     05     06     07     08     09     10   AVERAGE
 
START HOUR
 
    0          -      6      7     14      1     11      7       -
    1          -      3      3      8      2      2      1       -
    2          -      3      7      5      5      6      4       -
    3          -      0      1      4      2      4      0       -
    4          -      7      7     10      3      0      9       -
    5          -     24     24     16     10     16     27       -
    6          -     82     91     60     17      7     86       -
    7          -    100    102     79     13     18    145       -
    8          -     84     77     53     22     27     88       -
    9          -     57     38     62     68     66     73       -
   10          -     73     45     61     83    117     92       -
   11         84     80     86     97     93    161    111     102
   12         90     95    115    121    147    199    119     127
   13         74    131    115     97    164    192     98     124
   14         88    120    131    116    147    200    116     131
   15        129    173    183    109    152    183    162     156
   16        155    167    162    111    161    205    211     167
   17        165    183    150     95    159    160    182     156
   18        133    137    141     83    116    145    192     135
   19         91     97    148     70     95    114    137     107
   20         89     82     82     72     58     96    132      87
   21         51     60     81     36     46     43     65      55
   22         24     28     28     14     19     22     41      25
   23          6     17     18     15     34      8     14      16
 
TOTALS
 
12HR 7-19      -   1400   1345   1084   1325   1673   1589       -
16HR 6-22      -   1721   1747   1322   1541   1933   2009       -
18HR 6-24      -   1766   1793   1351   1594   1963   2064       -
24HR 0-24      -   1809   1842   1408   1617   2002   2112       -

 
 
 
 






*LOCATION   : ............................................................
*SITE NUMBER: 12103215
*FILE NUMBER:        8
*INTERVAL   :   15 MIN
*BATTERY    :    6.5 V
*RESTARTS   :        0
*CONFIG     :       12
*CHANNEL    :  2 OF  2
 
             TUE    WED    THU    FRI    SAT    SUN    MON    7-DAY
DATE    09/08/11     12     13     14     15     16     17   AVERAGE
 
START HOUR
 
    0         12      9     11      4     12      4      4       8
    1          2      2      0      3      6      2      1       2
    2          2      3      3      0     12      6      3       4
    3          1      0      0      1      4      7      0       2
    4          6      7      4      7      3      4      0       4
    5         29     15      9     11      3     10     28      15
    6        104     46     81     78     14      8     70      57
    7        150     35    115    108     10      0    104      75
    8         79     29     64     60     16      7     71      47
    9         54     16     72     32     44      5     44      38
   10         70     10     39     57     52      7     47      40
   11         60     16     64     78    134     12     50      59
   12         72     21     77     71    106     16     56      60
   13         77     16     74    108    107     16     32      61
   14         99     32    102     92    115     23     60      75
   15        161     55    137     82    101     47     81      95
   16        202     43    159     99     97     45    131     111
   17        167     72    104     83     83     72    117     100
   18        150     40     84     52     88     57    121      85
   19        139     41     77     26     71     39    104      71
   20        106     51     82     31     48     37     94      64
   21         49     31     29     28     26     17     29      30
   22         20     19     13     14     20      2     12      14
   23         10      6     12     15     10      9      9      10
 
TOTALS
 
12HR 7-19   1341    385   1091    922    953    307    914     845
16HR 6-22   1739    554   1360   1085   1112    408   1211    1067
18HR 6-24   1769    579   1385   1114   1142    419   1232    1091
24HR 0-24   1821    615   1412   1140   1182    452   1268    1127

 
 
 














*LOCATION   : ............................................................
*SITE NUMBER: 12103215
*FILE NUMBER:        8
*INTERVAL   :   15 MIN
*BATTERY    :    6.5 V
*RESTARTS   :        0
*CONFIG     :       12
*CHANNEL    :  2 OF  2
 
             TUE    WED    THU    FRI    SAT    SUN    MON    7-DAY
DATE    09/08/18     19     20     21     22     23     24   AVERAGE
 
START HOUR
 
    0          0      6      2      0      6      6      1       3
    1          2      3      1      3      2      3      3       2
    2          1      0      0      0      6      1      5       2
    3          7      1      0     11      1      1      0       3
    4          8      6     11      6      2      0      2       5
    5         19     29     28     19      4      5     26      19
    6         57     80     89     62      8      7     82      55
    7         43    119    105    101     14      8    126      74
    8         32     74     63     70     21     12     76      50
    9         27     47     46     37     43     35     54      41
   10         27     62     48     48     69     55     44      50
   11          9     51     57     49     90     64     64      55
   12         32     55     64     71     93     89     67      67
   13         28     80     70     73    116    104     65      77
   14         36     83     98     97     87    106     87      85
   15         74    150    126    140     90     92    139     116
   16         77    164    156    119    121     68    148     122
   17         82    137    113    119     95     67    159     110
   18         58    110    106     60     84     86    121      89
   19         51     89     79     55     72     52    118      74
   20         46     86     61     41     43     50     66      56
   21         27     44     44     32     34     33     32      35
   22         24     18     10     28     19     13     13      18
   23          6      6     12      3     12      9      5       8
 
TOTALS
 
12HR 7-19    525   1132   1052    984    923    786   1150     936
16HR 6-22    706   1431   1325   1174   1080    928   1448    1156
18HR 6-24    736   1455   1347   1205   1111    950   1466    1181
24HR 0-24    773   1500   1389   1244   1132    966   1503    1215

 
 
 
 
*LOCATION   : ............................................................
*SITE NUMBER: 12103215
*FILE NUMBER:        8
*INTERVAL   :   15 MIN
*BATTERY    :    6.5 V
*RESTARTS   :        0
*CONFIG     :       12
*CHANNEL    :  2 OF  2
 
             TUE    WED    THU    FRI    SAT    SUN    MON    7-DAY
DATE    09/08/25     26     27     28     29     30     31   AVERAGE
 
START HOUR
 
    0          5      4      0      7      3      3      1       3
    1          5      6      3      3      5      3      0       4
    2          0      2      1      3      8      2      1       2
    3          0      4      2      1      2      0      0       1
    4          6      3      3      4      5      0      1       3
    5         36     24     18     19      6      3     14      17
    6         92     80     78     71     11      7     39      54
    7        135    116    103     98      9      0     91      79
    8         83     73     57     60     12     11     59      51
    9         69     53     43     51     45     25     46      47
   10         58     42     44     41     47     76     19      47
   11         71     87     27     50     68     64     35      57
   12         80     37     32     51     74    114     38      61
   13        103     82     33     83     84     97      -       -
   14        102     74     55     62     59    118      -       -
   15        130    131     77     92     69     88      -       -
   16        162    152    114    125     74    109      -       -
   17        108    146     56     92     62     98      -       -
   18         99    110     44    105     39     76      -       -
   19        105     45     33     46     29    102      -       -
   20         78     36     46     69     36     65      -       -
   21         43     20     30     36      8     25      -       -
   22         11     15     15     14     11      3      -       -
   23          5      1      6      6     13      1      -       -
 
TOTALS
 
12HR 7-19   1200   1103    685    910    642    876      -       -
16HR 6-22   1518   1284    872   1132    726   1075      -       -
18HR 6-24   1534   1300    893   1152    750   1079      -       -
24HR 0-24   1586   1343    920   1189    779   1090      -       -

 

