*LOCATION	: ..	........	.......	.......	.......	.......	.......	...............
*SITE NUMB	ER: 11	600101						
*FILE NUMB	ER:	7						
*INTERVAL	:	15 MIN						
*BATTERY	:	6.5 V						
*RESTARTS	:	0						
*CONFIG	:	0						
*CHANNEL	:  1	OF  1						

	TUE	WED	THU	FRI	SAT	SUN	MON	7-DAY
DATE    07	/01/02	3	4	5	6	7	8	AVERAGE

START HOUR								

0	-	0	0	1	1	0	1	-
1	-	0	0	1	1	1	1	-
2	-	0	1	2	0	0	0	-
3	-	0	0	0	0	0	0	-
4	-	1	1	1	0	0	2	-
5	-	7	7	7	0	3	5	-
6	-	10	5	8	5	2	8	-
7	-	14	17	14	2	3	14	-
8	-	12	16	10	2	0	15	-
9	-	20	29	16	2	3	18	-
10	-	16	27	18	6	13	17	-
11	-	40	14	38	7	7	19	-
12	-	24	18	39	12	19	31	-
13	-	32	27	40	12	8	37	-
14	-	27	26	32	14	11	32	-
15	33	45	34	37	13	11	40	30
16	32	39	21	40	11	6	34	26
17	23	25	21	30	4	7	34	21
18	8	18	12	25	7	8	23	14
19	11	19	11	18	3	5	8	11
20	9	11	6	9	6	8	10	8
21	7	0	2	2	2	4	4	3
22	1	2	1	0	3	2	1	1
23	2	1	2	1	1	1	0	1

TOTALS								
	126							
12HR 7-19	-	312	262	339	92	96	314	-
16HR 6-22	-	352	286	376	108	115	344	-
18HR 6-24	-	355	289	377	112	118	345	-
24HR 0-24	-	363	298	389	114	122	354	-
								



*LOCATION	: ..	........	.......	.......	.......	.......	.......	...............
*SITE NUMB	ER: 11	600101						
*FILE NUMB	ER:	7						
*INTERVAL	:	15 MIN						
*BATTERY	:	6.5 V						
*RESTARTS	:	0						
*CONFIG	:	0						
*CHANNEL	:  1	OF  1						

	TUE	WED	THU	FRI	SAT	SUN	MON	7-DAY
DATE    07	/01/09	10	11	12	13	14	15	AVERAGE

START HOUR								

0	0	1	0	1	1	1	1	1
1	1	2	1	0	1	1	2	1
2	1	0	0	0	0	1	0	0
3	0	1	0	1	0	0	0	0
4	2	3	2	1	0	1	4	2
5	6	6	7	6	1	1	9	5
6	9	7	5	8	2	2	6	6
7	25	22	18	21	2	2	10	14
8	26	16	11	10	1	3	16	12
9	15	15	17	17	13	2	12	13
10	29	18	6	13	15	4	12	14
11	36	23	13	19	15	4	16	18
12	38	22	17	33	15	4	19	21
13	43	19	26	35	22	8	29	26
14	37	52	24	21	14	2	21	24
15	44	41	19	24	19	3	25	25
16	43	35	27	21	13	1	35	25
17	35	26	16	15	12	4	17	18
18	11	24	11	10	8	1	13	11
19	12	16	5	6	3	0	16	8
20	10	9	9	6	5	3	5	7
21	1	7	6	3	1	3	7	4
22	3	2	2	1	1	0	1	1
23	0	2	0	0	1	1	0	1

TOTALS								

12HR 7-19	382	313	205	239	149	38	225	222
16HR 6-22	414	352	230	262	160	46	259	246
18HR 6-24	417	356	232	263	162	47	260	248
24HR 0-24	427	369	242	272	165	52	276	258
								



*LOCATION	: ..	........	.......	.......	.......	.......	.......	...............
*SITE NUMB	ER: 11	600101						
*FILE NUMB	ER:	7						
*INTERVAL	:	15 MIN						
*BATTERY	:	6.5 V						
*RESTARTS	:	0						
*CONFIG	:	0						
*CHANNEL	:  1	OF  1						

	TUE	WED	THU	FRI	SAT	SUN	MON	7-DAY
DATE    07	/01/16	17	18	19	20	21	22	AVERAGE

START HOUR								

0	1	0	1	0	0	0	0	0
1	1	0	1	0	1	0	0	0
2	1	0	1	0	1	0	0	0
3	0	1	1	0	1	0	0	0
4	1	0	1	1	0	0	0	0
5	8	7	7	9	1	0	0	5
6	3	11	5	8	1	0	0	4
7	11	11	8	12	2	0	0	6
8	14	16	12	9	1	0	0	7
9	10	13	14	5	14	0	0	8
10	11	17	10	27	15	0	0	11
11	10	36	21	34	23	0	0	18
12	14	35	13	35	18	0	0	16
13	22	23	15	35	17	0	0	16
14	39	21	27	30	31	0	0	21
15	19	20	37	30	33	0	0	20
16	20	35	26	28	21	0	0	19
17	18	22	12	16	12	0	0	11
18	15	19	14	15	5	0	0	10
19	11	15	13	12	4	0	0	8
20	7	7	5	7	0	0	0	4
21	8	10	5	4	0	0	0	4
22	1	2	0	2	0	0	0	1
23	0	2	0	2	1	0	0	1

TOTALS								

12HR 7-19	203	268	209	276	192	0	0	164
16HR 6-22	232	311	237	307	197	0	0	183
18HR 6-24	233	315	237	311	198	0	0	185
24HR 0-24	245	323	249	321	202	0	0	191
								



*LOCATION	: ..	........	.......	.......	.......	.......	.......	...............
*SITE NUMB	ER: 11	600101						
*FILE NUMB	ER:	7						
*INTERVAL	:	15 MIN						
*BATTERY	:	6.5 V						
*RESTARTS	:	0						
*CONFIG	:	0						
*CHANNEL	:  1	OF  1						

	TUE	WED	THU	FRI	SAT	SUN	MON	7-DAY
DATE    07	/01/23	24	25	26	27	28	29	AVERAGE

START HOUR								

0	0	0	0	0	0	0	0	0
1	0	0	0	0	0	0	0	0
2	0	4	1	0	0	0	0	1
3	0	0	0	0	0	0	0	0
4	0	3	4	2	0	0	0	1
5	0	3	5	6	2	0	3	3
6	0	7	7	6	2	1	6	4
7	0	11	8	8	1	2	6	5
8	0	14	8	11	3	1	10	7
9	0	7	15	17	6	2	10	8
10	0	9	8	12	10	1	8	7
11	0	14	16	14	20	1	12	11
12	1	19	17	21	19	5	21	15
13	0	15	21	13	11	6	16	12
14	0	11	21	12	24	11	18	14
15	0	10	16	8	14	4	14	9
16	0	23	15	17	13	4	11	12
17	0	19	14	9	8	4	26	11
18	10	11	12	8	5	4	15	9
19	10	8	5	5	0	1	5	5
20	8	7	4	5	0	1	2	4
21	0	4	3	1	0	0	3	2
22	2	2	0	0	1	0	0	1
23	0	0	0	0	0	0	1	0

TOTALS								

12HR 7-19	11	163	171	150	134	45	167	120
16HR 6-22	29	189	190	167	136	48	183	135
18HR 6-24	31	191	190	167	137	48	184	135
24HR 0-24	31	201	200	175	139	48	187	140
								



*LOCATION	: ..	........	.......	.......	.......	.......	.......	...............
*SITE NUMB	ER: 11	600101						
*FILE NUMB	ER:	7						
*INTERVAL	:	15 MIN						
*BATTERY	:	6.5 V						
*RESTARTS	:	0						
*CONFIG	:	0						
*CHANNEL	:  1	OF  1						

	TUE	WED	THU	FRI	SAT	SUN	MON	7-DAY
DATE    07	/01/30	31	1	2	3	4	5	AVERAGE

START HOUR								

0	0	0	0	-	-	-	-	-
1	0	0	1	-	-	-	-	-
2	0	0	0	-	-	-	-	-
3	0	0	0	-	-	-	-	-
4	3	1	1	-	-	-	-	-
5	6	2	4	-	-	-	-	-
6	6	3	5	-	-	-	-	-
7	8	7	10	-	-	-	-	-
8	11	10	13	-	-	-	-	-
9	12	17	9	-	-	-	-	-
10	9	6	11	-	-	-	-	-
11	8	9	9	-	-	-	-	-
12	15	13	17	-	-	-	-	-
13	15	9	14	-	-	-	-	-
14	14	8	13	-	-	-	-	-
15	21	14	-	-	-	-	-	-
16	11	18	-	-	-	-	-	-
17	13	10	-	-	-	-	-	-
18	6	7	-	-	-	-	-	-
19	7	5	-	-	-	-	-	-
20	4	3	-	-	-	-	-	-
21	3	2	-	-	-	-	-	-
22	1	3	-	-	-	-	-	-
23	0	2	-	-	-	-	-	-
			107					
TOTALS								

12HR 7-19	143	128	-	-	-	-	-	-
16HR 6-22	163	141	-	-	-	-	-	-
18HR 6-24	164	146	-	-	-	-	-	-
24HR 0-24	173	149	-	-	-	-	-	-
								
								
