 
 
 
*LOCATION   : ............................................................
*SITE NUMBER: 10703106
*FILE NUMBER:        2
*INTERVAL   :   15 MIN
*BATTERY    :    6.4 V
*RESTARTS   :        0
*CONFIG     :        0
*CHANNEL    :  1 OF  1
 
             MON    TUE    WED    THU    FRI    SAT    SUN    7-DAY
DATE    06/07/31     01     02     03     04     05     06   AVERAGE
 
START HOUR
 
    0          -      8     15     13     11     14     13       -
    1          -      4      5     10     12     13     11       -
    2          -      2      4      7      2     12     15       -
    3          -      2      9      8      1     11      6       -
    4          -      2      2      4      8      4      8       -
    5          -     19     10     11     14     10      4       -
    6          -     56     66     59     56      7      3       -
    7          -    160    147    132    136     13     11       -
    8          -    259    244    211    217     26     14       -
    9          -    147    154    145    130     35     31       -
   10          -     82     94     94     97     60     47       -
   11          -    101     97     74     94     74     78       -
   12          -     98     92     67     87     95     70       -
   13          -    138     97     66    117    103    106       -
   14        126    130    126     85    140     91    103     114
   15        179    221    221    169    216    113     81     171
   16        292    295    305    238    238    100     89     222
   17        189    208    209    202    167     99     91     166
   18        167    170    202    136    132     82     95     141
   19        118    165    137    113     94     64     72     109
   20        104     94     96     85     91     50     65      84
   21         71     82     82     66     53     26     50      61
   22         26     35     47     48     43     25     26      36
   23         20      8     31     16     20     21     15      19
 
TOTALS
 
12HR 7-19      -   2009   1988   1619   1771    891    816       -
16HR 6-22      -   2406   2369   1942   2065   1038   1006       -
18HR 6-24      -   2449   2447   2006   2128   1084   1047       -
24HR 0-24      -   2486   2492   2059   2176   1148   1104       -
 
 
 
 
*LOCATION   : ............................................................
*SITE NUMBER: 10703106
*FILE NUMBER:        2
*INTERVAL   :   15 MIN
*BATTERY    :    6.4 V
*RESTARTS   :        0
*CONFIG     :        0
*CHANNEL    :  1 OF  1
 
             MON    TUE    WED    THU    FRI    SAT    SUN    7-DAY
DATE    06/08/07     08     09     10     11     12     13   AVERAGE
 
START HOUR
 
    0          6     11     11     12     21     33     17      16
    1          4      6      3     11      6     13     28      10
    2          3      2      7      8     11     13     25      10
    3          4      3      3      5      5     16     16       7
    4          4      4     10      6      5      5     11       6
    5         18     16     11     15     14      8     11      13
    6         60     67     68     62     56     14     10      48
    7        206    223    211    203    185     17     20     152
    8        322    315    354    306    259     38     20     231
    9        171    158    160    153    135     50     41     124
   10        105    102    104     95     86     76     53      89
   11        102     85    103    102     85     90     79      92
   12         86    102    116    104    105    103     78      99
   13         99    109    113     99    106    171     95     113
   14        142    116    127    119    151    244    100     143
   15        231    220    223    246    235    206     88     207
   16        347    364    356    351    277    156     67     274
   17        279    250    295    273    197    128     94     217
   18        185    195    197    197    143     93     79     156
   19        162    177    153    148    120     61     66     127
   20        134    126    112    113     88     61     63     100
   21         74     79     89     84     94     31     31      69
   22         35     36     36     37     39     35     19      34
   23         15     23     27     26     49     19     18      25
 
TOTALS
 
12HR 7-19   2275   2239   2359   2248   1964   1372    814    1896
16HR 6-22   2705   2688   2781   2655   2322   1539    984    2239
18HR 6-24   2755   2747   2844   2718   2410   1593   1021    2298
24HR 0-24   2794   2789   2889   2775   2472   1681   1129    2361
 
 
 
 
*LOCATION   : ............................................................
*SITE NUMBER: 10703106
*FILE NUMBER:        2
*INTERVAL   :   15 MIN
*BATTERY    :    6.4 V
*RESTARTS   :        0
*CONFIG     :        0
*CHANNEL    :  1 OF  1
 
             MON    TUE    WED    THU    FRI    SAT    SUN    7-DAY
DATE    06/08/14     15     16     17     18     19     20   AVERAGE
 
START HOUR
 
    0          8      5     12      7     14     52     10      15
    1          6      5      5      7      2     23     13       9
    2          7      3      3      4      4     12     15       7
    3          1      3      4      4      3     16     13       6
    4          3      2      0      5      6     15      7       5
    5         19     12     16     13     20      8      8      14
    6         70     56     70     54     60     12      9      47
    7        216    230    218    200    192     13     12     154
    8        301    294    319    307    303     36     27     227
    9        168    182    196    149    155     45     43     134
   10         94     85    102     69     99     58     71      83
   11        100     85     90     77    109     99    119      97
   12         98     75     90    100     88    125    105      97
   13        100     47     88    109    104    136    127     102
   14        115     78    122    119    130    149    132     121
   15        197    164    243    209    243    128    150     191
   16        345    304    369    322    259    148    130     268
   17        261    252    295    260    165    128     95     208
   18        198    172    235    180    119    110     94     158
   19        155    142    133    145    100     80     87     120
   20        114    116    115     92    102     86     76     100
   21         72     62     88     81    105     65     45      74
   22         28     31     46     48     71     30     23      40
   23         14     15     24     17     31     33     13      21
 
TOTALS
 
12HR 7-19   2193   1968   2367   2101   1966   1175   1105    1839
16HR 6-22   2604   2344   2773   2473   2333   1418   1322    2181
18HR 6-24   2646   2390   2843   2538   2435   1481   1358    2242
24HR 0-24   2690   2420   2883   2578   2484   1607   1424    2298
 
 
 
 
*LOCATION   : ............................................................
*SITE NUMBER: 10703106
*FILE NUMBER:        2
*INTERVAL   :   15 MIN
*BATTERY    :    6.4 V
*RESTARTS   :        0
*CONFIG     :        0
*CHANNEL    :  1 OF  1
 
             MON    TUE    WED    THU    FRI    SAT    SUN    7-DAY
DATE    06/08/21     22     23     24     25     26     27   AVERAGE
 
START HOUR
 
    0          2     13      6     17     12     32     16      14
    1          6      5      7      4     22     17     14      11
    2          2      2      3      2      5      7      9       4
    3          4      1      1      2     14     11     16       7
    4          3      4      1      4      6      2     12       5
    5         17     15     18     10     19      7      2      13
    6         70     81     81     71     59     16     19      57
    7        214    205    215    219    166     15     11     149
    8        329    278    321    273    249     35     17     215
    9        150    160    181    140    143     59     50     126
   10        103     83     76     88    102     67     48      81
   11         83     93     83    100    109     79     57      86
   12        100     82     91     98    100     89     54      88
   13         97    101    115    102    106     94     69      98
   14        105    106    127    110    144    103     90     112
   15        213    201    239    211    186    104     83     177
   16        351    291    340    294    264     98     78     245
   17        265    251    277    225    202     85     95     200
   18        150    201    215    174    138     67    123     153
   19        121    134    181    122    102     51     69     111
   20        123    104    148    102     72     52     80      97
   21         84     84     98     70     73     47     35      70
   22         33     29     32     68     60     40     31      42
   23         10     13     20     46     28     16     10      20
 
TOTALS
 
12HR 7-19   2160   2052   2280   2034   1909    895    775    1729
16HR 6-22   2558   2455   2788   2399   2215   1061    978    2065
18HR 6-24   2601   2497   2840   2513   2303   1117   1019    2127
24HR 0-24   2635   2537   2876   2552   2381   1193   1088    2180
 
 
 
 
*LOCATION   : ............................................................
*SITE NUMBER: 10703106
*FILE NUMBER:        2
*INTERVAL   :   15 MIN
*BATTERY    :    6.4 V
*RESTARTS   :        0
*CONFIG     :        0
*CHANNEL    :  1 OF  1
 
             MON    TUE    WED    THU    FRI    SAT    SUN    7-DAY
DATE    06/08/28     29     30     31     01     02     03   AVERAGE
 
START HOUR
 
    0         11      4      8      8      9      -      -       -
    1          6      2      7      6      2      -      -       -
    2          1      1      0      3      1      -      -       -
    3          0      0      3      2      1      -      -       -
    4          0      4      3      2      1      -      -       -
    5         11     14     11     17      9      -      -       -
    6         64     64     73     69     53      -      -       -
    7        202    227    222    163    175      -      -       -
    8        307    307    333    274    239      -      -       -
    9        161    160    187    146    121      -      -       -
   10         96     87    100     63     96      -      -       -
   11         70     77    115     83     78      -      -       -
   12         88     88    100     69      -      -      -       -
   13         79    107     91     84      -      -      -       -
   14        122    111    127    104      -      -      -       -
   15        201    194    227    171      -      -      -       -
   16        303    317    351    265      -      -      -       -
   17        249    249    264    194      -      -      -       -
   18        180    221    157    137      -      -      -       -
   19        120    208    136     93      -      -      -       -
   20         91    139     87     57      -      -      -       -
   21         53     66     63     39      -      -      -       -
   22         29     66     30     23      -      -      -       -
   23         11     20     10     12      -      -      -       -
 
TOTALS
 
12HR 7-19   2058   2145   2274   1753      -      -      -       -
16HR 6-22   2386   2622   2633   2011      -      -      -       -
18HR 6-24   2426   2708   2673   2046      -      -      -       -
24HR 0-24   2455   2733   2705   2084      -      -      -       -
 
