 
 
 
*LOCATION   : ............................................................
*SITE NUMBER: 10702206
*FILE NUMBER:        3
*INTERVAL   :   15 MIN
*BATTERY    :    6.1 V
*RESTARTS   :        0
*CONFIG     :        0
*CHANNEL    :  1 OF  1
 
             FRI    SAT    SUN    MON    TUE    WED    THU    7-DAY
DATE    07/06/01     02     03     04     05     06     07   AVERAGE
 
START HOUR
 
    0          -     16     17      4     11      7     25       -
    1          -     22     16      4      2     12     11       -
    2          -      7     13      0      2      0      9       -
    3          -     16     16      1      2      3      7       -
    4          -      5      8      2      1      5      4       -
    5          -      4      7     14     15     15     19       -
    6          -     12     11     65     86     81     89       -
    7          -     22     13    215    233    251    222       -
    8          -     33     15    329    309    322    298       -
    9          -     44     21    166    178    177    156       -
   10         67     70     52     98    107    123    106      89
   11         76     99     93    111     96    123    106     101
   12         90    107    101    114    126    135    110     112
   13         90    146    146    130    100    123    134     124
   14        134    137    115    145    126    125    125     130
   15        199    187    106    255    243    246    236     210
   16        290    158    126    390    316    379    326     284
   17        230    135    104    271    309    251    265     224
   18        134    114    120    220    209    234    189     174
   19        100     93     76    173    181    172    152     135
   20         78     55     68    133    116    154    126     104
   21         58     66     45     78     95    118     91      79
   22         34     29     29     49     63    101     57      52
   23         23     19     13     24     26     30     36      24
 
TOTALS
 
12HR 7-19      -   1252   1012   2444   2352   2489   2273       -
16HR 6-22      -   1478   1212   2893   2830   3014   2731       -
18HR 6-24      -   1526   1254   2966   2919   3145   2824       -
24HR 0-24      -   1596   1331   2991   2952   3187   2899       -
 
 
 
 
*LOCATION   : ............................................................
*SITE NUMBER: 10702206
*FILE NUMBER:        3
*INTERVAL   :   15 MIN
*BATTERY    :    6.1 V
*RESTARTS   :        0
*CONFIG     :        0
*CHANNEL    :  1 OF  1
 
             FRI    SAT    SUN    MON    TUE    WED    THU    7-DAY
DATE    07/06/08     09     10     11     12     13     14   AVERAGE
 
START HOUR
 
    0         19     43     15      2     12     13     11      16
    1         12     21     25      6      6      9     11      13
    2          7     17     18     12      5      3      4       9
    3          4     11     10      4      9      4      5       7
    4          3      8     13      3      4      4      4       6
    5         17      6     12     17     12     18     14      14
    6         90     22     10     70     68     82     62      58
    7        193     10     12    228    169    216    152     140
    8        290     43     41    300    233    301    156     195
    9        147     60     37    177     93    166    114     113
   10         95     77     54     89     57     90     62      75
   11        119    111     85    100     71     53     68      87
   12         90    115    111    118     72     82     61      93
   13        134     99    127    109     80     90     48      98
   14        156    141    110    118    117    103     88     119
   15        243    116    110    223    212    218    121     178
   16        291     96    117    367    274    329    190     238
   17        187    108    103    268    217    222    123     175
   18        148     96     99    201    168    226     99     148
   19        123     71    103    140    173    155     73     120
   20        106     70    101    117    138    123     70     104
   21         63     54     60     81     81     80     40      66
   22         49     55     26     41     65     50     14      43
   23         46     33     14     25     24     32     17      27
 
TOTALS
 
12HR 7-19   2093   1072   1006   2298   1763   2096   1282    1659
16HR 6-22   2475   1289   1280   2706   2223   2536   1527    2005
18HR 6-24   2570   1377   1320   2772   2312   2618   1558    2075
24HR 0-24   2632   1483   1413   2816   2360   2669   1607    2140
 
 
 
 
*LOCATION   : ............................................................
*SITE NUMBER: 10702206
*FILE NUMBER:        3
*INTERVAL   :   15 MIN
*BATTERY    :    6.1 V
*RESTARTS   :        0
*CONFIG     :        0
*CHANNEL    :  1 OF  1
 
             FRI    SAT    SUN    MON    TUE    WED    THU    7-DAY
DATE    07/06/15     16     17     18     19     20     21   AVERAGE
 
START HOUR
 
    0         14     19     27      6      5     17     14      15
    1          8      8      5      1      7      8     10       7
    2          5     14     14      2      2      1      7       6
    3          0     15     14      0      1      4      5       6
    4          3     17     11      7      7      7      3       8
    5          6     10      6      4      6     12      9       8
    6         59     12      8     39     57     68     53      42
    7        133     15     13     85    198    185    106     105
    8        149     41     19    173    263    274    143     152
    9        112     57     27     93    144    124     79      91
   10         55     73     45     50     89     90     58      66
   11         61     99     43     61    101     83     66      73
   12         60    113     65     50     91     76     73      75
   13         79    127     77     46     62    105    119      88
   14        105    145     72     47     97    116    153     105
   15        168    139     63     87    173    197    157     141
   16        192    116     30    152    257    278    148     168
   17        166    124     40    187    231    238    103     156
   18         90     98     42    126    152    157     85     107
   19         81     65     28    114    134    139     65      89
   20         67     57     24     70     92    100     53      66
   21         42     46     25     54     77     63     32      48
   22         26     38     13     31     40     37     29      31
   23         23     28     13      8     29     17     17      19
 
TOTALS
 
12HR 7-19   1370   1147    536   1157   1858   1923   1290    1326
16HR 6-22   1619   1327    621   1434   2218   2293   1493    1572
18HR 6-24   1668   1393    647   1473   2287   2347   1539    1622
24HR 0-24   1704   1476    724   1493   2315   2396   1587    1671
 
 
 
 
*LOCATION   : ............................................................
*SITE NUMBER: 10702206
*FILE NUMBER:        3
*INTERVAL   :   15 MIN
*BATTERY    :    6.1 V
*RESTARTS   :        0
*CONFIG     :        0
*CHANNEL    :  1 OF  1
 
             FRI    SAT    SUN    MON    TUE    WED    THU    7-DAY
DATE    07/06/22     23     24     25     26     27     28   AVERAGE
 
START HOUR
 
    0         14     14      8     13      5      -      -       -
    1         11      9      3      3      3      -      -       -
    2          8      5      5      1      4      -      -       -
    3          8      8      6      1      4      -      -       -
    4          4      5      5      1      5      -      -       -
    5          5      6      3     13      9      -      -       -
    6          8     11      6     53     47      -      -       -
    7         15      6     11    158    111      -      -       -
    8         18     15      9    232    134      -      -       -
    9         25     20     25    131     83      -      -       -
   10         41     35     28     88     26      -      -       -
   11         50     42     50     75     21      -      -       -
   12         57     49     60     99      -      -      -       -
   13         54     53     60    107      -      -      -       -
   14         44     55     71    117      -      -      -       -
   15         37     44     62    178      -      -      -       -
   16         41     48     51    269      -      -      -       -
   17         35     47     52    210      -      -      -       -
   18         37     24     71    124      -      -      -       -
   19         30     27     65    112      -      -      -       -
   20         29     29     39     86      -      -      -       -
   21         36     28     35     75      -      -      -       -
   22         19     19     22     24      -      -      -       -
   23         17     14      7     18      -      -      -       -
 
TOTALS
 
12HR 7-19    454    438    550   1788      -      -      -       -
16HR 6-22    557    533    695   2114      -      -      -       -
18HR 6-24    593    566    724   2156      -      -      -       -
24HR 0-24    643    613    754   2188      -      -      -       -
 
