*LOCATION	: ..	........	.......	.......	.......	.......	.......	...............
*SITE NUMB	ER: 11	502128						
*FILE NUMB	ER:	2						
*INTERVAL	:	15 MIN						
*BATTERY	:	6.3 V						
*RESTARTS	:	0						
*CONFIG	:	0						
*CHANNEL	:  1	OF  1						

	FRI	SAT	SUN	MON	TUE	WED	THU	7-DAY
DATE    07	/06/01	2	3	4	5	6	7	AVERAGE

START HOUR								

0	-	24	24	14	15	21	15	-
1	-	19	24	6	3	15	10	-
2	-	13	21	7	9	4	9	-
3	-	8	15	4	2	6	9	-
4	-	5	11	1	4	2	3	-
5	-	8	10	19	19	19	18	-
6	-	12	10	71	84	83	70	-
7	-	18	11	194	209	196	179	-
8	-	28	20	277	327	333	295	-
9	-	46	43	210	242	201	248	-
10	110	92	58	132	116	119	132	108
11	98	100	82	149	120	137	138	261
12	106	106	109	140	139	141	122	573
13	113	107	122	136	136	140	116	124
14	119	100	135	168	127	141	156	135
15	181	92	118	226	223	208	223	199
16	249	77	95	326	304	363	340	412
17	162	86	82	278	312	288	285	349
18	140	58	80	223	250	191	215	260		
19	94	51	74	156	174	186	179	131		
20	72	42	70	116	126	120	150	116		
21	43	40	50	120	101	88	148	84		
22	46	43	24	51	62	64	61	50		
23	26	26	19	27	36	47	44	32		
										509
TOTALS	1559									1559
										50
12HR 7-19	-	910	3072	5887	4400	2458	2449	-		2118
16HR 6-22	-	1055	3276	6350	4885	2935	3115	-		
18HR 6-24	-	1124	3319	6428	4983	3046	3220	-		
24HR 0-24	-	1201	1307	3051	3140	3113	3165	-		
										



*LOCATION	: ..	........	.......	.......	.......	.......	.......	...............
*SITE NUMB	ER: 11	502128						
*FILE NUMB	ER:	2						
*INTERVAL	:	15 MIN						
*BATTERY	:	6.3 V						
*RESTARTS	:	0						
*CONFIG	:	0						
*CHANNEL	:  1	OF  1						

	FRI	SAT	SUN	MON	TUE	WED	THU	7-DAY
DATE    07	/06/08	9	10	11	12	13	14	AVERAGE

START HOUR								

0	15	10	10	9	10	19	19	328
1	19	12	12	8	6	12	13	828
2	11	10	10	4	2	5	3	12
3	9	8	8	2	4	5	4	11
4	4	6	6	6	3	3	3	5
5	19	8	7	23	21	19	16	16
6	52	14	12	67	60	64	46	45
7	229	20	7	196	154	172	126	234
8	200	50	25	271	171	276	140	256
9	146	73	39	179	109	193	116	122
10	102	134	65	96	83	122	103	101
11	151	146	76	100	102	100	90	296
12	161	165	80	114	108	97	103	869
13	167	177	131	117	103	84	71	121
14	170	170	144	138	117	119	100	137
15	246	181	150	188	188	189	116	408
16	272	146	158	280	268	312	193	294
17	231	124	128	250	250	257	146	580
18	160	93	100	221	210	207	103	880
19	121	67	81	131	147	152	69	110
20	110	69	84	111	90	119	68	93
21	76	63	56	85	70	99	33	73
22	61	52	27	52	64	58	27	49
23	20	55	19	26	44	31	18	193

TOTALS								

12HR 7-19	2493	2329	11908	6575	3254	2128	1407	4299
16HR 6-22	2852	2542	12141	6969	3652	2562	1623	4620
18HR 6-24	4072	2649	12187	7047	3760	2651	1668	4862
24HR 0-24	2752	1853	1435	2674	2384	2714	1726	6062
								



*LOCATION	: ..	........	.......	.......	.......	.......	.......	...............
*SITE NUMB	ER: 11	502128						
*FILE NUMB	ER:	2						
*INTERVAL	:	15 MIN						
*BATTERY	:	6.3 V						
*RESTARTS	:	0						
*CONFIG	:	0						
*CHANNEL	:  1	OF  1						

	FRI	SAT	SUN	MON	TUE	WED	THU	7-DAY
DATE    07	/06/15	16	17	18	19	20	21	AVERAGE

START HOUR								

0	20	28	26	8	7	18	21	18
1	8	22	26	2	9	8	12	12
2	1	18	21	1	5	2	11	8
3	2	20	19	3	1	5	10	9
4	2	8	12	2	2	3	3	5
5	17	6	4	12	13	14	12	11
6	39	18	9	30	71	52	48	38
7	109	21	10	90	171	167	89	94
8	167	38	17	152	265	256	133	147
9	94	57	39	101	154	152	93	99
10	79	111	49	67	100	116	69	84
11	81	130	75	67	122	116	96	98
12	97	148	98	67	116	128	113	110
13	106	145	72	67	86	130	120	104
14	134	152	88	73	108	141	164	123
15	167	158	81	94	159	205	162	147
16	211	120	44	157	258	254	142	169
17	158	97	36	146	231	258	112	148
18	147	86	29	135	179	163	103	120
19	75	70	23	78	124	105	75	79
20	72	69	32	85	89	91	58	71
21	48	49	26	59	72	91	49	56
22	46	46	21	31	46	52	30	39
23	38	40	22	22	36	42	16	31

TOTALS								

12HR 7-19	1550	1263	638	1216	1949	2086	1396	1443
16HR 6-22	1784	1469	728	1468	2305	2425	1626	1686
18HR 6-24	1868	1555	771	1521	2387	2519	1672	1756
24HR 0-24	1918	1657	879	1549	2424	2569	1741	1820
								



*LOCATION	: ..	........	.......	.......	.......	.......	.......	...............
*SITE NUMB	ER: 11	502128						
*FILE NUMB	ER:	2						
*INTERVAL	:	15 MIN						
*BATTERY	:	6.3 V						
*RESTARTS	:	0						
*CONFIG	:	0						
*CHANNEL	:  1	OF  1						

	FRI	SAT	SUN	MON	TUE	WED	THU	7-DAY
DATE    07	/06/22	23	24	25	26	27	28	AVERAGE

START HOUR								

0	23	23	11	18	17	-	-	-
1	22	25	16	4	5	-	-	-
2	9	3	11	3	3	-	-	-
3	12	9	4	3	4	-	-	-
4	9	4	3	4	1	-	-	-
5	4	3	3	21	21	-	-	-
6	21	6	5	41	42	-	-	-
7	14	12	5	129	91	-	-	-
8	15	5	10	226	140	-	-	-
9	50	27	18	144	79	-	-	-
10	67	33	31	106	41	-	-	-
11	87	61	39	94	29	-	-	-
12	70	52	48	122	-	-	-	-
13	45	57	68	135	-	-	-	-
14	57	47	61	117	-	-	-	-
15	56	68	63	192	-	-	-	-
16	33	66	53	288	-	-	-	-
17	41	47	74	225	-	-	-	-
18	49	42	61	147	-	-	-	-
19	36	44	49	109	-	-	-	-
20	44	32	41	70	-	-	-	-
21	26	26	35	53	-	-	-	-
22	26	17	31	34	-	-	-	-
23	33	11	11	24	-	-	-	-

TOTALS								
					473			
12HR 7-19	584	517	531	1925	-	-	-	-
16HR 6-22	711	625	661	2198	-	-	-	-
18HR 6-24	770	653	703	2256	-	-	-	-
24HR 0-24	849	720	751	2309	-	-	-	-


