 
 
 
*LOCATION   : ............................................................
*SITE NUMBER: 12002203
*FILE NUMBER:       13
*INTERVAL   :   15 MIN
*BATTERY    :    6.5 V
*RESTARTS   :        0
*CONFIG     :        0
*CHANNEL    :  1 OF  1
 
             FRI    SAT    SUN    MON    TUE    WED    THU    7-DAY
DATE    07/06/01     02     03     04     05     06     07   AVERAGE
 
START HOUR
 
    0          -      9      1      1      3      1      8       -
    1          -      6      3      1      2      2      5       -
    2          -      0      3      0      3      4      1       -
    3          -      3      5      0      1      2      1       -
    4          -      1      2      5      2      2      2       -
    5          -      5      1     13     13     15     14       -
    6          -      8      4     81     89     98    106       -
    7          -     22      5    217    254    235    209       -
    8          -     33     19    251    233    223    218       -
    9          -     26     19    106    123    101     97       -
   10          -     40     66     75     84     79     66       -
   11         42     52     87     73     81     82     53      67
   12         52     77    108     63     67     83     68      74
   13         79     72     97     62     65     71     64      73
   14         85     79     91     94     91     75     92      87
   15        141     77     85    164    164    182    162     139
   16        185     53    100    244    225    244    205     179
   17        136     62     73    203    228    178    173     150
   18         92     80     75    176    163    154    162     129
   19         68     45     55    131    142    177    121     106
   20         62     41     54    114     88     73     85      74
   21         32     62     48     64     68     44     52      53
   22          7      9     16     16     22    107     18      28
   23         18     11      8     17     12     10     10      12
 
TOTALS
 
12HR 7-19      -    673    825   1728   1778   1707   1569       -
16HR 6-22      -    829    986   2118   2165   2099   1933       -
18HR 6-24      -    849   1010   2151   2199   2216   1961       -
24HR 0-24      -    873   1025   2171   2223   2242   1992       -
 
 
 
 
*LOCATION   : ............................................................
*SITE NUMBER: 12002203
*FILE NUMBER:       13
*INTERVAL   :   15 MIN
*BATTERY    :    6.5 V
*RESTARTS   :        0
*CONFIG     :        0
*CHANNEL    :  1 OF  1
 
             FRI    SAT    SUN    MON    TUE    WED    THU    7-DAY
DATE    07/06/08     09     10     11     12     13     14   AVERAGE
 
START HOUR
 
    0          5      6      3      3      1      2      3       3
    1          0      3      7      0      2      1      2       2
    2          1      2      2      1      3      2      0       2
    3          0      3      1      2      1      1      1       1
    4          5      3      6      1      1      4      2       3
    5         10      7      0     13     10      8     11       8
    6         89      9     10     91     73     99     67      63
    7        209     20     13    230    177    200    153     143
    8        196     35     23    206    146    234     99     134
    9         92     72     34     96     52     91     52      70
   10         67     87     45     55     44     50     35      55
   11         74     75     90     54     44     43     33      59
   12         67    130    138     58     38     35     36      72
   13         83    127    116     59     35     36     25      69
   14        107    109    127     76     65     66     40      84
   15        179     87     95    152    105    117     68     115
   16        226     83     84    207    152    191    120     152
   17        141     68    100    204    151    201     82     135
   18        102     83     68    147     87    138     51      97
   19         83     50     59    154     91    102     54      85
   20         65     47     85     89     80     69     34      67
   21         50     30     29     64     38     44     15      39
   22         17     13     17     71     17     24      6      24
   23         16     15      6     19      6     12      5      11
 
TOTALS
 
12HR 7-19   1543    976    933   1544   1096   1402    794    1184
16HR 6-22   1830   1112   1116   1942   1378   1716    964    1437
18HR 6-24   1863   1140   1139   2032   1401   1752    975    1472
24HR 0-24   1884   1164   1158   2052   1419   1770    994    1492
 
 
 
 
*LOCATION   : ............................................................
*SITE NUMBER: 12002203
*FILE NUMBER:       13
*INTERVAL   :   15 MIN
*BATTERY    :    6.5 V
*RESTARTS   :        0
*CONFIG     :        0
*CHANNEL    :  1 OF  1
 
             FRI    SAT    SUN    MON    TUE    WED    THU    7-DAY
DATE    07/06/15     16     17     18     19     20     21   AVERAGE
 
START HOUR
 
    0          1      2      1      2      2      4      3       2
    1          0      4      9      1      1      2      2       3
    2          1      4      2      1      1      0      0       1
    3          0      3      1      0      2      0      2       1
    4          1      4      5      3      2      6      4       4
    5          8      2      2      6     12     10     11       7
    6         65     12      5     46     82     84     53      50
    7        121     11      5    105    213    201    136     113
    8         87     24     13    129    185    187    103     104
    9         47     24     24     37     89     78     41      49
   10         30     53     41     23     53     61     37      43
   11         33     72     47     32     72     55     51      52
   12         53     96     60     24     46     61     62      57
   13         55     76     75     24     30     71     63      56
   14         70     72     62     26     52     70     87      63
   15        101    108     53     65    129    133    115     101
   16        139     86     25     96    158    204     96     115
   17         79     67     30    107    165    127     70      92
   18         76     61     32     84    111     98     49      73
   19         47     62     22     73     78     80     30      56
   20         41     32     29     49     67     52     35      44
   21         26     22     10     31     36     47     21      28
   22         11     16      2     17     12     27      7      13
   23         10      5      6      3      8     11      4       7
 
TOTALS
 
12HR 7-19    891    750    467    752   1303   1346    910     917
16HR 6-22   1070    878    533    951   1566   1609   1049    1094
18HR 6-24   1091    899    541    971   1586   1647   1060    1114
24HR 0-24   1102    918    561    984   1606   1669   1082    1132
 
 
 
 
*LOCATION   : ............................................................
*SITE NUMBER: 12002203
*FILE NUMBER:       13
*INTERVAL   :   15 MIN
*BATTERY    :    6.5 V
*RESTARTS   :        0
*CONFIG     :        0
*CHANNEL    :  1 OF  1
 
             FRI    SAT    SUN    MON    TUE    WED    THU    7-DAY
DATE    07/06/22     23     24     25     26     27     28   AVERAGE
 
START HOUR
 
    0         11      6      0      3      7      3      3       5
    1          1      1      2      1      1      0      1       1
    2          1      3      1      1      0      1      1       1
    3          2      2      0      1      0      3      0       1
    4          3      0      2      2      3      2      2       2
    5          2      0      0      5      7      5      7       4
    6          8      3      6     55     61     32     37      29
    7         15      8      4    180    119     92    112      76
    8         20     10     20    164     88     64     92      65
    9         29     14     25     64     38     19     38      32
   10         41     17     22     49     13      8     27      25
   11         38     30     60     64     20     13     39      38
   12         58     39     68     72     15     20     33      44
   13         44     50     56     68     18     18     41      42
   14         49     58     55     75     23     30     50      49
   15         39     52     60    144     87     58     70      73
   16         36     36     62    203    116     77    101      90
   17         21     40    101    128     93     63     66      73
   18         27     36     64    109     81     43     52      59
   19         16     21     39     88     65     28     24      40
   20         19     14     39     64     50     27     18      33
   21         15     19     30     42     34     10     16      24
   22         13      8     10     18     10      6     16      12
   23          4      6      8      7      8      3      3       6
 
TOTALS
 
12HR 7-19    417    390    597   1320    711    505    721     666
16HR 6-22    475    447    711   1569    921    602    816     792
18HR 6-24    492    461    729   1594    939    611    835     809
24HR 0-24    512    473    734   1607    957    625    849     822
 
 
 
 
*LOCATION   : ............................................................
*SITE NUMBER: 12002203
*FILE NUMBER:       13
*INTERVAL   :   15 MIN
*BATTERY    :    6.5 V
*RESTARTS   :        0
*CONFIG     :        0
*CHANNEL    :  1 OF  1
 
             FRI    SAT    SUN    MON    TUE    WED    THU    7-DAY
DATE    07/06/29     30     01     02     03     04     05   AVERAGE
 
START HOUR
 
    0          3      -      -      -      -      -      -       -
    1          2      -      -      -      -      -      -       -
    2          2      -      -      -      -      -      -       -
    3          0      -      -      -      -      -      -       -
    4          2      -      -      -      -      -      -       -
    5          6      -      -      -      -      -      -       -
    6         50      -      -      -      -      -      -       -
    7        100      -      -      -      -      -      -       -
    8         82      -      -      -      -      -      -       -
    9          -      -      -      -      -      -      -       -
   10          -      -      -      -      -      -      -       -
   11          -      -      -      -      -      -      -       -
   12          -      -      -      -      -      -      -       -
   13          -      -      -      -      -      -      -       -
   14          -      -      -      -      -      -      -       -
   15          -      -      -      -      -      -      -       -
   16          -      -      -      -      -      -      -       -
   17          -      -      -      -      -      -      -       -
   18          -      -      -      -      -      -      -       -
   19          -      -      -      -      -      -      -       -
   20          -      -      -      -      -      -      -       -
   21          -      -      -      -      -      -      -       -
   22          -      -      -      -      -      -      -       -
   23          -      -      -      -      -      -      -       -
 
TOTALS
 
12HR 7-19      -      -      -      -      -      -      -       -
16HR 6-22      -      -      -      -      -      -      -       -
18HR 6-24      -      -      -      -      -      -      -       -
24HR 0-24      -      -      -      -      -      -      -       -
 
