 
 
 
*LOCATION   : ............................................................
*SITE NUMBER: 10700506
*FILE NUMBER:        4
*INTERVAL   :   15 MIN
*BATTERY    :    6.3 V
*RESTARTS   :        0
*CONFIG     :        0
*CHANNEL    :  1 OF  1
 
             THU    FRI    SAT    SUN    MON    TUE    WED    7-DAY
DATE    07/02/01     02     03     04     05     06     07   AVERAGE
 
START HOUR
 
    0          -      1      1      0      1      0      0       -
    1          -      2      0      2      1      0      1       -
    2          -      1      0      1      0      1      0       -
    3          -      1      0      3      0      0      0       -
    4          -      0      1      0      1      1      1       -
    5          -      1      0      0      2      1      1       -
    6          -     11      2      1      8     11      6       -
    7          -     13      0      4     39     19     11       -
    8          -     29      7      2     60     22      9       -
    9          -     26      4      5     22     19     11       -
   10          -     12     13      6     14      9      2       -
   11         11     15     10     11     14      3      8      10
   12         13      8     15      9     15     13      6      11
   13         12     13     13      9     18      8      2      11
   14         14     15      8     10     19      8      6      11
   15         17     25     12      6     24     16     16      17
   16         25     28      9      4     30     23     17      19
   17         30     12      7      7     23     24     18      17
   18         19     11      7     10     15     15      7      12
   19         10      6      5      3      7      4      6       6
   20          7      6      1      4     12     13      8       7
   21          4      4      2      2      9      4      4       4
   22          6      0      3      1      6      4      1       3
   23          3      1      1      0      1      2      0       1
 
TOTALS
 
12HR 7-19      -    207    105     83    293    179    113       -
16HR 6-22      -    234    115     93    329    211    137       -
18HR 6-24      -    235    119     94    336    217    138       -
24HR 0-24      -    241    121    100    341    220    141       -
 
 
 
 
*LOCATION   : ............................................................
*SITE NUMBER: 10700506
*FILE NUMBER:        4
*INTERVAL   :   15 MIN
*BATTERY    :    6.3 V
*RESTARTS   :        0
*CONFIG     :        0
*CHANNEL    :  1 OF  1
 
             THU    FRI    SAT    SUN    MON    TUE    WED    7-DAY
DATE    07/02/08     09     10     11     12     13     14   AVERAGE
 
START HOUR
 
    0          0      0      1      0      0      1      0       0
    1          0      0      0      2      0      0      0       0
    2          0      0      1      1      0      1      0       0
    3          1      2      0      0      0      0      0       0
    4          0      2      1      1      0      0      1       1
    5          1      0      0      0      0      2      4       1
    6          6      6      1      1     13     13      9       7
    7         12     20      0      1     20     25     21      14
    8         15     18      4      1     31     33     27      18
    9         12      9      5      4     26     26     27      16
   10         10      9      4      5     13      8     11       9
   11         12      5      5      8     10     12      8       9
   12         12     15      6      7     15     11      7      10
   13         15      7      9     12     11     16      5      11
   14         11     11     11      7     14     10     13      11
   15         18      8     10     10     28     19     32      18
   16         16     20     17     11     24     23     23      19
   17         13     17      5     11     21     23     34      18
   18          8     10      8      3     14     15     17      11
   19          5      7      2      3      9     13     11       7
   20          9      5      4      3     11     11      7       7
   21          6      7      1      3      5      9      9       6
   22          4      0      0      2      3      4      2       2
   23          0      2      0      3      3      0      0       1
 
TOTALS
 
12HR 7-19    154    149     84     80    227    221    225     163
16HR 6-22    180    174     92     90    265    267    261     190
18HR 6-24    184    176     92     95    271    271    263     193
24HR 0-24    186    180     95     99    271    275    268     196
 
 
 
 
*LOCATION   : ............................................................
*SITE NUMBER: 10700506
*FILE NUMBER:        4
*INTERVAL   :   15 MIN
*BATTERY    :    6.3 V
*RESTARTS   :        0
*CONFIG     :        0
*CHANNEL    :  1 OF  1
 
             THU    FRI    SAT    SUN    MON    TUE    WED    7-DAY
DATE    07/02/15     16     17     18     19     20     21   AVERAGE
 
START HOUR
 
    0          0      1      0      0      0      1      0       0
    1          3      1      1      2      0      2      0       1
    2          0      0      1      0      1      0      2       1
    3          0      0      0      1      0      1      2       1
    4          1      0      1      0      0      0      1       0
    5          2      2      0      0      1      2      1       1
    6         11     12      3      2      9      7      5       7
    7         18     21      0      1     13     12      9      11
    8         36     25      2      6     20     16     12      17
    9         21     19      3      4     20     16     17      14
   10         11     16      5      5      8      9      4       8
   11         11      6     11      3     10      6      6       8
   12         23      6      8      8     13     10      7      11
   13         19      9     10      6     12      5      4       9
   14         17     21     10     10     12      8     11      13
   15         24     25     15      8     19     18     18      18
   16         30     25     10      7     26     20     12      19
   17         28     18      3      9     24     20     14      17
   18         19     20      9     10      8     14     15      14
   19         11      7      4      7      6      9      3       7
   20          8      5      3      4      8      4      7       6
   21          3      5      2      4      5      7      4       4
   22          3      1      1      2      4      3      3       2
   23          0      1      2      2      0      1      2       1
 
TOTALS
 
12HR 7-19    257    211     86     77    185    154    129     157
16HR 6-22    290    240     98     94    213    181    148     181
18HR 6-24    293    242    101     98    217    185    153     184
24HR 0-24    299    246    104    101    219    191    159     188
 
 
 
 
*LOCATION   : ............................................................
*SITE NUMBER: 10700506
*FILE NUMBER:        4
*INTERVAL   :   15 MIN
*BATTERY    :    6.3 V
*RESTARTS   :        0
*CONFIG     :        0
*CHANNEL    :  1 OF  1
 
             THU    FRI    SAT    SUN    MON    TUE    WED    7-DAY
DATE    07/02/22     23     24     25     26     27     28   AVERAGE
 
START HOUR
 
    0          2      1      1      0      0      1      1       1
    1          0      1      2      1      1      1      2       1
    2          1      1      0      1      0      1      1       1
    3          0      0      2      1      0      1      1       1
    4          0      2      0      2      0      1      4       1
    5          1      2      2      0      0      0      3       1
    6          7      8      1      1      8     11     11       7
    7          6     10      1      3     22     26     19      12
    8         16     17      2      2     32     31     32      19
    9         13     13      1      4     17     18     19      12
   10          9      3      4      6     10     13     13       8
   11          4      5      6      6     18     11     15       9
   12          9      5      7      5     15     13      8       9
   13          7      9      4      9     12     10      8       8
   14         16     13      4      6     15     11      9      11
   15         22     17      9     12     24     15     25      18
   16         12      8      6      9     23     25     23      15
   17         16     12      3      6     27     33     23      17
   18          4      8      3      8     17     20     15      11
   19          5      2      3      2     12      7     11       6
   20          6      2      2      2      9      6     10       5
   21          4      3      4      1      9      6      5       5
   22          3      2      4      1      3      5      2       3
   23          1      2      1      1      1      2      2       1
 
TOTALS
 
12HR 7-19    134    120     50     76    232    226    209     150
16HR 6-22    156    135     60     82    270    256    246     172
18HR 6-24    160    139     65     84    274    263    250     176
24HR 0-24    164    146     72     89    275    268    262     182
 
 
 
 
*LOCATION   : ............................................................
*SITE NUMBER: 10700506
*FILE NUMBER:        4
*INTERVAL   :   15 MIN
*BATTERY    :    6.3 V
*RESTARTS   :        0
*CONFIG     :        0
*CHANNEL    :  1 OF  1
 
             THU    FRI    SAT    SUN    MON    TUE    WED    7-DAY
DATE    07/03/01     02     03     04     05     06     07   AVERAGE
 
START HOUR
 
    0          3      3      -      -      -      -      -       -
    1          1      0      -      -      -      -      -       -
    2          0      0      -      -      -      -      -       -
    3          0      1      -      -      -      -      -       -
    4          1      0      -      -      -      -      -       -
    5          1      6      -      -      -      -      -       -
    6          8     10      -      -      -      -      -       -
    7         19     17      -      -      -      -      -       -
    8         23     28      -      -      -      -      -       -
    9         17     16      -      -      -      -      -       -
   10         15     11      -      -      -      -      -       -
   11         11     10      -      -      -      -      -       -
   12         14      -      -      -      -      -      -       -
   13         12      -      -      -      -      -      -       -
   14         19      -      -      -      -      -      -       -
   15         21      -      -      -      -      -      -       -
   16         27      -      -      -      -      -      -       -
   17         27      -      -      -      -      -      -       -
   18         13      -      -      -      -      -      -       -
   19          7      -      -      -      -      -      -       -
   20          4      -      -      -      -      -      -       -
   21          2      -      -      -      -      -      -       -
   22          2      -      -      -      -      -      -       -
   23          1      -      -      -      -      -      -       -
 
TOTALS
 
12HR 7-19    218      -      -      -      -      -      -       -
16HR 6-22    239      -      -      -      -      -      -       -
18HR 6-24    242      -      -      -      -      -      -       -
24HR 0-24    248      -      -      -      -      -      -       -
 
