 
 
 
*LOCATION   : ............................................................
*SITE NUMBER: 11500528
*FILE NUMBER:        5
*INTERVAL   :   15 MIN
*BATTERY    :    6.4 V
*RESTARTS   :        0
*CONFIG     :        0
*CHANNEL    :  1 OF  1
 
             THU    FRI    SAT    SUN    MON    TUE    WED    7-DAY
DATE    07/02/01     02     03     04     05     06     07   AVERAGE
 
START HOUR
 
    0          -      0      1      2      0      2      3       -
    1          -      1      0      1      1      1      1       -
    2          -      0      0      0      0      0      0       -
    3          -      0      1      1      1      0      0       -
    4          -      1      1      2      0      0      0       -
    5          -      1      1      0      3      2      2       -
    6          -      4      2      0      6      9      6       -
    7          -     15      1      1     14     17     12       -
    8          -     18      4      0     25     20     16       -
    9          -     16      8      6     16      6     10       -
   10         10     12      8      2     19     11     12      11
   11         13     14      9      6     17     17      9      12
   12         14     18      9      3     20     12     10      12
   13         13     20      3      5     13      7     10      10
   14         12     13      6      8     24     12     12      12
   15         18     24      9      2     27     20     12      16
   16         17     18      5      0     31     14     15      14
   17         16     21      3      6      7      9     15      11
   18         17      9      5      3      9     10      7       9
   19          3      7      2      6     14      5      6       6
   20          3      3      0      4      8      3      3       3
   21          4      1      4      3      6      8      6       5
   22          5      4      4      1      2      5      1       3
   23          1      0      4      1      1      1      0       1
 
TOTALS
 
12HR 7-19      -    198     70     42    222    155    140       -
16HR 6-22      -    213     78     55    256    180    161       -
18HR 6-24      -    217     86     57    259    186    162       -
24HR 0-24      -    220     90     63    264    191    168       -
 
 
 
 
*LOCATION   : ............................................................
*SITE NUMBER: 11500528
*FILE NUMBER:        5
*INTERVAL   :   15 MIN
*BATTERY    :    6.4 V
*RESTARTS   :        0
*CONFIG     :        0
*CHANNEL    :  1 OF  1
 
             THU    FRI    SAT    SUN    MON    TUE    WED    7-DAY
DATE    07/02/08     09     10     11     12     13     14   AVERAGE
 
START HOUR
 
    0          2      0      3      2      3      2      0       2
    1          2      5      0      2      1      1      1       2
    2          0      0      0      0      0      1      1       0
    3          0      1      1      0      0      0      0       0
    4          1      3      0      0      0      1      0       1
    5          3      1      0      0      2      3      0       1
    6          4      4      1      1     11     11      4       5
    7         13     12      3      1     12     15      9       9
    8         18     18      4      2     19     30     23      16
    9         22      8      4      4     19     26     13      14
   10         15     12      4      2     14     18     13      11
   11         16     14      6      4     16     15     14      12
   12         26     12      8      1     10      8      8      10
   13         12     14      4      3     12     17     12      11
   14         13      8     11      4     13     18      9      11
   15         16     17      5      4     31     17     18      15
   16         11     18      8      6     27     21     20      16
   17          8      7      4     10     19     11     18      11
   18         12      6      5      1     10      6      6       7
   19          8      7      3      4      8      9      5       6
   20          3      4      1      2      3      3      5       3
   21          6      1      2      3      2      2      4       3
   22          1      3      1      1      3      3      2       2
   23          0      0      1      3      0      0      1       1
 
TOTALS
 
12HR 7-19    182    146     66     42    202    202    163     143
16HR 6-22    203    162     73     52    226    227    181     161
18HR 6-24    204    165     75     56    229    230    184     163
24HR 0-24    212    175     79     60    235    238    186     169
 
 
 
 
*LOCATION   : ............................................................
*SITE NUMBER: 11500528
*FILE NUMBER:        5
*INTERVAL   :   15 MIN
*BATTERY    :    6.4 V
*RESTARTS   :        0
*CONFIG     :        0
*CHANNEL    :  1 OF  1
 
             THU    FRI    SAT    SUN    MON    TUE    WED    7-DAY
DATE    07/02/15     16     17     18     19     20     21   AVERAGE
 
START HOUR
 
    0          2      4      2      1      0      3      0       2
    1          0      0      2      2      1      0      2       1
    2          1      0      2      0      1      0      1       1
    3          0      1      0      1      0      0      0       0
    4          1      1      0      1      0      0      0       0
    5          2      1      0      0      2      1      3       1
    6          4      4      1      0      6      4      4       3
    7         12     10      1      1      9     10      8       7
    8         22     11      3      0     14     11     15      11
    9         17     17      3      2     11     12     15      11
   10         12     28      2      1     11     13     10      11
   11         10     17      4      3     23     16      7      11
   12         21     14      9      1     10      4     10      10
   13         10     12      8      4     10      9      8       9
   14         12     16     11      3     18     12     14      12
   15         12     16      7      3     21     18     14      13
   16         21     15     12      5     20     24     16      16
   17         23     16      5      8      7     13      8      11
   18          5      8      4      4     10     12      9       7
   19          8     11      1      4      4      6      5       6
   20          4      3      5      3      6      0      3       3
   21          8      5      0      0      2      5      4       3
   22          3      1      1      3      4      2      2       2
   23          0      2      2      1      1      1      0       1
 
TOTALS
 
12HR 7-19    177    180     69     35    164    154    134     130
16HR 6-22    201    203     76     42    182    169    150     146
18HR 6-24    204    206     79     46    187    172    152     149
24HR 0-24    210    213     85     51    191    176    158     155
 
 
 
 
*LOCATION   : ............................................................
*SITE NUMBER: 11500528
*FILE NUMBER:        5
*INTERVAL   :   15 MIN
*BATTERY    :    6.4 V
*RESTARTS   :        0
*CONFIG     :        0
*CHANNEL    :  1 OF  1
 
             THU    FRI    SAT    SUN    MON    TUE    WED    7-DAY
DATE    07/02/22     23     24     25     26     27     28   AVERAGE
 
START HOUR
 
    0          1      0      1      1      1      1      0       1
    1          1      0      1      4      0      3      5       2
    2          0      0      2      0      1      0      0       0
    3          0      1      0      1      0      0      0       0
    4          0      0      1      1      1      0      2       1
    5          2      2      1      0      1      0      1       1
    6          3      6      1      1      7      9      5       5
    7          9     11      1      0     11      8      9       7
    8         15      6      0      0     17     26     20      12
    9         17     10      4      2     23     22     15      13
   10          6     17      4      4     14     27     11      12
   11         11     12     11      1     19     23     18      14
   12         14     15      5      8     14     11     15      12
   13          8      6      5     10     11     11     12       9
   14         11     16      3      2     16     13     16      11
   15         17     19     10      1     12     17     24      14
   16          8     18      8      4     22     20     21      14
   17          9     14      2      3     21     12     23      12
   18          9      5      3      2      9      7      7       6
   19          2      6      0      2     10      6      4       4
   20          3      3      0      3     10      3      5       4
   21          2      3      1      0      3      6      6       3
   22          0      3      1      1      3      6      3       2
   23          0      3      0      0      0      0      2       1
 
TOTALS
 
12HR 7-19    134    149     56     37    189    197    191     136
16HR 6-22    144    167     58     43    219    221    211     152
18HR 6-24    144    173     59     44    222    227    216     155
24HR 0-24    148    176     65     51    226    231    224     160
 
 
 
 
*LOCATION   : ............................................................
*SITE NUMBER: 11500528
*FILE NUMBER:        5
*INTERVAL   :   15 MIN
*BATTERY    :    6.4 V
*RESTARTS   :        0
*CONFIG     :        0
*CHANNEL    :  1 OF  1
 
             THU    FRI    SAT    SUN    MON    TUE    WED    7-DAY
DATE    07/03/01     02     03     04     05     06     07   AVERAGE
 
START HOUR
 
    0          0      1      -      -      -      -      -       -
    1          1      0      -      -      -      -      -       -
    2          0      7      -      -      -      -      -       -
    3          0      0      -      -      -      -      -       -
    4          0      0      -      -      -      -      -       -
    5          1      1      -      -      -      -      -       -
    6          6      7      -      -      -      -      -       -
    7         18     15      -      -      -      -      -       -
    8         19     25      -      -      -      -      -       -
    9         19     15      -      -      -      -      -       -
   10         12     17      -      -      -      -      -       -
   11         18     12      -      -      -      -      -       -
   12         12      -      -      -      -      -      -       -
   13         16      -      -      -      -      -      -       -
   14         17      -      -      -      -      -      -       -
   15         10      -      -      -      -      -      -       -
   16         24      -      -      -      -      -      -       -
   17          8      -      -      -      -      -      -       -
   18         14      -      -      -      -      -      -       -
   19          6      -      -      -      -      -      -       -
   20          4      -      -      -      -      -      -       -
   21          5      -      -      -      -      -      -       -
   22          