 
 
 
*LOCATION   : ............................................................
*SITE NUMBER: 11600501
*FILE NUMBER:        2
*INTERVAL   :   15 MIN
*BATTERY    :    6.5 V
*RESTARTS   :        0
*CONFIG     :        0
*CHANNEL    :  1 OF  1
 
             THU    FRI    SAT    SUN    MON    TUE    WED    7-DAY
DATE    07/02/01     02     03     04     05     06     07   AVERAGE
 
START HOUR
 
    0          -      0      0      0      0      1      1       -
    1          -      0      0      1      0      1      1       -
    2          -      0      0      0      1      0      0       -
    3          -      0      0      0      1      0      0       -
    4          -      0      0      0      0      1      1       -
    5          -      5      0      0      5      3      2       -
    6          -      6      2      1      7      7      5       -
    7          -      5      2      2      9      7      5       -
    8          -      7      0      2     18      6     10       -
    9          -     14     12      3     14     10      6       -
   10          -     20     16      1      8      2      6       -
   11          -     14     15      3     17      3     14       -
   12          -     16     12      3     18     11      5       -
   13          -     16     14      4     14     10      9       -
   14          -     27     14      6     16      9      9       -
   15          -     11     17      7     13      6     10       -
   16         19     17     13      6     18     16     11      14
   17         15     17      9      3     14     12     13      12
   18          9     13      2      0     13     11      4       7
   19          5      4      2      2      8      2      5       4
   20          2      4      1      2      6      4      5       3
   21          2      1      1      1      3      1      2       2
   22          0      1      2      2      0      2      0       1
   23          1      0      1      0      0      0      0       0
 
TOTALS
 
12HR 7-19      -    177    126     40    172    103    102       -
16HR 6-22      -    192    132     46    196    117    119       -
18HR 6-24      -    193    135     48    196    119    119       -
24HR 0-24      -    198    135     49    203    125    124       -
 
 
 
 
*LOCATION   : ............................................................
*SITE NUMBER: 11600501
*FILE NUMBER:        2
*INTERVAL   :   15 MIN
*BATTERY    :    6.5 V
*RESTARTS   :        0
*CONFIG     :        0
*CHANNEL    :  1 OF  1
 
             THU    FRI    SAT    SUN    MON    TUE    WED    7-DAY
DATE    07/02/08     09     10     11     12     13     14   AVERAGE
 
START HOUR
 
    0          0      0      0      0      0      1      0       0
    1          0      1      0      0      0      0      1       0
    2          0      2      0      0      0      1      0       0
    3          0      0      0      0      0      0      0       0
    4          1      1      2      0      0      1      0       1
    5          3      3      1      0      3      4      9       3
    6          3      6      1      1     10     10      7       5
    7         10      7      1      0      9     13     10       7
    8          9      5      1      0     12     11     15       8
    9         11      7      5      1     14     10     11       8
   10         10      6      6      3      9     11     12       8
   11          8     16      8      1     14     15     15      11
   12          5     12     11      2     15     12     21      11
   13         11     19     15      5     20     18     13      14
   14          7     20     12      5     16     21     16      14
   15         11     18     12      4     22      9     14      13
   16         17     25     14      3     21     16     15      16
   17          6     12      5      1     26     27     20      14
   18          8     12      1      1      9     10      8       7
   19          7      5      1      2     11      6      4       5
   20          0      4      1      1      8      6      6       4
   21          5      2      0      1      1      2      2       2
   22          0      0      0      1      1      2      0       1
   23          0      0      1      1      2      0      0       1
 
TOTALS
 
12HR 7-19    113    159     91     26    187    173    170     131
16HR 6-22    128    176     94     31    217    197    189     147
18HR 6-24    128    176     95     33    220    199    189     149
24HR 0-24    132    183     98     33    223    206    199     153
 
 
 
 
*LOCATION   : ............................................................
*SITE NUMBER: 11600501
*FILE NUMBER:        2
*INTERVAL   :   15 MIN
*BATTERY    :    6.5 V
*RESTARTS   :        0
*CONFIG     :        0
*CHANNEL    :  1 OF  1
 
             THU    FRI    SAT    SUN    MON    TUE    WED    7-DAY
DATE    07/02/15     16     17     18     19     20     21   AVERAGE
 
START HOUR
 
    0          0      0      0      1      1      1      1       1
    1          0      0      0      0      0      1      1       0
    2          0      0      0      0      0      0      0       0
    3          0      0      0      0      0      0      0       0
    4          1      2      0      0      2      3      2       1
    5          6      4      0      0      4      4      4       3
    6          5      7      1      2      5      5      3       4
    7         10     10      1      2      8      5      5       6
    8         10      9      1      0      2      6      4       5
    9         16      9     21      1      8     11      4      10
   10         10     12      9      4     10     12      5       9
   11         19     19     17      3      6     13      9      12
   12         18     26     25      6     12      7      7      14
   13         14     26     17     10      9      7      9      13
   14         14     16     13      5     10     12     12      12
   15          9     29     11      6     15      8     10      13
   16         15     24     18      4     10      9      7      12
   17         12     15     10      6     11      8     12      11
   18         13     11      4      5      7     11     11       9
   19          8      9      0      3      6      1      2       4
   20          9      6      1      0      3      1      2       3
   21          1      2      0      2      4      3      1       2
   22          0      0      2      0      0      0      1       0
   23          0      1      0      0      0      0      0       0
 
TOTALS
 
12HR 7-19    160    206    147     52    108    109     95     125
16HR 6-22    183    230    149     59    126    119    103     138
18HR 6-24    183    231    151     59    126    119    104     139
24HR 0-24    190    237    151     60    133    128    112     144
 
 
 
 
*LOCATION   : ............................................................
*SITE NUMBER: 11600501
*FILE NUMBER:        2
*INTERVAL   :   15 MIN
*BATTERY    :    6.5 V
*RESTARTS   :        0
*CONFIG     :        0
*CHANNEL    :  1 OF  1
 
             THU    FRI    SAT    SUN    MON    TUE    WED    7-DAY
DATE    07/02/22     23     24     25     26     27     28   AVERAGE
 
START HOUR
 
    0          0      1      0      1      0      0      0       0
    1          1      0      0      0      0      0      0       0
    2          1      0      0      0      1      0      0       0
    3          0      0      0      0      0      0      0       0
    4          2      2      0      0      1      1      4       1
    5          2      2      0      0      4      6      4       3
    6          5      4      0      1      6     10      8       5
    7          4      4      2      1     12     11      3       5
    8          5      1      3      0      9      6     11       5
    9         11      4      8      2     10     17     12       9
   10          0      6     10      0      8      9      8       6
   11          5     12     10      3     15     13     17      11
   12          9     21     12      1     20     15     22      14
   13         10     17     16      5     28     17     14      15
   14         12     14     15      2     19     14     12      13
   15         18     11      8      5     19     12     10      12
   16         12     10     15      5     25      9     15      13
   17         14     14      9      4      7     18     12      11
   18          5      4      3      2      9      7     13       6
   19          1      5      4      0      8      8      6       5
   20          1      3      2      0      4      5      5       3
   21          0      1      0      2      0      1      2       1
   22          2      0      0      0      0      0      1       0
   23          0      1      1      1      0      1      1       1
 
TOTALS
 
12HR 7-19    105    118    111     30    181    148    149     120
16HR 6-22    112    131    117     33    199    172    170     133
18HR 6-24    114    132    118     34    199    173    172     135
24HR 0-24    120    137    118     35    205    180    180     139
 
 
 
 
*LOCATION   : ............................................................
*SITE NUMBER: 11600501
*FILE NUMBER:        2
*INTERVAL   :   15 MIN
*BATTERY    :    6.5 V
*RESTARTS   :        0
*CONFIG     :        0
*CHANNEL    :  1 OF  1
 
             THU    FRI    SAT    SUN    MON    TUE    WED    7-DAY
DATE    07/03/01     02     03     04     05     06     07   AVERAGE
 
START HOUR
 
    0          0      0      0      0      0      -      -       -
    1          0      0      0      0      0      -      -       -
    2          0      0      1      2      0      -      -       -
    3          1      0      0      0      0      -      -       -
    4          2      1      0      1      2      -      -       -
    5          5      4      1      1      5      -      -       -
    6          8      5      0      5      6      -      -       -
    7          8      8      1      2     10      -      -       -
    8          8      9      7      3     12      -      -       -
    9         11     14     11      2     11      -      -       -
   10         15     13     13      1      -      -      -       -
   11         12     19      9      3      -      -      -       -
   12         19     18     15      3      -      -      -       -
   13         13     23     22      7      -      -      -       -
   14         21     19     17      5      -      -      -       -
   15         24     19     18      6      -      -      -       -
   16          9      9     16      7      -      -      -       -
   17         13      9     21      0      -      -      -       -
   18          8      3      6      2      -      -      -       -
   19         11      9      3      2      -      -      -       -
   20          5      4      4      3      -      -      -       -
   21          3      4      1      0      -      -      -       -
   22          0      1      0      0      -      -      -       -
   23          0      0      1      0      -      -      -       -
 
TOTALS
 
12HR 7-19    161    163    156     41      -      -      -       -
16HR 6-22    188    185    164     51      -      -      -       -
18HR 6-24    188    186    165     51      -      -      -       -
24HR 0-24    196    191    167     55      -      -      -       -
 
