 
 
 
*LOCATION   : ............................................................
*SITE NUMBER: 11700509
*FILE NUMBER:        1
*INTERVAL   :   15 MIN
*BATTERY    :    6.4 V
*RESTARTS   :        0
*CONFIG     :       12
*CHANNEL    :  1 OF  2
 
             FRI    SAT    SUN    MON    TUE    WED    THU    7-DAY
DATE    07/02/02     03     04     05     06     07     08   AVERAGE
 
START HOUR
 
    0          -      8      7      5      7      8      6       -
    1          -      7      8      1      4      4      4       -
    2          -      2      1      0      0      0      1       -
    3          -      4      4      0      0      1      1       -
    4          -      1      4      3      2      2      4       -
    5          -      2      2      7      8      7      8       -
    6          -     11      4     34     34     33     30       -
    7          -     15     11     75     59     55     56       -
    8          -     20     10     84     78     71     88       -
    9         74     29     14     66     49     43     59      48
   10         49     30     18     50     42     38     52      40
   11         40     38     23     52     37     39     59      41
   12         59     31     20     49     40     42     53      42
   13         53     37     24     62     40     35     51      43
   14         42     43     23     50     34     37     49      40
   15         69     47     29     66     51     50     61      53
   16         80     34     23     82     69     59     77      61
   17         62     30     24     73     45     50     74      51
   18         50     28     17     54     41     36     48      39
   19         25     23     15     28     25     36     29      26
   20         26     24     16     26     25     25     27      24
   21         17     23     16     21     22     19     17      19
   22         14     11     12     15     14     16     18      14
   23         13     10     13     11      9     11     10      11
 
TOTALS
 
12HR 7-19      -    382    236    763    585    555    727       -
16HR 6-22      -    463    287    872    691    668    830       -
18HR 6-24      -    484    312    898    714    695    858       -
24HR 0-24      -    508    338    914    735    717    882       -
 
 
 
 
*LOCATION   : ............................................................
*SITE NUMBER: 11700509
*FILE NUMBER:        1
*INTERVAL   :   15 MIN
*BATTERY    :    6.4 V
*RESTARTS   :        0
*CONFIG     :       12
*CHANNEL    :  1 OF  2
 
             FRI    SAT    SUN    MON    TUE    WED    THU    7-DAY
DATE    07/02/09     10     11     12     13     14     15   AVERAGE
 
START HOUR
 
    0          8      9     11      8     11      7      9       9
    1          4      5      9      2      5      3      3       4
    2          4      0      1      1      1      0      1       1
    3          1      2      2      0      0      6      0       2
    4          4      1      1      3      2      2      1       2
    5          8      4      1     10     12     11     11       8
    6         32     15      4     47     37     39     39      30
    7         55     17     10     71     70     76     69      53
    8         66     14     13     78     89    109     81      64
    9         55     27     17     62     65     77     72      54
   10         42     22     16     43     42     47     59      39
   11         33     23     21     56     50     61     58      43
   12         42     27     18     59     50     53     56      44
   13         44     28     25     58     58     61     58      47
   14         45     33     20     54     54     54     45      44
   15         54     29     29     73     69     66     69      56
   16         65     30     17     79     72     84     82      61
   17         56     27     21     70     69     68     70      54
   18         40     31     21     54     44     47     56      42
   19         24     23     20     34     33     34     41      30
   20         19     19     16     25     21     29     42      24
   21         18     19     16     30     21     23     28      22
   22         13     13     14     15     13     18     20      15
   23         14      9     10     13      9     12     10      11
 
TOTALS
 
12HR 7-19    597    308    228    757    732    803    775     600
16HR 6-22    690    384    284    893    844    928    925     707
18HR 6-24    717    406    308    921    866    958    955     733
24HR 0-24    746    427    333    945    897    987    980     759
 
 
 
 
*LOCATION   : ............................................................
*SITE NUMBER: 11700509
*FILE NUMBER:        1
*INTERVAL   :   15 MIN
*BATTERY    :    6.4 V
*RESTARTS   :        0
*CONFIG     :       12
*CHANNEL    :  1 OF  2
 
             FRI    SAT    SUN    MON    TUE    WED    THU    7-DAY
DATE    07/02/16     17     18     19     20     21     22   AVERAGE
 
START HOUR
 
    0         14     14     10      6     11      6      8      10
    1          7      8     11      2      4      3      3       5
    2          8      3      2      2      0      1      0       2
    3          4      2      4      3      1      0      0       2
    4          5      4      2      0      2      4      3       3
    5         12      5      2     11      9     11     10       9
    6         49     15      3     30     35     32     27      27
    7         80     20     18     68     65     60     60      53
    8        112     17     13     69     71     69     65      59
    9         89     31     14     48     56     64     56      51
   10         79     31     18     45     41     38     39      42
   11         81     39     18     40     37     44     39      43
   12         71     35     19     46     42     34     38      41
   13         63     42     28     51     45     52     37      45
   14         63     38     27     41     43     44     40      42
   15         66     28     31     67     52     48     53      49
   16         83     31     23     69     70     54     63      56
   17         68     29     24     66     61     58     49      51
   18         61     29     18     45     37     39     41      39
   19         45     21     15     35     27     31     28      29
   20         32     25     20     28     29     29     23      27
   21         23     22     12     15     24     21     18      19
   22         20     13      9     13     14     15     12      14
   23         14     12      9     11     10     11     11      11
 
TOTALS
 
12HR 7-19    916    370    251    655    620    604    580     571
16HR 6-22   1065    453    301    763    735    717    676     673
18HR 6-24   1099    478    319    787    759    743    699     698
24HR 0-24   1149    514    350    811    786    768    723     729
 
 
 
 
*LOCATION   : ............................................................
*SITE NUMBER: 11700509
*FILE NUMBER:        1
*INTERVAL   :   15 MIN
*BATTERY    :    6.4 V
*RESTARTS   :        0
*CONFIG     :       12
*CHANNEL    :  1 OF  2
 
             FRI    SAT    SUN    MON    TUE    WED    THU    7-DAY
DATE    07/02/23     24     25     26     27     28     01   AVERAGE
 
START HOUR
 
    0          9      9     10      9      8      -      -       -
    1          3      7     11      2      5      -      -       -
    2          0      1      1      2      0      -      -       -
    3          1      3      2      0      1      -      -       -
    4          3      3      1      2      1      -      -       -
    5          9      4      2     10     12      -      -       -
    6         29     14      4     34     35      -      -       -
    7         63     18     16     88     68      -      -       -
    8         71     15     10    101     84      -      -       -
    9         49     27     21     85     72      -      -       -
   10         42     31     20     62     52      -      -       -
   11         42     38     15     46     55      -      -       -
   12         38     33     27     54     58      -      -       -
   13         37     30     25     41     59      -      -       -
   14         46     31     22     43     45      -      -       -
   15         57     34     22     63      -      -      -       -
   16         64     33     21     73      -      -      -       -
   17         55     33     25     73      -      -      -       -
   18         38     22     22     54      -      -      -       -
   19         29     31     18     34      -      -      -       -
   20         21     20     20     30      -      -      -       -
   21         23     17     15     21      -      -      -       -
   22         16     15     12     10      -      -      -       -
   23         14     11     13     13      -      -      -       -
 
TOTALS
 
12HR 7-19    602    345    246    783      -      -      -       -
16HR 6-22    704    427    303    902      -      -      -       -
18HR 6-24    734    453    328    925      -      -      -       -
24HR 0-24    759    480    355    950      -      -      -       -
 
 
 
 
*LOCATION   : ............................................................
*SITE NUMBER: 11700509
*FILE NUMBER:        1
*INTERVAL   :   15 MIN
*BATTERY    :    6.4 V
*RESTARTS   :        0
*CONFIG     :       12
*CHANNEL    :  2 OF  2
 
             FRI    SAT    SUN    MON    TUE    WED    THU    7-DAY
DATE    07/02/02     03     04     05     06     07     08   AVERAGE
 
START HOUR
 
    0          -      0      0      1      0      0      0       -
    1          -      1      0      1      0      0      0       -
    2          -      2      1      0      0      0      0       -
    3          -      1      1      0      0      0      0       -
    4          -      1      2      0      0      0      0       -
    5          -      1      2      0      0      0      1       -
    6          -      1      1      7      4      6      3       -
    7          -      0      1     10      8      4      4       -
    8          -      8      4     30     15     11     11       -
    9          4     26      1     13      8      4      5       9
   10          6      1      1      6      3      2      3       3
   11          4      9      5      5      3      3      5       5
   12          8      4      2     10      0      1      3       4
   13          6      5      3      4      1      2      2       3
   14          4      7      3      4      0      1      4       3
   15         21      8     13     14     12      5     10      12
   16          9     12      3     18      9      5     11      10
   17          5      4      5     18      7     12      5       8
   18          6     13      0     10     10      6     10       8
   19          4      1      0     10      2      5      9       4
   20          7      2      7      5      3      3      2       4
   21          5      3      0      3      1      2      2       2
   22          2      2      2      1      0      0      1       1
   23          0      1      0      0      0      2      0       0
 
TOTALS
 
12HR 7-19      -     97     41    142     76     56     73       -
16HR 6-22      -    104     49    167     86     72     89       -
18HR 6-24      -    107     51    168     86     74     90       -
24HR 0-24      -    113     57    170     86     74     91       -
 
 
 
 
*LOCATION   : ............................................................
*SITE NUMBER: 11700509
*FILE NUMBER:        1
*INTERVAL   :   15 MIN
*BATTERY    :    6.4 V
*RESTARTS   :        0
*CONFIG     :       12
*CHANNEL    :  2 OF  2
 
             FRI    SAT    SUN    MON    TUE    WED    THU    7-DAY
DATE    07/02/09     10     11     12     13     14     15   AVERAGE
 
START HOUR
 
    0          2      1      0      1      0      0      0       1
    1          2      1      1      1      0      0      1       1
    2          1      1      0      0      1      0      0       0
    3          1      0      0      1      0      2      0       1
    4          0      0      1      1      1      1      0       1
    5          1      0      0      3      1      1      1       1
    6          5      0      1      7      6      6      5       4
    7          7      0      1     11      9     10      7       6
    8         17      1      4     16     20     19     20      14
    9          5      2      3     12      3      7     13       6
   10          3      0      4      6      1      5      5       3
   11          7      3      4     12      2      3      3       5
   12          6      5      3      7      4      2      2       4
   13          5      5      4     11      6      6      8       6
   14          4      4      4      5      9      9      7       6
   15         14      4      6     17     12     19     13      12
   16         12      2      3     19     10     15     12      10
   17         15      3      3     21     15     17     15      13
   18          3      2      3      7     14     10     12       7
   19          3      4      2      6      7      4      6       5
   20          3      0      4      8      7      2      7       4
   21          1      0      0      4      0      3      4       2
   22          1      1      3      2      2      6      2       2
   23          2      2      1      0      1      0      1       1
 
TOTALS
 
12HR 7-19     98     31     42    144    105    122    117      94
16HR 6-22    110     35     49    169    125    137    139     109
18HR 6-24    113     38     53    171    128    143    142     113
24HR 0-24    120     41     55    178    131    147    144     117
 
 
 
 
*LOCATION   : ............................................................
*SITE NUMBER: 11700509
*FILE NUMBER:        1
*INTERVAL   :   15 MIN
*BATTERY    :    6.4 V
*RESTARTS   :        0
*CONFIG     :       12
*CHANNEL    :  2 OF  2
 
             FRI    SAT    SUN    MON    TUE    WED    THU    7-DAY
DATE    07/02/16     17     18     19     20     21     22   AVERAGE
 
START HOUR
 
    0          1      0      2      2      0      2      0       1
    1          0      0      0      0      0      0      0       0
    2          1      1      1      0      0      0      0       0
    3          0      0      0      0      0      0      1       0
    4          0      1      0      0      0      1      0       0
    5          1      0      0      1      2      0      0       1
    6          6      0      0      7      5      3      4       4
    7          8      1      1      9      8      6      4       5
    8         17      2      1      8     12      5      4       7
    9          7      2      2     12     10      1     12       7
   10          5      2      4      2      3      2      0       3
   11          1      6      6      2      2      2      2       3
   12          5      8      2      6      3      5      1       4
   13          9      9      6      7      8      6      3       7
   14          3      7      7      7      2      4      4       5
   15          7      5      8     12      7      4      9       7
   16         19      7      2     13     12      5      8       9
   17         13      6      6      9     10     10     12       9
   18          9      5      1      5      3      6      7       5
   19          6      1      5      4      3      4      9       5
   20          4      3      2      2      1      6      0       3
   21          1      6      3      3      3      1      2       3
   22          1      0      0      2      1      2      1       1
   23          4      0      0      0      0      3      0       1
 
TOTALS
 
12HR 7-19    103     60     46     92     80     56     66      72
16HR 6-22    120     70     56    108     92     70     81      85
18HR 6-24    125     70     56    110     93     75     82      87
24HR 0-24    128     72     59    113     95     78     83      90
 
 
 
 
*LOCATION   : ............................................................
*SITE NUMBER: 11700509
*FILE NUMBER:        1
*INTERVAL   :   15 MIN
*BATTERY    :    6.4 V
*RESTARTS   :        0
*CONFIG     :       12
*CHANNEL    :  2 OF  2
 
             FRI    SAT    SUN    MON    TUE    WED    THU    7-DAY
DATE    07/02/23     24     25     26     27     28     01   AVERAGE
 
START HOUR
 
    0          0      0      1      0      2      -      -       -
    1          0      1      0      0      0      -      -       -
    2          0      0      0      0      0      -      -       -
    3          0      0      0      0      0      -      -       -
    4          0      1      1      1      0      -      -       -
    5          0      0      0      0      1      -      -       -
    6          4      0      0     11      5      -      -       -
    7          7      1      0     14     15      -      -       -
    8          7      1      0     21     18      -      -       -
    9          7      0      1      7      8      -      -       -
   10          7      3      3      5      3      -      -       -
   11          7      3      3      6      4      -      -       -
   12          4      5      6      5      5      -      -       -
   13          3      2      3      8      5      -      -       -
   14          1      6      8      4      5      -      -       -
   15          5      5      6     10      -      -      -       -
   16          7      3      1     14      -      -      -       -
   17          9      2      5     19      -      -      -       -
   18          8      3      1      7      -      -      -       -
   19          2      2      1     10      -      -      -       -
   20          1      1      4      6      -      -      -       -
   21          1      3      3      5      -      -      -       -
   22          1      0      0      1      -      -      -       -
   23          0      0      1      1      -      -      -       -
 
TOTALS
 
12HR 7-19     72     34     