 
 
 
*LOCATION   : ............................................................
*SITE NUMBER: 10304935
*FILE NUMBER:        5
*INTERVAL   :   15 MIN
*BATTERY    :    6.8 V
*RESTARTS   :        0
*CONFIG     :        0
*CHANNEL    :  1 OF  1
 
             MON    TUE    WED    THU    FRI    SAT    SUN    7-DAY
DATE    07/12/03     04     05     06     07     08     09   AVERAGE
 
START HOUR
 
    0          -      0      1      0      2      2      1       -
    1          -      0      0      1      0      2      2       -
    2          -      0      1      0      1      1      4       -
    3          -      0      2      0      0      0      0       -
    4          -      0      0      1      0      0      0       -
    5          -      3      3      0      4      0      1       -
    6          -     14      9      0     11      3      0       -
    7          -     13     16      1     16      4      6       -
    8          -     17     33      1     15      1      1       -
    9          -      3     10      1      4      2      7       -
   10          -      4      4      2     13      6      3       -
   11          4      3      7      3     14      9      5       6
   12          8      4      8      5      3      4      4       5
   13          5      5      5      9     14      8     12       8
   14          6     10      6      4     10      7     11       8
   15         21     16     16      4     22      7     11      14
   16         26     18     18      4     12      4      7      13
   17          7     10     11      0     11      5      2       7
   18          7      7     12      1     10      7      4       7
   19          7      5      4      4      7      5      1       5
   20          6      7      6      7      6      3      6       6
   21          3      4      3      2      5      0      3       3
   22          2      0      1     11      0      3      3       3
   23          2      0      1      3      2      1      1       1
 
TOTALS
 
12HR 7-19      -    110    146     35    144     64     73       -
16HR 6-22      -    140    168     48    173     75     83       -
18HR 6-24      -    140    170     62    175     79     87       -
24HR 0-24      -    143    177     64    182     84     95       -
 
 
 
 
*LOCATION   : ............................................................
*SITE NUMBER: 10304935
*FILE NUMBER:        5
*INTERVAL   :   15 MIN
*BATTERY    :    6.8 V
*RESTARTS   :        0
*CONFIG     :        0
*CHANNEL    :  1 OF  1
 
             MON    TUE    WED    THU    FRI    SAT    SUN    7-DAY
DATE    07/12/10     11     12     13     14     15     16   AVERAGE
 
START HOUR
 
    0          1      1      4      1      1      2      2       2
    1          1      1      1      4      0      2      0       1
    2          0      1      2      0      0      5      0       1
    3          1      0      1      3      1      3      0       1
    4          3      0      1      0      0      3      0       1
    5          7      8      7      9      6      0      0       5
    6         17     21     24     16     18      3      2      14
    7         35     34     24     22     26      0      2      20
    8         31     30     25     23     26      2      1      20
    9         11     14     19     11     10     18      5      13
   10          2      5      5      3      1      9      5       4
   11          9     10      6      9      7      7      4       7
   12          9     15      8      8      4      7     11       9
   13          8      8     10      7      7     16     11      10
   14         10     23     12      5      7     14      9      11
   15         25     23     27     31     24      9      8      21
   16         41     40     31     37     22      5      3      26
   17         23     20     17     11     14      5      7      14
   18         11     16     13     13      7      6      8      11
   19          5      6     11      7      5      3     10       7
   20         12     15      9     11      8      4      2       9
   21          8      8      6      5      4      5      2       5
   22          2      7      6      5      2      1      3       4
   23          2      3      5      1      1      2      1       2
 
TOTALS
 
12HR 7-19    215    238    197    180    155     98     74     165
16HR 6-22    257    288    247    219    190    113     90     201
18HR 6-24    261    298    258    225    193    116     94     206
24HR 0-24    274    309    274    242    201    131     96     218
 
 
 
 
*LOCATION   : ............................................................
*SITE NUMBER: 10304935
*FILE NUMBER:        5
*INTERVAL   :   15 MIN
*BATTERY    :    6.8 V
*RESTARTS   :        0
*CONFIG     :        0
*CHANNEL    :  1 OF  1
 
             MON    TUE    WED    THU    FRI    SAT    SUN    7-DAY
DATE    07/12/17     18     19     20     21     22     23   AVERAGE
 
START HOUR
 
    0          3      3      4      3      4      0      4       3
    1          0      3      4      1      2      0      0       1
    2          1      0      0      0      0      2      1       1
    3          1      1      2      1      0      0      0       1
    4          3      1      0      0      0      0      0       1
    5          6      4      4      5      4      0      1       3
    6         18     18     19     16     13      1      0      12
    7         36     36     23     23     22      2      5      21
    8         34     29     29     23     21      2      2      20
    9         16     19     12     18     12      9      2      13
   10          3     15     11     10     11      3      8       9
   11          9      8     10      7     10      5      5       8
   12          6     11      7     11     12      7      3       8
   13          7      8      9     11     12     16      8      10
   14          9      8     12     14     16     18      9      12
   15         27     32     29     23     23      5      4      20
   16         34     28     23     26     17      4      5      20
   17         13     17     13     14     11      2      5      11
   18         19     13      7      8      3      4      5       8
   19         12     15      8      9      5      2      3       8
   20          6     12     11     12      3      5      4       8
   21          9      4      8      5      4      2      2       5
   22          2      3      4      2      3      0      1       2
   23          1      2      2      4      2      0      0       2
 
TOTALS
 
12HR 7-19    213    224    185    188    170     77     61     160
16HR 6-22    258    273    231    230    195     87     70     192
18HR 6-24    261    278    237    236    200     87     71     196
24HR 0-24    275    290    251    246    210     89     77     205
 
 
 
 
*LOCATION   : ............................................................
*SITE NUMBER: 10304935
*FILE NUMBER:        5
*INTERVAL   :   15 MIN
*BATTERY    :    6.8 V
*RESTARTS   :        0
*CONFIG     :        0
*CHANNEL    :  1 OF  1
 
             MON    TUE    WED    THU    FRI    SAT    SUN    7-DAY
DATE    07/12/24     25     26     27     28     29     30   AVERAGE
 
START HOUR
 
    0          2      0      0      1      4      1      0       1
    1          3      0      2      2      0      1      0       1
    2          0      0      0      0      0      1      0       0
    3          0      1      0      0      0      0      0       0
    4          1      0      0      2      0      0      0       0
    5          1      0      0      3      4      0      2       1
    6          1      1      3     11      2      2      2       3
    7          4      0      2     24     12      1      1       6
    8          1      1      3     10      9      4      3       4
    9          7      2      3     10     12      6      1       6
   10          4      0      2      9      9      4      2       4
   11          5      5      1      5      4      7      4       4
   12          7      8      4     10     12      6      7       8
   13          7      1      6     12      5      3      2       5
   14          8     11     10      3      6     10     11       8
   15          6      5      6     13     14      3     12       8
   16          9      4      2     20     14      0     11       9
   17          2      0      3     10      9      4      7       5
   18          3      3      3      4      7      4      1       4
   19          1      3      4      5      9      4      3       4
   20          3      1      5      5      5      0      6       4
   21          1      3      1      8      5      0      1       3
   22          0      2      1      1      0      0      1       1
   23          4      2      0      0      4      2      0       2
 
TOTALS
 
12HR 7-19     63     40     45    130    113     52     62      72
16HR 6-22     69     48     58    159    134     58     74      86
18HR 6-24     73     52     59    160    138     60     75      88
24HR 0-24     80     53     61    168    146     63     77      93
 
 
 
 
*LOCATION   : ............................................................
*SITE NUMBER: 10304935
*FILE NUMBER:        5
*INTERVAL   :   15 MIN
*BATTERY    :    6.8 V
*RESTARTS   :        0
*CONFIG     :        0
*CHANNEL    :  1 OF  1
 
             MON    TUE    WED    THU    FRI    SAT    SUN    7-DAY
DATE    07/12/31     01     02     03     04     05     06   AVERAGE
 
START HOUR
 
    0          2      2      1      -      -      -      -       -
    1          0      1      3      -      -      -      -       -
    2          0      3      1      -      -      -      -       -
    3          0      1      0      -      -      -      -       -
    4          0      0      1      -      -      -      -       -
    5          4      1      2      -      -      -      -       -
    6         10      3     15      -      -      -      -       -
    7         12      1     22      -      -      -      -       -
    8         13      4     22      -      -      -      -       -
    9          8      1     14      -      -      -      -       -
   10          5      0      -      -      -      -      -       -
   11         10      4      -      -      -      -      -       -
   12          9      3      -      -      -      -      -       -
   13          7      5      -      -      -      -      -       -
   14         16     10      -      -      -      -      -       -
   15         11      6      -      -      -      -      -       -
   16         12      6      -      -      -      -      -       -
   17         13      4      -      -      -      -      -       -
   18         10     12      -      -      -      -      -       -
   19          3      1      -      -      -      -      -       -
   20          3      1      -      -      -      -      -       -
   21          2      3      -      -      -      -      -       -
   22          0      1      -      -      -      -      -       -
   23          0      1      -      -      -      -      -       -
 
TOTALS
 
12HR 7-19    126     56      -      -      -      -      -       -
16HR 6-22    144     64      -      -      -      -      -       -
18HR 6-24    144     66      -      -      -      -      -       -
24HR 0-24    150     74      -      -      -      -      -       -
 
