 
 
 
*LOCATION   : ............................................................
*SITE NUMBER: 10704906
*FILE NUMBER:        2
*INTERVAL   :   15 MIN
*BATTERY    :    6.5 V
*RESTARTS   :        0
*CONFIG     :        0
*CHANNEL    :  1 OF  1
 
             MON    TUE    WED    THU    FRI    SAT    SUN    7-DAY
DATE    07/12/03     04     05     06     07     08     09   AVERAGE
 
START HOUR
 
    0          -      0      1      2      2      1      0       -
    1          -      0      2      1      0      3      1       -
    2          -      1      0      1      1      2      1       -
    3          -      0      1      1      0      1      0       -
    4          -      1      3      0      2      1      3       -
    5          -      3      2      1      3      0      0       -
    6          -      4      9      2      3      3      1       -
    7          -     27     23      2     18      4      0       -
    8          -     37     38      1     34      3      3       -
    9          -     25     16      3     27      5      2       -
   10         17     19     12      4     18      2      7      11
   11         18     11      6      4     19      9      6      10
   12         20     15     20      5     19     14      8      14
   13         20     18     10      5     26     13     20      16
   14         20     18     17     10     28     15     25      19
   15         24     25     28      5     23     10     16      19
   16         36     29     38     13     39      5     18      25
   17         32     31     35      3     27      8     12      21
   18         28     26     30      6     18      7      8      18
   19          6     17     10      6     20      6      6      10
   20         10     11      3      6      6      3      4       6
   21          8     11      6      4     14      3      5       7
   22          4      1      8      2      2      2      5       3
   23          2      2      4      3      4      1      0       2
 
TOTALS
 
12HR 7-19      -    281    273     61    296     95    125       -
16HR 6-22      -    324    301     79    339    110    141       -
18HR 6-24      -    327    313     84    345    113    146       -
24HR 0-24      -    332    322     90    353    121    151       -
 
 
 
 
*LOCATION   : ............................................................
*SITE NUMBER: 10704906
*FILE NUMBER:        2
*INTERVAL   :   15 MIN
*BATTERY    :    6.5 V
*RESTARTS   :        0
*CONFIG     :        0
*CHANNEL    :  1 OF  1
 
             MON    TUE    WED    THU    FRI    SAT    SUN    7-DAY
DATE    07/12/10     11     12     13     14     15     16   AVERAGE
 
START HOUR
 
    0          1      0      1      3      3      4      6       3
    1          3      1      0      0      1      2      2       1
    2          0      0      3      0      0      3      3       1
    3          1      2      0      0      2      1      2       1
    4          0      0      1      0      2      4      8       2
    5          4      4      5      2      5      2      0       3
    6         10     15     14     18     33      2      2      13
    7         41     43     39     32    101      3      0      37
    8         61     68     55     48    116      5      2      51
    9         42     37     41     28     91     10      8      37
   10         31     32     21     16     30     12      6      21
   11         17     24     14     14     16      9     14      15
   12         20     18     17     19     18     20     15      18
   13         20     23     22     19     18     20     17      20
   14         28     22     28     17     26     20     24      24
   15         31     54     37     42     23     13     21      32
   16         65     60     53     39     43      9     13      40
   17         51     45     38     32     33     10     18      32
   18         40     36     33     23     15     14     16      25
   19         25     28      9     20     14      7      8      16
   20         13     25     10      5      4      7      6      10
   21         14      9     13     10      7      8      6      10
   22          7      8      7      7      8      6      2       6
   23          2      4      4      3      5      0      2       3
 
TOTALS
 
12HR 7-19    447    462    398    329    530    145    154     352
16HR 6-22    509    539    444    382    588    169    176     401
18HR 6-24    518    551    455    392    601    175    180     410
24HR 0-24    527    558    465    397    614    191    201     422
 
 
 
 
*LOCATION   : ............................................................
*SITE NUMBER: 10704906
*FILE NUMBER:        2
*INTERVAL   :   15 MIN
*BATTERY    :    6.5 V
*RESTARTS   :        0
*CONFIG     :        0
*CHANNEL    :  1 OF  1
 
             MON    TUE    WED    THU    FRI    SAT    SUN    7-DAY
DATE    07/12/17     18     19     20     21     22     23   AVERAGE
 
START HOUR
 
    0          0      1      3      4      3      3      2       2
    1          1      1      1      1      7      1      2       2
    2          0      2      3      0      1      0      1       1
    3          0      2      0      0      0      3      3       1
    4          1      0      0      1      1      4      2       1
    5          3      4      2      3      5      1      0       3
    6         15     15     12     12     10      1      3      10
    7         30     42     31     34     22      2      2      23
    8         55     52     46     49     27      2      1      33
    9         44     31     33     41     34     12      2      28
   10         23     27     21     27     21     21      2      20
   11         16     16     17     21     16     22      4      16
   12         18     22     20     15     19     20     12      18
   13         16     29     24     27     30     26     17      24
   14         23     24     24     29     33     12     19      23
   15         46     45     45     43     49     17     11      37
   16         54     42     43     62     35     11      9      37
   17         42     45     47     36     21      5      6      29
   18         28     34     30     30     12     13      3      21
   19         18     24     15     14     14      8      3      14
   20         12     11     13     18      9      5      2      10
   21         11      7     14      8      6      2      3       7
   22          6      5      5      3      9      5      5       5
   23          3      3      3      6      3      2      2       3
 
TOTALS
 
12HR 7-19    395    409    381    414    319    163     88     310
16HR 6-22    451    466    435    466    358    179     99     351
18HR 6-24    460    474    443    475    370    186    106     359
24HR 0-24    465    484    452    484    387    198    116     369
 
 
 
 
*LOCATION   : ............................................................
*SITE NUMBER: 10704906
*FILE NUMBER:        2
*INTERVAL   :   15 MIN
*BATTERY    :    6.5 V
*RESTARTS   :        0
*CONFIG     :        0
*CHANNEL    :  1 OF  1
 
             MON    TUE    WED    THU    FRI    SAT    SUN    7-DAY
DATE    07/12/24     25     26     27     28     29     30   AVERAGE
 
START HOUR
 
    0          1      0      1      0      1      2      2       1
    1          1      0      2      2      1      2      0       1
    2          1      0      0      0      2      1      1       1
    3          0      0      1      1      0      1      1       1
    4          0      0      0      1      1      1      0       0
    5          1      0      0      4      3      1      0       1
    6          1      0      4      6      8      1      1       3
    7          4      2      2     14      9      2      1       5
    8          1      0      0     20     23      2      3       7
    9          5      5      5     19     20      9      2       9
   10         15      4      2     11     16      6      4       8
   11         12      2      6     12     15     11      7       9
   12          8      7      9     17     24      9      4      11
   13          4      4     16     16     14     16     17      12
   14          9     15     12     19     27      9     17      15
   15          3      7     17     23     27     13     17      15
   16          2     13      2     23     25     17     11      13
   17          4      2      8     20     29      9      7      11
   18          0      5      5     12     10     13      4       7
   19          2      5      3     12     11      4      2       6
   20          2      5      2      5      5      5      4       4
   21          2      3      2      2      3      2      5       3
   22          1      0      1      3      3      2      0       1
   23          0      1      1      5      3      3      2       2
 
TOTALS
 
12HR 7-19     67     66     84    206    239    116     94     125
16HR 6-22     74     79     95    231    266    128    106     140
18HR 6-24     75     80     97    239    272    133    108     143
24HR 0-24     79     80    101    247    280    141    112     149
 
 
 
 
*LOCATION   : ............................................................
*SITE NUMBER: 10704906
*FILE NUMBER:        2
*INTERVAL   :   15 MIN
*BATTERY    :    6.5 V
*RESTARTS   :        0
*CONFIG     :        0
*CHANNEL    :  1 OF  1
 
             MON    TUE    WED    THU    FRI    SAT    SUN    7-DAY
DATE    07/12/31     01     02     03     04     05     06   AVERAGE
 
START HOUR
 
    0          0      9      1      -      -      -      -       -
    1          2      1      1      -      -      -      -       -
    2          1      1      2      -      -      -      -       -
    3          0      2      2      -      -      -      -       -
    4          0      1      0      -      -      -      -       -
    5          4      0      3      -      -      -      -       -
    6          3      3     10      -      -      -      -       -
    7         14      5     28      -      -      -      -       -
    8         22      0     47      -      -      -      -       -
    9         12      2     18      -      -      -      -       -
   10         16      6      -      -      -      -      -       -
   11          6      5      -      -      -      -      -       -
   12         17      8      -      -      -      -      -       -
   13         13     10      -      -      -      -      -       -
   14         28     13      -      -      -      -      -       -
   15         20     15      -      -      -      -      -       -
   16         27      8      -      -      -      -      -       -
   17         10      4      -      -      -      -      -       -
   18         13      7      -      -      -      -      -       -
   19          5      3      -      -      -      -      -       -
   20          3      4      -      -      -      -      -       -
   21         16      3      -      -      -      -      -       -
   22          5      1      -      -      -      -      -       -
   23          8      4      -      -      -      -      -       -
 
TOTALS
 
12HR 7-19    198     83      -      -      -      -      -       -
16HR 6-22    225     96      -      -      -      -      -       -
18HR 6-24    238    101      -      -      -      -      -       -
24HR 0-24    245    115      -      -      -      -      -       -
 
