 
 
 
*LOCATION   : ............................................................
*SITE NUMBER: 11504928
*FILE NUMBER:        1
*INTERVAL   :   15 MIN
*BATTERY    :    6.4 V
*RESTARTS   :        0
*CONFIG     :        0
*CHANNEL    :  1 OF  1
 
             MON    TUE    WED    THU    FRI    SAT    SUN    7-DAY
DATE    07/12/03     04     05     06     07     08     09   AVERAGE
 
START HOUR
 
    0          -      1      3      4      4      5      2       -
    1          -      0      1      2      0      5      2       -
    2          -      1      2      0      0      3      3       -
    3          -      0      1      2      1      1      2       -
    4          -      0      1      4      1      3      5       -
    5          -      3      7      0      2      1      0       -
    6          -     13     10      6     11      3      1       -
    7          -     21     23      0     18      1      0       -
    8          -     35     43      3     31      4      5       -
    9          -     24     27      7     30      6      5       -
   10         23     25     25      3     38      6      6      18
   11         20     30     26      5     22     18      3      18
   12         31     21     18      6     26     11     13      18
   13         26     37     33      4     24     17     12      22
   14         23     25     27      3     32     13     12      19
   15         23     31     37      5     32     10     13      22
   16         37     40     47      5     43     12     11      28
   17         31     29     29      7     35      7     17      22
   18         24     24     22     10     19     10      8      17
   19          9     12     20      4     15      6      7      10
   20         10     10      7      3      6      5      9       7
   21         12     10     14      4      8      6      9       9
   22          1      5      7      3      5      6      4       4
   23          1      3      3      0      1      5      2       2
 
TOTALS
 
12HR 7-19      -    342    357     58    350    115    105       -
16HR 6-22      -    387    408     75    390    135    131       -
18HR 6-24      -    395    418     78    396    146    137       -
24HR 0-24      -    400    433     90    404    164    151       -
 
 
 
 
*LOCATION   : ............................................................
*SITE NUMBER: 11504928
*FILE NUMBER:        1
*INTERVAL   :   15 MIN
*BATTERY    :    6.4 V
*RESTARTS   :        0
*CONFIG     :        0
*CHANNEL    :  1 OF  1
 
             MON    TUE    WED    THU    FRI    SAT    SUN    7-DAY
DATE    07/12/10     11     12     13     14     15     16   AVERAGE
 
START HOUR
 
    0          0      3      5      7      4      5      3       4
    1          1      2      0      5      2      4     10       3
    2          3      1      1      1      5      3      4       3
    3          0      1      1      1      1      1      1       1
    4          0      1      2      1      2      2      3       2
    5          2      6      4      4      4      0      3       3
    6         18     23     23     24     18      2      2      16
    7         34     40     36     30     22      4      0      24
    8         59     58     50     52     49      6      7      40
    9         50     46     36     37     36     16      4      32
   10         34     41     36     35     29     14      9      28
   11         39     40     33     36     39     19     21      32
   12         38     27     37     35     22     26     12      28
   13         30     48     36     33     35     26     21      33
   14         37     41     35     28     37     24     17      31
   15         51     52     56     48     40     26     17      41
   16         58     56     51     45     47      8     14      40
   17         63     54     43     54     29     11     15      38
   18         47     41     34     40     22      8      9      29
   19         27     19     21     12     15      4      5      15
   20         13     15     16     20      9      7      5      12
   21         14     15     14     10      5      7      7      10
   22          7      9      8     13      9      4      4       8
   23          3      4      7      3      3      0      1       3
 
TOTALS
 
12HR 7-19    540    544    483    473    407    188    146     397
16HR 6-22    612    616    557    539    454    208    165     450
18HR 6-24    622    629    572    555    466    212    170     461
24HR 0-24    628    643    585    574    484    227    194     476
 
 
 
 
*LOCATION   : ............................................................
*SITE NUMBER: 11504928
*FILE NUMBER:        1
*INTERVAL   :   15 MIN
*BATTERY    :    6.4 V
*RESTARTS   :        0
*CONFIG     :        0
*CHANNEL    :  1 OF  1
 
             MON    TUE    WED    THU    FRI    SAT    SUN    7-DAY
DATE    07/12/17     18     19     20     21     22     23   AVERAGE
 
START HOUR
 
    0          2      4      2      4      4      4      2       3
    1          0      1      3      4      0      6      1       2
    2          1      1      2      1      0      4      1       1
    3          1      0      0      1      1      0      0       0
    4          0      1      2      1      2      1      0       1
    5          3      3      2      6      3      1      2       3
    6         24     17     21     16     12      2      1      13
    7         23     33     28     23     27      4      2      20
    8         62     48     54     57     49      4      5      40
    9         56     46     44     40     40     15      5      35
   10         29     44     35     36     30     15      8      28
   11         35     37     33     50     39     17     12      32
   12         37     40     33     48     38     26     15      34
   13         34     46     37     43     57     21     19      37
   14         31     39     40     39     54     26     18      35
   15         49     52     61     59     51     19     17      44
   16         50     49     77     54     48     12     12      43
   17         49     54     46     47     38     12      5      36
   18         30     28     29     33     19      7      5      22
   19         20     18     17     15     12      3      4      13
   20         16     16     15     13     12      6      3      12
   21         12      9      7     14      8      3      7       9
   22          7     11     12     13      6      6      0       8
   23          3      5      7      7      4      1      0       4
 
TOTALS
 
12HR 7-19    485    516    517    529    490    178    123     405
16HR 6-22    557    576    577    587    534    192    138     452
18HR 6-24    567    592    596    607    544    199    138     463
24HR 0-24    574    602    607    624    554    215    144     474
 
 
 
 
*LOCATION   : ............................................................
*SITE NUMBER: 11504928
*FILE NUMBER:        1
*INTERVAL   :   15 MIN
*BATTERY    :    6.4 V
*RESTARTS   :        0
*CONFIG     :        0
*CHANNEL    :  1 OF  1
 
             MON    TUE    WED    THU    FRI    SAT    SUN    7-DAY
DATE    07/12/24     25     26     27     28     29     30   AVERAGE
 
START HOUR
 
    0          1      1      0      0      4      1      3       1
    1          0      1      1      3      1      0      3       1
    2          2      3      1      2      0      1      0       1
    3          0      0      0      1      0      2      2       1
    4          0      0      4      3      1      2      4       2
    5          1      0      0      4      4      1      1       2
    6          0      0      3     10     12      4      1       4
    7          1      0      2     14     10      7      3       5
    8          2      0      2     20     21      2      2       7
    9          5      0      9     18     26      6      1       9
   10         13      2      5     22     14     10      7      10
   11         17      4      6     19     18     10      9      12
   12         17      6      9     22     24     10      8      14
   13          5      7      6     21     21     10     13      12
   14          9      4     10     21     24     13      6      12
   15          6      5     13     18     30     12     13      14
   16          3      5      2     25     38     17     11      14
   17          5      8      4     18     25     12     13      12
   18          2      1      5     12     11      7      6       6
   19          1      2      5     12     18     10      5       8
   20          1      3      6      8      7      2      8       5
   21          1      3      3      7      4      9      3       4
   22          3      3      1      5      3      4      3       3
   23          1      2      1      3      2      2      0       2
 
TOTALS
 
12HR 7-19     85     42     73    230    262    116     92     129
16HR 6-22     88     50     90    267    303    141    109     150
18HR 6-24     92     55     92    275    308    147    112     154
24HR 0-24     96     60     98    288    318    154    125     163
 
 
 
 
*LOCATION   : ............................................................
*SITE NUMBER: 11504928
*FILE NUMBER:        1
*INTERVAL   :   15 MIN
*BATTERY    :    6.4 V
*RESTARTS   :        0
*CONFIG     :        0
*CHANNEL    :  1 OF  1
 
             MON    TUE    WED    THU    FRI    SAT    SUN    7-DAY
DATE    07/12/31     01     02     03     04     05     06   AVERAGE
 
START HOUR
 
    0          1      3      0      -      -      -      -       -
    1          0      2      1      -      -      -      -       -
    2          0      1      0      -      -      -      -       -
    3          1      0      1      -      -      -      -       -
    4          1      0      0      -      -      -      -       -
    5          1      3      5      -      -      -      -       -
    6          9      0     11      -      -      -      -       -
    7         12      2     18      -      -      -      -       -
    8         13      1     36      -      -      -      -       -
    9         17      4     30      -      -      -      -       -
   10         16      3      -      -      -      -      -       -
   11         23      3      -      -      -      -      -       -
   12         14      4      -      -      -      -      -       -
   13         24     10      -      -      -      -      -       -
   14         17      7      -      -      -      -      -       -
   15         35      6      -      -      -      -      -       -
   16         22      3      -      -      -      -      -       -
   17         13      5      -      -      -      -      -       -
   18          9      7      -      -      -      -      -       -
   19          7      5      -      -      -      -      -       -
   20          4      3      -      -      -      -      -       -
   21          2      1      -      -      -      -      -       -
   22          2      3      -      -      -      -      -       -
   23          4      2      -      -      -      -      -       -
 
TOTALS
 
12HR 7-19    215     55      -      -      -      -      -       -
16HR 6-22    237     64      -      -      -      -      -       -
18HR 6-24    243     69      -      -      -      -      -       -
24HR 0-24    247     78      -      -      -      -      -       -
 
