 
 
 
*LOCATION   : ............................................................
*SITE NUMBER: 11604901
*FILE NUMBER:        8
*INTERVAL   :   15 MIN
*BATTERY    :    6.1 V
*RESTARTS   :        0
*CONFIG     :        0
*CHANNEL    :  1 OF  1
 
             TUE    WED    THU    FRI    SAT    SUN    MON    7-DAY
DATE    07/12/04     05     06     07     08     09     10   AVERAGE
 
START HOUR
 
    0          -      0      0      0      0      2      1       -
    1          -      0      0      0      0      1      0       -
    2          -      2      0      0      0      0      0       -
    3          -      0      0      0      1      0      0       -
    4          -      0      0      0      0      0      0       -
    5          -      4      0      8      0      0      8       -
    6          -     10      3      9      2      1     11       -
    7          -     18      0     15      1      0     28       -
    8          -     14      2      9      2      4     17       -
    9          -      9      5     24      4      2     15       -
   10          -     23      1     28     25      4     16       -
   11         10     25      5     31     29     12     31      20
   12         19     29      1     29     18     24     27      21
   13         13     30      8     26     25     21     24      21
   14         11     16      6     26     28     28     26      20
   15         20     19      3     31     24     15     38      21
   16         19     25      3     29     12     15     31      19
   17         15     20      0     15     14     17     24      15
   18         17     17      3     17      8     13     18      13
   19         10     22      2     10      0      4     20      10
   20          4     13      2      3      1      3     10       5
   21          3      7      2      3      2      0      4       3
   22          2      0      4      3      4      0      1       2
   23          0      0      1      0      1      0      0       0
 
TOTALS
 
12HR 7-19      -    245     37    280    190    155    295       -
16HR 6-22      -    297     46    305    195    163    340       -
18HR 6-24      -    297     51    308    200    163    341       -
24HR 0-24      -    303     51    316    201    166    350       -
 
 
 
 
*LOCATION   : ............................................................
*SITE NUMBER: 11604901
*FILE NUMBER:        8
*INTERVAL   :   15 MIN
*BATTERY    :    6.1 V
*RESTARTS   :        0
*CONFIG     :        0
*CHANNEL    :  1 OF  1
 
             TUE    WED    THU    FRI    SAT    SUN    MON    7-DAY
DATE    07/12/11     12     13     14     15     16     17   AVERAGE
 
START HOUR
 
    0          0      0      0      0      0      0      1       0
    1          0      0      1      0      1      0      0       0
    2          2      0      0      0      0      0      0       0
    3          0      0      1      0      0      1      1       0
    4          1      0      0      1      0      2      2       1
    5          6      6      7      7      1      0      7       5
    6         13     14     13     10      1      3     10       9
    7         28     20     23     19      4      5     27      18
    8         23     26     29     19      4      2     19      17
    9         18     11     19     19     10      5     22      15
   10         25     22     31     18     14      7     25      20
   11         30     28     21     20     37      9     25      24
   12         23     24     33     25     36     39     35      31
   13         27     16     18     22     35     32     35      26
   14         42     30     39     34     31     29     31      34
   15         39     31     25     24     27     24     28      28
   16         42     31     30     18     23     23     29      28
   17         36     29     23     22     20     15     31      25
   18         21     21     23     14      5     12     25      17
   19         15     17     13      9      5      9     18      12
   20         11      4      7     12      5      6     17       9
   21         12      6      7      0      3      4      6       5
   22          1      2      1      2      2      0      5       2
   23          1      0      2      0      1      0      2       1
 
TOTALS
 
12HR 7-19    354    289    314    254    246    202    332     284
16HR 6-22    405    330    354    285    260    224    383     320
18HR 6-24    407    332    357    287    263    224    390     323
24HR 0-24    416    338    366    295    265    227    401     330
 
 
 
 
*LOCATION   : ............................................................
*SITE NUMBER: 11604901
*FILE NUMBER:        8
*INTERVAL   :   15 MIN
*BATTERY    :    6.1 V
*RESTARTS   :        0
*CONFIG     :        0
*CHANNEL    :  1 OF  1
 
             TUE    WED    THU    FRI    SAT    SUN    MON    7-DAY
DATE    07/12/18     19     20     21     22     23     24   AVERAGE
 
START HOUR
 
    0          1      0      0      0      1      0      0       0
    1          1      0      2      1      0      0      2       1
    2          0      0      0      0      0      0      0       0
    3          1      0      0      0      0      0      0       0
    4          2      2      0      0      1      0      0       1
    5          9      7      6      7      2      0      0       4
    6         13     13     14      8      7      3      2       9
    7         28     23     16     25      1      1      3      14
    8         25     20     26     17      7      6     12      16
    9         15     14     25     22     19     10     19      18
   10         26     24     33     30     40      5     23      26
   11         27     18     28     51     43     16     29      30
   12         24     40     43     40     41     45     16      36
   13         39     37     50     41     37     34      6      35
   14         37     38     37     39     46     28      4      33
   15         50     36     32     36     30     24      6      31
   16         44     32     45     31     24     23      2      29
   17         30     30     29     16     17     19      8      21
   18         17     23     34     11     10     16      4      16
   19         24     18     18     26      2     14      2      15
   20         21     15     10     13      2      8      5      11
   21          7      4      3      3      0      2      3       3
   22          4      3      5      1      1      1      4       3
   23          1      0      0      2      1      1      3       1
 
TOTALS
 
12HR 7-19    362    335    398    359    315    227    132     304
16HR 6-22    427    385    443    409    326    254    144     341
18HR 6-24    432    388    448    412    328    256    151     345
24HR 0-24    446    397    456    420    332    256    153     351
 
 
 
 
*LOCATION   : ............................................................
*SITE NUMBER: 11604901
*FILE NUMBER:        8
*INTERVAL   :   15 MIN
*BATTERY    :    6.1 V
*RESTARTS   :        0
*CONFIG     :        0
*CHANNEL    :  1 OF  1
 
             TUE    WED    THU    FRI    SAT    SUN    MON    7-DAY
DATE    07/12/25     26     27     28     29     30     31   AVERAGE
 
START HOUR
 
    0          0      0      0      0      0      0      0       0
    1          0      0      0      0      0      0      0       0
    2          0      0      0      0      1      0      0       0
    3          0      0      0      0      1      0      0       0
    4          0      2      1      0      0      0      1       1
    5          0      0      3      5      0      0      6       2
    6          0      0     12      6      1      2      6       4
    7          2      3     17     14      2      2     13       8
    8          1      0     18     14      6      0     14       8
    9          0      7     16     19     14      3     12      10
   10          4      4     11     16     24      2     30      13
   11          3      5     15     29     21      5     34      16
   12          7     14     37     35     26     13     34      24
   13          8     11     44     28     39     21     29      26
   14          6      4     47     28     35     24     36      26
   15          9     14     35     35     31     20     54      28
   16          8      5     31     34     20     18     37      22
   17          5      7     25     22     21     14     28      17
   18          2      3     13     22      9      5      9       9
   19          0      6     14     12      7      5      4       7
   20          3      2     10     14      6      3      3       6
   21          1      3      1      6      1      1      2       2
   22          0      1      1      0      1      2      0       1
   23          0      0      2      0      1      1      3       1
 
TOTALS
 
12HR 7-19     55     77    309    296    248    127    330     206
16HR 6-22     59     88    346    334    263    138    345     225
18HR 6-24     59     89    349    334    265    141    348     226
24HR 0-24     59     91    353    339    267    141    355     229
 
 
 
 
*LOCATION   : ............................................................
*SITE NUMBER: 11604901
*FILE NUMBER:        8
*INTERVAL   :   15 MIN
*BATTERY    :    6.1 V
*RESTARTS   :        0
*CONFIG     :        0
*CHANNEL    :  1 OF  1
 
             TUE    WED    THU    FRI    SAT    SUN    MON    7-DAY
DATE    08/01/01     02     03     04     05     06     07   AVERAGE
 
START HOUR
 
    0          0      3      -      -      -      -      -       -
    1          4      0      -      -      -      -      -       -
    2          1      0      -      -      -      -      -       -
    3          0      0      -      -      -      -      -       -
    4          1      1      -      -      -      -      -       -
    5          0      8      -      -      -      -      -       -
    6          0     12      -      -      -      -      -       -
    7          3     16      -      -      -      -      -       -
    8          3     16      -      -      -      -      -       -
    9          0     15      -      -      -      -      -       -
   10          6     16      -      -      -      -      -       -
   11          4     17      -      -      -      -      -       -
   12          7     21      -      -      -      -      -       -
   13          4     18      -      -      -      -      -       -
   14          2      -      -      -      -      -      -       -
   15          7      -      -      -      -      -      -       -
   16          2      -      -      -      -      -      -       -
   17          4      -      -      -      -      -      -       -
   18          7      -      -      -      -      -      -       -
   19          1      -      -      -      -      -      -       -
   20          3      -      -      -      -      -      -       -
   21          2      -      -      -      -      -      -       -
   22          1      -      -      -      -      -      -       -
   23          0      -      -      -      -      -      -       -
 
TOTALS
 
12HR 7-19     49      -      -      -      -      -      -       -
16HR 6-22     55      -      -      -      -      -      -       -
18HR 6-24     56      -      -      -      -      -      -       -
24HR 0-24     62      -      -      -      -      -      -       -
 
